0.155981 0.180071 0.660749 0.459682 
0.999770 0.995992 0.999999 0.998538 
0.999770 0.995992 0.999999 0.998538 
0.259918 -0.335096 0.959587 0.066943 
0.259918 -0.335096 0.959587 0.066943 
0.259918 -0.335096 0.959587 0.066943 
0.259918 -0.335096 0.959587 0.066943 
0.222292 -0.362090 0.878483 0.340030 
0.222292 -0.362090 0.878483 0.340030 
0.999627 0.999996 0.995804 0.998052 
0.300071 -0.348404 0.961637 0.043549 
0.300071 -0.348404 0.961637 0.043549 
0.299990 -0.348315 0.961637 0.043537 
0.426425 0.124979 0.995292 0.424707 
0.426425 0.124979 0.995292 0.424707 
0.186503 0.249296 0.999109 0.207977 
0.016793 -0.008801 0.997995 0.005116 
0.016793 -0.008801 0.997995 0.005116 
-0.026776 0.006266 0.997885 0.028575 
-0.026776 0.006266 0.997885 0.028575 
-0.026776 0.006266 0.997885 0.028575 
-0.026776 0.006266 0.997885 0.028575 
-0.026776 0.006266 0.997885 0.028575 
-0.124298 0.175064 0.997898 -0.011008 
-0.124298 0.175064 0.997898 -0.011008 
-0.099807 0.330916 0.997915 -0.024343 
-0.099807 0.330916 0.997915 -0.024343 
-0.099807 0.330916 0.997915 -0.024343 
-0.124297 0.175071 0.997898 -0.011008 
-0.112884 0.249441 0.997906 -0.017233 
-0.112884 0.249441 0.997906 -0.017233 
-0.026776 0.006266 0.997885 0.028577 
-0.026776 0.006266 0.997885 0.028575 
-0.026776 0.006266 0.997885 0.028575 
0.185174 0.339187 0.999305 0.360718 
0.185174 0.339187 0.999305 0.360718 
