0.193155 0.168116 0.925796 -0.269707 5655.900153 5774.950129 5690.400135 
0.855180 0.778882 0.565772 -0.422403 5592.600153 5829.000128 5780.950138 
0.855180 0.778882 0.565772 -0.422403 5529.300154 5883.050127 5871.500141 
0.008688 0.028084 0.909667 0.046791 5529.300154 5883.050127 5871.500141 
-0.261972 -0.660375 0.810314 0.033843 5497.100153 5891.950127 5796.100140 
-0.029395 -0.523709 0.631527 -0.111537 5462.100153 5900.500127 5703.200138 
-0.029395 -0.523709 0.631527 -0.111537 5427.100153 5909.050127 5610.300137 
-0.026585 0.061415 0.966705 -0.027679 5427.100153 5909.050127 5610.300137 
0.184702 -0.217391 0.857801 -0.043544 5416.800153 5941.800127 5559.450138 
0.375837 -0.057182 0.905409 0.208019 5423.300153 5952.800127 5472.200138 
0.375837 -0.057182 0.905409 0.208019 5429.800153 5963.800127 5384.950138 
0.029072 0.024655 0.966452 0.020842 5785.750165 6383.200121 5523.850132 
-0.025991 -0.007731 0.883091 -0.000954 6185.150159 6773.200121 5564.800133 
-0.025991 -0.007731 0.883091 -0.000954 6584.550153 7163.200121 5605.750134 
0.301253 -0.098339 0.813144 0.528911 6584.550153 7163.200121 5605.750134 
0.331102 0.053112 0.895565 0.021417 6626.350152 7134.000120 5518.500134 
0.043010 -0.052163 0.864648 0.166111 6681.800153 7098.100119 5403.250134 
0.043010 -0.052163 0.864648 0.166111 6737.250154 7062.200117 5288.000134 
