0.726329 -0.168543 0.867271 0.126400 
0.726329 -0.168543 0.867271 0.126400 
0.726329 -0.168543 0.867271 0.126400 
0.726329 -0.168543 0.867271 0.126400 
0.709289 -0.154734 0.899697 0.087161 
0.709289 -0.154734 0.899697 0.087161 
0.709289 -0.154734 0.899697 0.087161 
0.359098 0.311307 0.929804 0.127571 
0.317621 0.282243 0.973164 0.150107 
0.109112 -0.195350 0.941703 -0.272228 
0.109112 -0.195350 0.941703 -0.272228 
-0.974066 -0.995253 -0.336971 -0.995131 
-0.988309 -0.997530 -0.283855 -0.998312 
-0.988309 -0.997530 -0.283855 -0.998312 
-0.971843 -0.993158 -0.656231 -0.999366 
-0.959752 -0.995493 -0.519563 -0.999466 
-0.982479 -0.997352 -0.804811 -0.999838 
-0.982479 -0.997352 -0.804811 -0.999838 
-0.964270 -0.989367 -0.744823 -0.999276 
-0.964270 -0.989367 -0.744823 -0.999276 
-0.964270 -0.989367 -0.744823 -0.999276 
-0.170434 -0.949373 -0.407965 -0.885822 
-0.795165 -0.930798 -0.272073 -0.907128 
-0.754589 -0.939082 -0.035774 -0.896749 
-0.754589 -0.939082 -0.035774 -0.896749 
-0.549354 -0.023491 0.525524 -0.507066 
