0.726329 -0.168543 0.867271 0.126400 
0.709289 -0.154734 0.899697 0.087161 
0.709289 -0.154734 0.899697 0.087161 
0.709289 -0.154734 0.899697 0.087161 
0.709289 -0.154734 0.899697 0.087161 
0.709289 -0.154734 0.899697 0.087161 
-0.027270 0.005043 0.925298 -0.021477 
-0.027270 0.005043 0.925298 -0.021477 
0.523532 -0.101920 0.909046 0.051027 
-0.074173 -0.026793 0.971401 0.001478 
-0.074173 -0.026793 0.971401 0.001478 
-0.666080 -0.036815 0.956829 -0.369767 
-0.465889 0.357893 0.894109 0.135059 
-0.466754 0.355739 0.893707 0.132922 
-0.466754 0.355739 0.893707 0.132922 
-0.619540 -0.113058 0.780292 -0.286390 
-0.619539 -0.113058 0.780292 -0.286389 
-0.745158 -0.545443 0.556414 -0.644880 
-0.745158 -0.545443 0.556414 -0.644880 
-0.745162 -0.545457 0.556403 -0.644890 
-0.465889 0.357893 0.894109 0.135059 
-0.465889 0.357893 0.894109 0.135059 
-0.465889 0.357893 0.894109 0.135059 
-0.465889 0.357893 0.894109 0.135059 
-0.482028 -0.333964 0.795183 -0.364607 
-0.280234 0.149842 0.905834 0.089364 
-0.280234 0.149842 0.905834 0.089364 
-0.096400 -0.037606 0.766762 0.039283 
-0.544682 0.756226 0.787847 0.226252 
-0.544682 0.756226 0.787847 0.226252 
