0.726329 -0.168543 0.867271 0.126400 
0.726329 -0.168543 0.867271 0.126400 
0.726329 -0.168543 0.867271 0.126400 
0.726329 -0.168543 0.867271 0.126400 
0.007701 -0.009105 0.900721 0.018194 
0.007701 -0.009105 0.900721 0.018194 
0.007701 -0.009105 0.900721 0.018194 
0.007701 -0.009105 0.900721 0.018194 
0.007694 -0.009102 0.900727 0.018185 
-0.027452 0.005075 0.925302 -0.021499 
-0.027452 0.005075 0.925302 -0.021499 
-0.027452 0.005075 0.925302 -0.021499 
-0.027452 0.005075 0.925302 -0.021499 
0.049895 0.045293 0.980837 0.034039 
0.049895 0.045293 0.980837 0.034039 
-0.027452 0.005075 0.925302 -0.021499 
0.040016 -0.047218 0.970514 0.103517 
-0.008279 0.001399 0.984134 -0.000467 
-0.008279 0.001399 0.984134 -0.000467 
-0.085464 -0.038831 0.937855 -0.055962 
0.007701 -0.009105 0.900721 0.018194 
0.007701 -0.009105 0.900721 0.018194 
0.007701 -0.009105 0.900721 0.018194 
0.005095 -0.103143 0.849884 0.094717 
0.005095 -0.103143 0.849884 0.094717 
0.005095 -0.103143 0.849884 0.094717 
0.005095 -0.103143 0.849884 0.094717 
0.071006 -0.075171 0.914371 0.092790 
0.005095 -0.103143 0.849884 0.094717 
0.005095 -0.103143 0.849884 0.094717 
0.005095 -0.103143 0.849884 0.094717 
0.005095 -0.103143 0.849884 0.094717 
0.005095 -0.103143 0.849884 0.094717 
0.005095 -0.103143 0.849884 0.094717 
0.005095 -0.103143 0.849884 0.094717 
0.005095 -0.103143 0.849884 0.094717 
0.005095 -0.103143 0.849884 0.094717 
0.005095 -0.103143 0.849884 0.094717 
0.005095 -0.103143 0.849884 0.094717 
0.005095 -0.103143 0.849884 0.094717 
0.005095 -0.103143 0.849884 0.094717 
0.005095 -0.103143 0.849884 0.094717 
0.005095 -0.103143 0.849884 0.094717 
0.005095 -0.103143 0.849884 0.094717 
0.005095 -0.103143 0.849884 0.094717 
