0.726329 -0.168543 0.867271 0.126400 
0.726329 -0.168543 0.867271 0.126400 
0.726329 -0.168543 0.867271 0.126400 
0.726329 -0.168543 0.867271 0.126400 
-0.027452 0.005075 0.925302 -0.021499 
-0.027452 0.005075 0.925302 -0.021499 
-0.027452 0.005075 0.925302 -0.021499 
-0.027452 0.005075 0.925302 -0.021499 
-0.263939 0.044128 0.898707 -0.044533 
-0.627712 -0.008632 0.975971 -0.371444 
-0.970459 -0.994978 -0.052797 -0.995150 
-0.970459 -0.994978 -0.052797 -0.995150 
-0.988309 -0.997530 -0.283855 -0.998312 
-0.994495 -0.933708 -0.065574 -0.998196 
-0.994495 -0.933708 -0.065574 -0.998196 
-0.980076 -0.922592 0.070886 -0.994997 
-0.951422 -0.802892 0.496327 -0.987935 
-0.946783 -0.805917 0.491177 -0.986882 
-0.946783 -0.805917 0.491177 -0.986882 
-0.873131 -0.973790 -0.346698 -0.955164 
-0.873603 -0.973884 -0.348452 -0.955376 
-0.873766 -0.973794 -0.348166 -0.955548 
-0.873766 -0.973794 -0.348166 -0.955548 
-0.795165 -0.930798 -0.272073 -0.907128 
-0.699271 -0.826288 0.116304 -0.793401 
-0.699271 -0.826288 0.116304 -0.793401 
-0.427272 -0.665779 0.483108 -0.523558 
-0.427272 -0.665779 0.483108 -0.523557 
