0.726329 -0.168543 0.867271 0.126400 
0.726329 -0.168543 0.867271 0.126400 
0.709289 -0.154734 0.899697 0.087161 
0.709289 -0.154734 0.899697 0.087161 
-0.027452 0.005075 0.925302 -0.021499 
0.049895 0.045293 0.980837 0.034039 
-0.071581 0.067503 0.981498 -0.075186 
-0.071581 0.067503 0.981498 -0.075186 
-0.074173 -0.026793 0.971401 0.001478 
-0.008279 0.001399 0.984134 -0.000467 
-0.008279 0.001399 0.984134 -0.000467 
0.007701 -0.009105 0.900721 0.018194 
0.005095 -0.103143 0.849884 0.094717 
0.005095 -0.103143 0.849884 0.094717 
0.005095 -0.103143 0.849884 0.094717 
0.005095 -0.103143 0.849884 0.094717 
0.005095 -0.103143 0.849884 0.094717 
0.005095 -0.103143 0.849884 0.094717 
0.005095 -0.103143 0.849884 0.094717 
0.005095 -0.103143 0.849884 0.094717 
0.005095 -0.103143 0.849884 0.094717 
0.005095 -0.103143 0.849884 0.094717 
0.725095 -0.258568 0.801097 0.201107 
0.725095 -0.258568 0.801097 0.201107 
0.725095 -0.258568 0.801097 0.201107 
0.725095 -0.258568 0.801097 0.201107 
0.387116 0.210224 0.858597 0.240000 
-0.465800 0.357876 0.894106 0.135073 
-0.465889 0.357893 0.894109 0.135059 
-0.465889 0.357893 0.894109 0.135059 
0.218232 -0.315667 0.866147 0.048712 
-0.002818 -0.108524 0.816492 0.078311 
