0.578963 -0.205392 0.872082 0.111743 
0.726329 -0.168543 0.867271 0.126400 
0.726329 -0.168543 0.867271 0.126400 
0.726329 -0.168543 0.867271 0.126400 
0.726329 -0.168543 0.867271 0.126400 
0.726329 -0.168543 0.867271 0.126400 
0.726329 -0.168543 0.867271 0.126400 
-0.027108 0.004937 0.925093 -0.021111 
-0.027452 0.005075 0.925302 -0.021499 
-0.027452 0.005075 0.925302 -0.021499 
-0.027452 0.005075 0.925302 -0.021499 
-0.027452 0.005075 0.925302 -0.021499 
-0.074173 -0.026793 0.971401 0.001478 
-0.074173 -0.026793 0.971401 0.001478 
-0.074173 -0.026793 0.971401 0.001478 
-0.074173 -0.026793 0.971401 0.001478 
0.389330 0.298445 0.906632 0.166406 
0.389330 0.298445 0.906632 0.166406 
0.389330 0.298445 0.906632 0.166406 
0.387116 0.210224 0.858597 0.240000 
0.314643 0.029461 0.813993 0.082320 
0.278629 -0.058292 0.788515 0.005026 
0.278629 -0.058292 0.788515 0.005026 
0.186735 -0.267905 0.712404 -0.183638 
-0.218773 -0.791598 0.702302 -0.958659 
-0.218773 -0.791598 0.702302 -0.958659 
-0.218773 -0.791598 0.702302 -0.958659 
0.668420 -0.733110 -0.414441 -0.968337 
0.333634 -0.907407 0.318407 -0.680817 
0.333634 -0.907407 0.318407 -0.680817 
0.166530 -0.760096 0.489422 -0.606840 
-0.488110 -0.338867 0.751228 -0.378919 
