-0.027318 0.005052 0.925299 -0.021483 
-0.027452 0.005075 0.925302 -0.021499 
-0.027452 0.005075 0.925302 -0.021499 
-0.492963 0.370194 0.920259 0.095897 
-0.527748 0.417729 0.980010 0.036843 
-0.666080 -0.036815 0.956829 -0.369767 
-0.666080 -0.036815 0.956829 -0.369767 
-0.778437 -0.489330 0.903038 -0.696271 
-0.823959 -0.897849 0.815563 -0.893678 
-0.823959 -0.897849 0.815563 -0.893678 
-0.619540 -0.113058 0.780292 -0.286390 
-0.465889 0.357893 0.894109 0.135059 
-0.465889 0.357893 0.894109 0.135059 
-0.465889 0.357893 0.894109 0.135059 
-0.465889 0.357893 0.894109 0.135059 
0.005095 -0.103143 0.849884 0.094717 
-0.465889 0.357893 0.894109 0.135059 
-0.465889 0.357893 0.894109 0.135059 
-0.465889 0.357893 0.894109 0.135059 
-0.465889 0.357893 0.894109 0.135059 
-0.465889 0.357893 0.894109 0.135059 
-0.465889 0.357893 0.894109 0.135059 
-0.482060 -0.334040 0.795156 -0.364677 
-0.465888 0.357892 0.894110 0.135059 
-0.465889 0.357893 0.894109 0.135059 
-0.465889 0.357893 0.894109 0.135059 
-0.076406 0.041084 0.842740 0.112438 
0.005095 -0.103143 0.849884 0.094717 
-0.707143 0.949581 0.646851 0.178434 
-0.707143 0.949581 0.646851 0.178434 
