0.453318 0.022064 0.218896 0.331456 
0.453286 0.022201 0.218819 0.331176 
0.453286 0.022201 0.218819 0.331176 
0.220433 0.105582 0.316867 0.334708 
0.099905 -0.129097 0.816742 0.059506 
0.099903 -0.129093 0.816743 0.059502 
0.099903 -0.129093 0.816743 0.059502 
0.082013 -0.081715 0.828991 0.075549 
0.096304 0.044111 0.830434 0.118170 
0.096304 0.044111 0.830434 0.118170 
0.096304 0.044111 0.830434 0.118170 
0.096304 0.044111 0.830434 0.118170 
0.027635 -0.017513 0.839776 -0.064511 
0.027635 -0.017513 0.839776 -0.064511 
0.027635 -0.017513 0.839776 -0.064511 
0.027635 -0.017513 0.839776 -0.064511 
0.053744 0.026552 0.857747 0.034413 
0.064176 0.049489 0.858187 0.048822 
0.064176 0.049489 0.858187 0.048822 
-0.084347 -0.022770 0.835609 -0.080392 
-0.029760 0.017014 0.820977 -0.129183 
-0.029760 0.017014 0.820977 -0.129183 
-0.029760 0.017014 0.820977 -0.129183 
-0.029760 0.017014 0.820977 -0.129183 
-0.029760 0.017014 0.820977 -0.129183 
-0.029760 0.017014 0.820977 -0.129183 
-0.029760 0.017014 0.820977 -0.129183 
