0.709289 -0.154734 0.899697 0.087161 
0.709289 -0.154734 0.899697 0.087161 
0.709289 -0.154734 0.899697 0.087161 
0.709289 -0.154734 0.899697 0.087161 
0.709289 -0.154734 0.899697 0.087161 
0.709289 -0.154734 0.899697 0.087161 
0.709289 -0.154734 0.899697 0.087161 
0.709289 -0.154734 0.899697 0.087161 
-0.150512 -0.066878 0.890074 -0.054081 
-0.525720 0.422868 0.980210 0.042340 
-0.627712 -0.008632 0.975971 -0.371444 
-0.627712 -0.008632 0.975971 -0.371444 
-0.987153 -0.998060 -0.304393 -0.997784 
-0.984592 -0.626129 0.751751 -0.987546 
-0.984592 -0.626129 0.751751 -0.987546 
-0.946162 -0.212819 0.829436 -0.954748 
-0.745162 -0.545457 0.556403 -0.644890 
-0.745162 -0.545457 0.556403 -0.644890 
-0.745162 -0.545457 0.556403 -0.644890 
-0.745162 -0.545457 0.556403 -0.644890 
-0.465889 0.357893 0.894109 0.135059 
-0.465889 0.357893 0.894109 0.135059 
0.005095 -0.103143 0.849884 0.094717 
0.619007 -0.863668 0.270132 0.911753 
0.619007 -0.863668 0.270132 0.911753 
0.005095 -0.103143 0.849884 0.094717 
-0.002818 -0.108524 0.816492 0.078311 
-0.550257 0.753923 0.742607 0.210416 
-0.550257 0.753923 0.742607 0.210416 
