0.007701 -0.009105 0.900721 0.018194 22271.838867 -60833.882812 -499196.144531 
0.007701 -0.009105 0.900721 0.018194 22153.466309 -61239.060547 -500007.416992 
0.007701 -0.009105 0.900721 0.018194 22035.093750 -61644.238281 -500818.689453 
0.007701 -0.009105 0.900721 0.018194 21751.721191 -62150.416016 -501850.961914 
0.007701 -0.009105 0.900721 0.018194 21726.348633 -62404.593750 -503223.234375 
0.007701 -0.009105 0.900721 0.018194 21700.976074 -62658.771484 -504595.506836 
-0.027452 0.005075 0.925302 -0.021499 21685.603516 -62651.949219 -506157.779297 
-0.027452 0.005075 0.925302 -0.021499 21717.230957 -62428.126953 -509023.051758 
-0.027452 0.005075 0.925302 -0.021499 21748.858398 -62204.304688 -511888.324219 
0.049895 0.045293 0.980837 0.034039 21758.485840 -61962.482422 -515227.596680 
0.049895 0.045293 0.980837 0.034039 21907.113281 -62185.660156 -519778.869141 
0.049895 0.045293 0.980837 0.034039 22275.740723 -62799.837891 -524655.141602 
0.049895 0.045293 0.980837 0.034039 22644.368164 -63414.015625 -529531.414062 
0.745677 -0.115224 0.974012 0.141970 23216.995605 -64364.193359 -534709.686523 
0.686607 -0.093184 0.974905 0.033543 24116.623047 -65851.371094 -540924.958984 
0.686607 -0.093184 0.974905 0.033543 25021.250488 -67238.548828 -547530.231445 
0.686607 -0.093184 0.974905 0.033543 25925.877930 -68625.726562 -554135.503906 
0.686607 -0.093184 0.974905 0.033543 26789.505371 -69860.904297 -561177.776367 
0.726329 -0.168543 0.867271 0.126400 27587.132812 -70151.082031 -563112.048828 
0.726329 -0.168543 0.867271 0.126400 28384.760254 -70441.259766 -565046.321289 
0.726329 -0.168543 0.867271 0.126400 29156.387695 -70308.437500 -567023.593750 
0.726329 -0.168543 0.867271 0.126400 30176.015137 -69628.615234 -569080.866211 
0.007701 -0.009105 0.900721 0.018194 31728.642578 -68874.792969 -571253.138672 
0.007659 -0.010622 0.900051 0.019428 33362.270020 -67986.970703 -573454.411133 
0.007659 -0.010622 0.900051 0.019428 34995.897461 -67099.148438 -575655.683594 
0.005168 -0.100520 0.851593 0.092579 36461.524902 -66057.326172 -577823.956055 
0.005095 -0.103143 0.849884 0.094717 37039.152344 -64574.503906 -579725.228516 
0.071006 -0.075171 0.914371 0.092790 37399.779785 -63511.681641 -587328.500977 
0.071006 -0.075171 0.914371 0.092790 37760.407227 -62448.859375 -594931.773438 
0.005095 -0.103143 0.849884 0.094717 37933.034668 -62223.037109 -602146.045898 
0.007701 -0.009105 0.900721 0.018194 38947.662109 -62781.214844 -608068.318359 
0.007701 -0.009105 0.900721 0.018194 39962.289551 -63339.392578 -613990.590820 
0.007701 -0.009105 0.900721 0.018194 41112.916992 -64088.570312 -619698.863281 
0.007701 -0.009105 0.900721 0.018194 42128.544434 -65044.748047 -624980.135742 
0.007701 -0.009105 0.900721 0.018194 42988.171875 -66044.925781 -630113.408203 
0.007701 -0.009105 0.900721 0.018194 43847.799316 -67045.103516 -635246.680664 
0.007701 -0.009105 0.900721 0.018194 44550.426758 -67939.281250 -640219.953125 
0.007701 -0.009105 0.900721 0.018194 44985.054199 -68825.458984 -644340.225586 
0.007701 -0.009105 0.900721 0.018194 45448.681641 -69856.636719 -648204.498047 
0.007701 -0.009105 0.900721 0.018194 45912.309082 -70887.814453 -652068.770508 
