0.283199 0.756481 -0.326754 0.456430 17636.700197 18591.250111 8710.500145 
0.773053 0.389845 -0.088305 -0.066096 17508.200197 18625.200112 8951.200142 
0.773053 0.389845 -0.088305 -0.066096 17379.700197 18659.150113 9191.900139 
-0.014746 -0.146268 0.981898 0.039502 17379.700197 18659.150113 9191.900139 
0.008715 -0.254346 0.952271 0.131346 17372.400197 18671.250113 9042.700142 
-0.391378 -0.136992 0.942119 -0.052859 17363.100196 18683.450113 8830.450142 
-0.391378 -0.136992 0.942119 -0.052859 17353.800196 18695.650113 8618.200142 
0.454415 0.220547 0.920780 0.441877 17711.200190 19152.450101 8851.550148 
0.006276 0.007839 0.963163 0.008497 18100.950190 19595.100095 8943.750145 
-0.041440 -0.060346 0.856937 0.108933 18498.650202 20027.450101 8996.300144 
-0.041440 -0.060346 0.856937 0.108933 18896.350215 20459.800107 9048.850143 
0.091761 -0.056551 0.920243 0.229340 18896.350215 20459.800107 9048.850143 
-0.173318 0.161860 0.930764 0.154424 18915.950215 20451.000107 8948.100143 
-0.173318 0.161860 0.930764 0.154424 18935.550215 20442.200106 8847.350143 
-0.263810 0.123239 0.393902 0.463638 18935.550215 20442.200106 8847.350143 
0.365124 -0.282861 0.948475 0.215550 18977.100215 20458.700106 8757.850143 
0.365124 -0.282861 0.948475 0.215550 19018.650214 20475.200106 8668.350143 
0.134340 0.075786 -0.031085 0.576933 19018.650214 20475.200106 8668.350143 
-0.164808 0.984565 0.140329 0.040832 19021.250214 20489.650106 8743.600143 
