0.052688 -0.322460 0.931889 0.047631 18980.050213 20530.250105 9014.700150 
0.331344 -0.175485 0.840387 -0.307548 18963.800213 20545.800105 9234.050156 
-0.250927 0.240797 0.908637 -0.162549 18976.500213 20542.250105 9391.900162 
-0.250927 0.240797 0.908637 -0.162549 18989.200213 20538.700105 9549.750168 
0.040262 0.033980 0.980864 -0.108234 18989.200213 20538.700105 9549.750168 
-0.178815 0.061542 0.960136 0.022831 18982.700213 20533.650105 9427.850166 
-0.178815 0.061542 0.960136 0.022831 18976.200213 20528.600105 9305.950165 
-0.016341 -0.010069 0.963876 0.008249 19375.400225 20922.850105 9522.950165 
0.006630 0.009564 0.963133 0.007260 19783.000231 21318.100105 9650.400162 
0.077821 0.000448 0.926492 -0.085351 20196.200243 21700.700111 9733.950165 
0.077821 0.000448 0.926492 -0.085351 20609.400255 22083.300117 9817.500168 
0.127661 -0.090715 0.823423 -0.078408 21025.350268 22457.950111 9857.900169 
0.020118 0.310213 0.690156 0.089699 21025.350268 22457.950111 9857.900169 
0.468668 -0.019533 0.906137 -0.149607 21024.400268 22458.650111 9834.150169 
0.468668 -0.019533 0.906137 -0.149607 21023.450268 22459.350111 9810.400169 
0.195653 0.325590 0.452937 0.016360 21023.450268 22459.350111 9810.400169 
0.788530 -0.383362 0.598777 0.278105 21017.450268 22461.750111 9784.650169 
0.762746 -0.320749 0.442911 0.193480 21009.100267 22465.350111 9755.150169 
0.764134 -0.375317 0.334365 0.299241 21001.300267 22468.750111 9729.900169 
0.764134 -0.375317 0.334365 0.299241 20993.500267 22472.150111 9704.650169 
0.642256 0.161274 0.066933 0.039976 20993.500267 22472.150111 9704.650169 
0.598510 0.890772 -0.136634 -0.151128 20986.550267 22463.500111 9735.650169 
0.191528 0.948944 0.033701 -0.447187 20974.350267 22445.300110 9778.900169 
