0.709289 -0.154734 0.899697 0.087161 
0.709289 -0.154734 0.899697 0.087161 
0.709289 -0.154734 0.899697 0.087161 
-0.074173 -0.026793 0.971401 0.001478 
-0.525716 0.422864 0.980210 0.042340 
-0.666080 -0.036815 0.956829 -0.369767 
-0.666080 -0.036815 0.956829 -0.369767 
-0.796291 -0.914030 0.529548 -0.940870 
-0.586878 0.228624 0.949108 -0.888669 
-0.586878 0.228624 0.949108 -0.888669 
-0.362991 0.160927 0.892484 -0.857596 
-0.619540 -0.113058 0.780292 -0.286390 
-0.745160 -0.545451 0.556408 -0.644886 
-0.745160 -0.545451 0.556408 -0.644886 
-0.745162 -0.545457 0.556403 -0.644890 
-0.745162 -0.545457 0.556403 -0.644890 
-0.635002 -0.680798 0.596725 -0.670581 
-0.635002 -0.680798 0.596725 -0.670581 
-0.482060 -0.334040 0.795156 -0.364677 
-0.482060 -0.334040 0.795156 -0.364677 
-0.280234 0.149842 0.905834 0.089364 
-0.280234 0.149842 0.905834 0.089364 
0.005095 -0.103143 0.849884 0.094717 
0.005095 -0.103143 0.849884 0.094717 
0.005095 -0.103143 0.849884 0.094717 
0.005095 -0.103143 0.849884 0.094717 
-0.104233 -0.043039 0.717703 0.022770 
