0.726329 -0.168543 0.867271 0.126400 
0.306315 0.273790 0.964906 -0.766199 
0.306315 0.273790 0.964906 -0.766199 
0.306315 0.273790 0.964906 -0.766199 
0.709289 -0.154734 0.899697 0.087161 
0.709289 -0.154734 0.899697 0.087161 
0.709289 -0.154734 0.899697 0.087161 
-0.028856 -0.045786 0.906215 0.019901 
-0.074173 -0.026793 0.971401 0.001478 
-0.074173 -0.026793 0.971401 0.001478 
-0.074173 -0.026793 0.971401 0.001478 
-0.941808 -0.982791 0.297664 -0.986118 
-0.860050 0.312578 0.919853 -0.883844 
-0.860050 0.312578 0.919853 -0.883844 
-0.860050 0.312578 0.919853 -0.883844 
-0.910641 -0.173184 0.824132 -0.953133 
-0.533373 -0.907563 0.408998 -0.983024 
-0.533369 -0.907562 0.409004 -0.983023 
-0.533369 -0.907562 0.409004 -0.983023 
-0.512636 -0.874426 0.449393 -0.735001 
-0.482060 -0.334040 0.795156 -0.364677 
-0.465889 0.357893 0.894109 0.135059 
-0.465889 0.357893 0.894109 0.135059 
-0.465889 0.357893 0.894109 0.135059 
0.210313 -0.680283 0.432778 0.918402 
-0.465889 0.357893 0.894109 0.135059 
-0.465889 0.357893 0.894109 0.135059 
-0.617247 0.780977 0.612527 0.156609 
-0.712980 0.952864 0.662443 0.155312 
