0.726329 -0.168543 0.867271 0.126400 
0.726329 -0.168543 0.867271 0.126400 
0.726329 -0.168543 0.867271 0.126400 
0.726329 -0.168543 0.867271 0.126400 
0.726329 -0.168543 0.867271 0.126400 
0.709290 -0.154735 0.899695 0.087163 
0.670668 -0.142005 0.902043 0.078422 
0.670668 -0.142005 0.902043 0.078422 
-0.027452 0.005075 0.925302 -0.021499 
-0.027441 0.005081 0.925316 -0.021491 
0.049895 0.045293 0.980837 0.034039 
0.049895 0.045293 0.980837 0.034039 
-0.027452 0.005075 0.925302 -0.021499 
0.049895 0.045293 0.980837 0.034039 
-0.074173 -0.026793 0.971401 0.001478 
-0.074173 -0.026793 0.971401 0.001478 
-0.074173 -0.026793 0.971401 0.001478 
-0.008279 0.001399 0.984134 -0.000467 
0.168904 -0.473677 0.976169 -0.126516 
0.168904 -0.473677 0.976169 -0.126516 
-0.465889 0.357893 0.894109 0.135059 
-0.463848 0.437218 0.930504 0.059086 
-0.465889 0.357893 0.894109 0.135059 
-0.465889 0.357893 0.894109 0.135059 
-0.465889 0.357893 0.894109 0.135059 
-0.465889 0.357893 0.894109 0.135059 
-0.465889 0.357893 0.894109 0.135059 
-0.465889 0.357893 0.894109 0.135059 
0.005095 -0.103143 0.849884 0.094717 
-0.465889 0.357893 0.894109 0.135059 
-0.465889 0.357893 0.894109 0.135059 
-0.465889 0.357893 0.894109 0.135059 
0.005095 -0.103143 0.849884 0.094717 
-0.544716 0.756262 0.787873 0.226158 
-0.544679 0.756223 0.787845 0.226260 
-0.544679 0.756223 0.787845 0.226260 
-0.187433 0.672395 -0.026082 0.945829 
-0.659701 0.946500 0.779112 0.209046 
-0.048603 0.472336 0.770501 -0.001057 
-0.048603 0.472336 0.770501 -0.001057 
-0.104233 -0.043039 0.717703 0.022770 
