-0.019944 0.101171 0.760377 0.401762 -7881.372559 -8012.177734 -8354.272461 
-0.954785 -0.399873 -1.000000 -0.090168 -15762.745117 -16024.355469 -16708.544922 
0.768727 0.915772 -0.071432 -0.037354 -7261.118164 -7653.533203 -8679.817383 
0.768727 0.915772 -0.071432 -0.037354 1240.508789 717.289062 -651.089844 
0.768727 0.915772 -0.071432 -0.037354 9742.135742 9088.111328 7377.637695 
0.768727 0.915772 -0.071432 -0.037354 18243.762695 17458.933594 15406.365234 
0.768727 0.915772 -0.071432 -0.037354 26745.389648 25829.755859 23435.092773 
-0.517770 0.986093 -0.998253 0.293107 18933.017090 17892.578125 24979.820312 
0.927916 0.884777 -0.810904 0.919100 17292.644531 17944.400391 29358.547852 
0.927916 0.884777 -0.810904 0.919100 15652.271973 17996.222656 33737.275391 
0.927916 0.884777 -0.810904 0.919100 14156.899414 18201.044922 38466.002930 
0.927916 0.884777 -0.810904 0.919100 13409.526855 18692.867188 42869.730469 
0.926323 0.888836 -0.805547 0.915489 13012.154297 19197.689453 46785.458008 
0.926323 0.888836 -0.805547 0.915489 12614.781738 19702.511719 50701.185547 
0.678228 0.945075 -0.185979 0.102800 12651.409180 20182.333984 55711.913086 
0.016062 0.977372 0.490613 -0.819739 14066.036621 20752.156250 61555.640625 
0.016062 0.977372 0.490613 -0.819739 15947.664062 21262.978516 67586.368164 
0.016062 0.977372 0.490613 -0.819739 17829.291504 21773.800781 73617.095703 
0.739789 0.567003 0.549449 -0.810125 20197.918945 22154.623047 79804.823242 
0.760958 0.530108 0.437178 -0.808097 23751.546387 22022.445312 85752.550781 
0.760958 0.530108 0.437178 -0.808097 27305.173828 21890.267578 91700.278320 
0.520342 0.696786 0.719136 -0.807869 31244.801270 21661.089844 97394.005859 
0.795675 0.365351 0.616624 -0.821610 36562.428711 21095.912109 101570.733398 
0.795675 0.365351 0.616624 -0.821610 42262.056152 20501.734375 105134.460938 
0.795675 0.365351 0.616624 -0.821610 47961.683594 19907.556641 108698.188477 
0.795675 0.365351 0.616624 -0.821610 53950.311035 19209.378906 111549.916016 
-0.091043 -0.197037 0.981354 -0.885446 60059.938477 17796.201172 111749.643555 
-0.533837 0.266401 0.987063 -0.876394 66118.565918 16281.023438 110957.371094 
-0.533837 0.266401 0.987063 -0.876394 72177.193359 14765.845703 110165.098633 
-0.533837 0.266401 0.987063 -0.876394 78213.820801 13166.667969 108574.826172 
-0.699197 -0.197780 0.973550 -0.953173 83834.448242 11712.490234 104630.553711 
-0.699197 -0.197780 0.973550 -0.953173 89455.075684 10258.312500 100686.281250 
-0.507960 -0.479198 0.978446 -0.924861 94945.703125 8727.134766 96062.008789 
-0.710545 -0.966061 0.557835 -0.951689 99368.330566 6533.957031 89881.736328 
-0.549783 -0.914808 0.757646 -0.872643 103368.958008 3984.779297 83363.463867 
-0.549783 -0.914808 0.757646 -0.872643 107369.585449 1435.601562 76845.191406 
-0.588665 -0.914259 0.035169 -0.873089 110914.212891 -1510.576172 70034.918945 
-0.780384 -0.958229 -0.698750 -0.931588 112553.840332 -5133.753906 62868.646484 
-0.886185 -0.978088 -0.876616 -0.957233 113342.467773 -8755.931641 55891.374023 
-0.886185 -0.978088 -0.876616 -0.957233 114131.095215 -12378.109375 48914.101562 
-0.977834 -0.994490 -0.989666 -0.967664 114112.722656 -15951.287109 42241.829102 
-0.981389 -0.959620 -0.999975 -0.993103 111747.350098 -19635.464844 37146.556641 
-0.978360 -0.579960 -0.999936 -0.981572 108737.977539 -23392.642578 32753.284180 
-0.978360 -0.579960 -0.999936 -0.981572 105728.604980 -27149.820312 28360.011719 
-0.886928 0.778960 -0.997743 -0.624280 102249.232422 -30973.998047 24565.739258 
-0.697507 0.593110 -0.999379 0.656832 97768.859863 -34858.175781 22479.466797 
-0.095596 0.891091 -0.995012 0.872647 93194.487305 -38727.353516 20929.194336 
-0.095596 0.891091 -0.995012 0.872647 88620.114746 -42596.531250 19378.921875 
0.255533 0.941407 -0.985106 0.920319 83991.742188 -46461.708984 18326.649414 
0.354894 0.934126 -0.970064 0.930665 79223.369629 -49903.886719 19089.376953 
0.354894 0.934126 -0.970064 0.930665 74419.997070 -53102.064453 20571.104492 
0.354894 0.934126 -0.970064 0.930665 69616.624512 -56300.242188 22052.832031 
0.856609 0.831593 -0.872817 0.925029 64743.251953 -59118.419922 24304.559570 
0.926262 0.892046 -0.801350 0.915325 59955.879395 -60844.597656 28747.287109 
0.926262 0.892046 -0.801350 0.915325 55417.506836 -62294.775391 33779.014648 
0.926262 0.892046 -0.801350 0.915325 50879.134277 -63744.953125 38810.742188 
