0.836825 0.948967 -0.227169 0.427299 
0.865678 0.950405 -0.593051 0.833669 
0.865676 0.950405 -0.593028 0.833651 
0.865676 0.950405 -0.593028 0.833651 
0.865679 0.950405 -0.593044 0.833666 
0.806044 0.982211 -0.563643 0.828827 
0.210187 0.994450 -0.524464 0.821615 
0.210187 0.994450 -0.524464 0.821615 
0.210189 0.994450 -0.524463 0.821615 
0.210189 0.994450 -0.524463 0.821615 
0.301830 0.992202 -0.526668 0.834069 
0.301830 0.992202 -0.526668 0.834069 
0.240333 0.990188 -0.525863 0.832771 
0.399415 0.995201 0.082976 0.247530 
0.399415 0.995201 0.082976 0.247530 
0.800924 0.987891 -0.120794 0.544248 
0.555348 0.955264 -0.203593 0.364417 
0.547385 0.874950 -0.201746 0.363877 
0.547385 0.874950 -0.201746 0.363877 
0.928474 0.980716 0.618020 0.846812 
0.932577 0.992016 0.630693 0.845929 
0.932577 0.992016 0.630693 0.845929 
0.932577 0.992016 0.630693 0.845929 
0.973495 0.983820 0.888613 0.650526 
0.998819 0.796464 0.744981 0.765884 
0.998862 0.803091 0.928348 0.499237 
0.998862 0.803091 0.928348 0.499237 
0.995368 0.796927 0.951478 0.168034 
0.941360 0.368480 0.997824 0.848130 
0.960461 0.613664 0.999296 0.921516 
0.960461 0.613664 0.999296 0.921516 
0.970580 0.644114 0.999751 0.951389 
0.858114 0.887526 0.999888 0.865752 
0.857701 0.887900 0.999888 0.865700 
0.857701 0.887900 0.999888 0.865700 
0.812699 0.819094 0.999807 0.761564 
0.808128 0.822549 0.999982 0.793101 
0.713077 0.610327 0.999984 0.584902 
0.713077 0.610327 0.999984 0.584902 
0.941956 0.898086 0.999851 -0.349578 
0.941956 0.898086 0.999851 -0.349578 
0.929820 0.926453 0.999852 -0.383829 
0.929820 0.926453 0.999852 -0.383829 
0.979330 0.983532 0.997576 0.609364 
0.806784 0.988124 0.995817 0.184937 
0.855730 0.997646 0.985404 0.752335 
0.855730 0.997646 0.985404 0.752335 
0.712437 0.996814 0.817560 0.346670 
-0.254723 0.998767 0.127131 0.027207 
-0.254723 0.998767 0.127131 0.027207 
-0.039812 0.992495 0.008944 -0.071815 
0.917319 0.999821 -0.039837 0.986897 
0.917455 0.999822 -0.038594 0.986911 
0.917455 0.999822 -0.038594 0.986911 
0.949967 0.999956 0.207559 0.989278 
0.911475 0.999644 -0.185248 0.981714 
0.911475 0.999644 -0.185248 0.981714 
0.883037 0.999898 -0.181475 0.981518 
0.966950 0.999883 0.365597 0.993384 
0.972761 0.999836 0.362954 0.993886 
0.972761 0.999836 0.362954 0.993886 
