-0.974163 0.989386 -0.995172 -0.980508 
0.973120 -0.992591 0.998860 0.997646 
-0.962904 0.997097 -0.995413 -0.979879 
-0.966129 0.998796 -0.997870 -0.989980 
-0.966129 0.998796 -0.997870 -0.989980 
-0.966129 0.998796 -0.997870 -0.989980 
-0.971738 0.992544 -0.994972 -0.980959 
0.973582 -0.991163 0.998912 0.997690 
-0.962463 0.997200 -0.995495 -0.979936 
-0.966129 0.998796 -0.997870 -0.989980 
-0.966129 0.998796 -0.997870 -0.989980 
-0.966129 0.998796 -0.997870 -0.989980 
-0.971738 0.992544 -0.994972 -0.980959 
0.973582 -0.991163 0.998912 0.997690 
-0.962463 0.997200 -0.995495 -0.979936 
-0.966129 0.998796 -0.997870 -0.989980 
-0.966129 0.998796 -0.997870 -0.989980 
-0.966129 0.998796 -0.997870 -0.989980 
-0.967650 0.995528 -0.994876 -0.980521 
0.974023 -0.989050 0.998981 0.997701 
-0.962041 0.997294 -0.995578 -0.980015 
-0.966129 0.998796 -0.997870 -0.989980 
-0.966129 0.998796 -0.997870 -0.989980 
-0.966129 0.998796 -0.997870 -0.989980 
-0.966995 0.995819 -0.994906 -0.980360 
0.974023 -0.989050 0.998981 0.997701 
-0.962041 0.997294 -0.995578 -0.980015 
-0.966129 0.998796 -0.997870 -0.989980 
-0.966129 0.998796 -0.997870 -0.989980 
-0.966129 0.998796 -0.997870 -0.989980 
-0.966995 0.995819 -0.994906 -0.980360 
0.974023 -0.989050 0.998981 0.997701 
-0.962041 0.997294 -0.995578 -0.980015 
-0.966129 0.998796 -0.997870 -0.989980 
-0.966129 0.998796 -0.997870 -0.989980 
-0.966129 0.998796 -0.997870 -0.989980 
-0.963732 0.996890 -0.995270 -0.979843 
0.977524 -0.957032 0.999355 0.997057 
-0.961637 0.997381 -0.995659 -0.980113 
-0.966129 0.998796 -0.997870 -0.989980 
-0.966129 0.998796 -0.997870 -0.989980 
-0.966129 0.998796 -0.997870 -0.989980 
-0.962835 0.997113 -0.995425 -0.979887 
0.980440 -0.911750 0.999295 0.994371 
-0.961637 0.997381 -0.995659 -0.980113 
-0.966129 0.998796 -0.997870 -0.989980 
-0.966129 0.998796 -0.997870 -0.989980 
-0.966129 0.998796 -0.997870 -0.989980 
-0.962010 0.997301 -0.995584 -0.980022 
-0.093498 0.383139 0.691080 0.620213 
-0.961637 0.997381 -0.995659 -0.980113 
-0.966129 0.998796 -0.997870 -0.989980 
-0.966129 0.998796 -0.997870 -0.989980 
-0.966129 0.998796 -0.997870 -0.989980 
-0.962010 0.997301 -0.995584 -0.980022 
-0.093498 0.383139 0.691080 0.620213 
-0.961637 0.997381 -0.995659 -0.980113 
-0.966129 0.998796 -0.997870 -0.989980 
-0.966129 0.998796 -0.997870 -0.989980 
-0.966129 0.998796 -0.997870 -0.989980 
-0.961622 0.997384 -0.995663 -0.980117 
-0.974163 0.989386 -0.995172 -0.980508 
-0.962904 0.997097 -0.995413 -0.979879 
-0.966129 0.998796 -0.997870 -0.989980 
-0.966129 0.998796 -0.997870 -0.989980 
-0.966129 0.998796 -0.997870 -0.989980 
-0.961622 0.997384 -0.995663 -0.980117 
-0.972844 0.991243 -0.995056 -0.980807 
-0.964349 0.996723 -0.995175 -0.979871 
-0.966129 0.998796 -0.997870 -0.989980 
-0.966129 0.998796 -0.997870 -0.989980 
-0.966129 0.998796 -0.997870 -0.989980 
-0.962835 0.997113 -0.995425 -0.979887 
-0.970769 0.993489 -0.994913 -0.980995 
-0.965436 0.996394 -0.995036 -0.980015 
-0.966129 0.998796 -0.997870 -0.989980 
-0.966129 0.998796 -0.997870 -0.989980 
-0.966129 0.998796 -0.997870 -0.989980 
-0.962835 0.997113 -0.995425 -0.979887 
-0.970769 0.993489 -0.994913 -0.980995 
-0.965436 0.996394 -0.995036 -0.980015 
-0.966129 0.998796 -0.997870 -0.989980 
-0.966129 0.998796 -0.997870 -0.989980 
-0.966129 0.998796 -0.997870 -0.989980 
-0.969093 0.994745 -0.994860 -0.980830 
-0.969093 0.994745 -0.994860 -0.980830 
-0.969567 0.994433 -0.994868 -0.980903 
-0.966129 0.998796 -0.997870 -0.989980 
-0.966129 0.998796 -0.997870 -0.989980 
-0.966129 0.998796 -0.997870 -0.989980 
-0.974163 0.989386 -0.995172 -0.980508 
-0.968347 0.995178 -0.994860 -0.980683 
-0.970446 0.993767 -0.994898 -0.980984 
-0.966129 0.998796 -0.997870 -0.989980 
-0.966129 0.998796 -0.997870 -0.989980 
-0.966129 0.998796 -0.997870 -0.989980 
-0.974163 0.989386 -0.995172 -0.980508 
-0.968347 0.995178 -0.994860 -0.980683 
-0.970446 0.993767 -0.994898 -0.980984 
-0.966129 0.998796 -0.997870 -0.989980 
-0.966129 0.998796 -0.997870 -0.989980 
-0.966129 0.998796 -0.997870 -0.989980 
0.974452 -0.985665 0.999071 0.997658 
-0.969896 0.994198 -0.994877 -0.980942 
-0.977561 0.983131 -0.995471 -0.979216 
-0.966129 0.998796 -0.997870 -0.989980 
-0.966129 0.998796 -0.997870 -0.989980 
-0.966129 0.998796 -0.997870 -0.989980 
0.973806 -0.990219 0.998944 0.997701 
-0.969896 0.994198 -0.994877 -0.980942 
-0.982922 0.962496 -0.995044 -0.966981 
-0.966129 0.998796 -0.997870 -0.989980 
-0.966129 0.998796 -0.997870 -0.989980 
-0.966129 0.998796 -0.997870 -0.989980 
0.973806 -0.990219 0.998944 0.997701 
-0.969896 0.994198 -0.994877 -0.980942 
-0.982922 0.962496 -0.995044 -0.966981 
-0.966129 0.998796 -0.997870 -0.989980 
-0.966129 0.998796 -0.997870 -0.989980 
-0.966129 0.998796 -0.997870 -0.989980 
0.972220 -0.994389 0.998793 0.997523 
-0.968347 0.995178 -0.994860 -0.980683 
-0.093498 0.383139 0.691080 0.620213 
-0.966129 0.998796 -0.997870 -0.989980 
-0.966129 0.998796 -0.997870 -0.989980 
-0.966129 0.998796 -0.997870 -0.989980 
0.971435 -0.995478 0.998757 0.997398 
-0.969093 0.994745 -0.994860 -0.980830 
-0.093498 0.383139 0.691080 0.620213 
-0.966129 0.998796 -0.997870 -0.989980 
-0.966129 0.998796 -0.997870 -0.989980 
-0.966129 0.998796 -0.997870 -0.989980 
0.971435 -0.995478 0.998757 0.997398 
-0.969093 0.994745 -0.994860 -0.980830 
-0.093498 0.383139 0.691080 0.620213 
-0.966129 0.998796 -0.997870 -0.989980 
-0.966129 0.998796 -0.997870 -0.989980 
-0.966129 0.998796 -0.997870 -0.989980 
0.970258 -0.996724 0.998727 0.997199 
-0.972844 0.991243 -0.995056 -0.980807 
-0.985194 0.933001 -0.990014 -0.910160 
-0.966129 0.998796 -0.997870 -0.989980 
-0.966129 0.998796 -0.997870 -0.989980 
-0.966129 0.998796 -0.997870 -0.989980 
0.970258 -0.996724 0.998727 0.997199 
-0.972844 0.991243 -0.995056 -0.980807 
-0.982922 0.962496 -0.995044 -0.966981 
-0.966129 0.998796 -0.997870 -0.989980 
-0.966129 0.998796 -0.997870 -0.989980 
-0.966129 0.998796 -0.997870 -0.989980 
0.970258 -0.996724 0.998727 0.997199 
-0.972844 0.991243 -0.995056 -0.980807 
-0.980193 0.976067 -0.995575 -0.976747 
-0.966129 0.998796 -0.997870 -0.989980 
-0.966129 0.998796 -0.997870 -0.989980 
-0.966129 0.998796 -0.997870 -0.989980 
0.970258 -0.996724 0.998727 0.997199 
-0.972844 0.991243 -0.995056 -0.980807 
-0.980193 0.976067 -0.995575 -0.976747 
-0.966129 0.998796 -0.997870 -0.989980 
-0.966129 0.998796 -0.997870 -0.989980 
-0.966129 0.998796 -0.997870 -0.989980 
0.969923 -0.997018 0.998723 0.997141 
-0.974163 0.989386 -0.995172 -0.980508 
-0.972517 0.991653 -0.995029 -0.980862 
-0.966129 0.998796 -0.997870 -0.989980 
-0.966129 0.998796 -0.997870 -0.989980 
-0.966129 0.998796 -0.997870 -0.989980 
0.969821 -0.997103 0.998722 0.997123 
-0.975815 0.986623 -0.995324 -0.979997 
-0.972517 0.991653 -0.995029 -0.980862 
-0.966129 0.998796 -0.997870 -0.989980 
-0.966129 0.998796 -0.997870 -0.989980 
-0.966129 0.998796 -0.997870 -0.989980 
0.969631 -0.997255 0.998722 0.997088 
-0.975815 0.986623 -0.995324 -0.979997 
-0.972517 0.991653 -0.995029 -0.980862 
-0.966129 0.998796 -0.997870 -0.989980 
-0.966129 0.998796 -0.997870 -0.989980 
-0.966129 0.998796 -0.997870 -0.989980 
0.969631 -0.997255 0.998722 0.997088 
-0.975815 0.986623 -0.995324 -0.979997 
-0.972517 0.991653 -0.995029 -0.980862 
-0.966129 0.998796 -0.997870 -0.989980 
-0.966129 0.998796 -0.997870 -0.989980 
-0.966129 0.998796 -0.997870 -0.989980 
0.969457 -0.997388 0.998722 0.997055 
-0.970769 0.993489 -0.994913 -0.980995 
-0.968007 0.995355 -0.994866 -0.980606 
-0.966129 0.998796 -0.997870 -0.989980 
-0.966129 0.998796 -0.997870 -0.989980 
-0.966129 0.998796 -0.997870 -0.989980 
0.969457 -0.997388 0.998722 0.997055 
-0.969896 0.994198 -0.994877 -0.980942 
-0.966645 0.995961 -0.994928 -0.980275 
-0.966129 0.998796 -0.997870 -0.989980 
-0.966129 0.998796 -0.997870 -0.989980 
-0.966129 0.998796 -0.997870 -0.989980 
0.969376 -0.997448 0.998722 0.997039 
-0.969093 0.994745 -0.994860 -0.980830 
-0.965436 0.996394 -0.995036 -0.980015 
-0.966129 0.998796 -0.997870 -0.989980 
-0.966129 0.998796 -0.997870 -0.989980 
-0.966129 0.998796 -0.997870 -0.989980 
0.969376 -0.997448 0.998722 0.997039 
-0.969093 0.994745 -0.994860 -0.980830 
-0.965436 0.996394 -0.995036 -0.980015 
-0.966129 0.998796 -0.997870 -0.989980 
-0.966129 0.998796 -0.997870 -0.989980 
-0.966129 0.998796 -0.997870 -0.989980 
0.969154 -0.997606 0.998724 0.996994 
-0.965793 0.996274 -0.994999 -0.980084 
-0.962904 0.997097 -0.995413 -0.979879 
-0.966129 0.998796 -0.997870 -0.989980 
-0.966129 0.998796 -0.997870 -0.989980 
-0.966129 0.998796 -0.997870 -0.989980 
0.969087 -0.997652 0.998724 0.996979 
-0.965240 0.996457 -0.995058 -0.979981 
-0.962041 0.997294 -0.995578 -0.980015 
-0.966129 0.998796 -0.997870 -0.989980 
-0.966129 0.998796 -0.997870 -0.989980 
-0.966129 0.998796 -0.997870 -0.989980 
0.969087 -0.997652 0.998724 0.996979 
-0.965240 0.996457 -0.995058 -0.979981 
-0.962041 0.997294 -0.995578 -0.980015 
-0.966129 0.998796 -0.997870 -0.989980 
-0.966129 0.998796 -0.997870 -0.989980 
-0.966129 0.998796 -0.997870 -0.989980 
0.968847 -0.997812 0.998728 0.996922 
-0.963274 0.997007 -0.995347 -0.979852 
-0.958943 0.997892 -0.996249 -0.981299 
-0.966129 0.998796 -0.997870 -0.989980 
-0.966129 0.998796 -0.997870 -0.989980 
-0.966129 0.998796 -0.997870 -0.989980 
0.968847 -0.997812 0.998728 0.996922 
-0.962835 0.997113 -0.995425 -0.979887 
-0.958667 0.997939 -0.996312 -0.981467 
-0.966129 0.998796 -0.997870 -0.989980 
-0.966129 0.998796 -0.997870 -0.989980 
-0.966129 0.998796 -0.997870 -0.989980 
0.968847 -0.997812 0.998728 0.996922 
-0.962835 0.997113 -0.995425 -0.979887 
-0.958667 0.997939 -0.996312 -0.981467 
-0.966129 0.998796 -0.997870 -0.989980 
-0.966129 0.998796 -0.997870 -0.989980 
-0.966129 0.998796 -0.997870 -0.989980 
0.969023 -0.997696 0.998725 0.996964 
-0.960890 0.997534 -0.995816 -0.980352 
-0.958667 0.997939 -0.996312 -0.981467 
-0.966129 0.998796 -0.997870 -0.989980 
-0.966129 0.998796 -0.997870 -0.989980 
-0.966129 0.998796 -0.997870 -0.989980 
0.969225 -0.997557 0.998723 0.997009 
-0.959898 0.997723 -0.996034 -0.980780 
-0.958667 0.997939 -0.996312 -0.981467 
-0.966129 0.998796 -0.997870 -0.989980 
-0.966129 0.998796 -0.997870 -0.989980 
-0.966129 0.998796 -0.997870 -0.989980 
0.969376 -0.997448 0.998722 0.997039 
-0.959019 0.997878 -0.996232 -0.981254 
-0.958403 0.997983 -0.996372 -0.981634 
-0.966129 0.998796 -0.997870 -0.989980 
-0.966129 0.998796 -0.997870 -0.989980 
-0.966129 0.998796 -0.997870 -0.989980 
0.969376 -0.997448 0.998722 0.997039 
-0.959019 0.997878 -0.996232 -0.981254 
-0.958403 0.997983 -0.996372 -0.981634 
-0.966129 0.998796 -0.997870 -0.989980 
-0.966129 0.998796 -0.997870 -0.989980 
-0.966129 0.998796 -0.997870 -0.989980 
0.970381 -0.996610 0.998729 0.997221 
-0.957786 0.998084 -0.996513 -0.982049 
-0.956872 0.998229 -0.996724 -0.982723 
-0.966129 0.998796 -0.997870 -0.989980 
-0.966129 0.998796 -0.997870 -0.989980 
-0.966129 0.998796 -0.997870 -0.989980 
0.970788 -0.996207 0.998737 0.997290 
-0.958011 0.998047 -0.996462 -0.981894 
-0.956695 0.998257 -0.996765 -0.982862 
-0.966129 0.998796 -0.997870 -0.989980 
-0.966129 0.998796 -0.997870 -0.989980 
-0.966129 0.998796 -0.997870 -0.989980 
0.971096 -0.995876 0.998746 0.997341 
-0.958011 0.998047 -0.996462 -0.981894 
-0.956527 0.998283 -0.996804 -0.982996 
-0.966129 0.998796 -0.997870 -0.989980 
-0.966129 0.998796 -0.997870 -0.989980 
-0.966129 0.998796 -0.997870 -0.989980 
0.971096 -0.995876 0.998746 0.997341 
-0.958011 0.998047 -0.996462 -0.981894 
-0.956527 0.998283 -0.996804 -0.982996 
-0.966129 0.998796 -0.997870 -0.989980 
-0.966129 0.998796 -0.997870 -0.989980 
-0.966129 0.998796 -0.997870 -0.989980 
0.971618 -0.995248 0.998764 0.997428 
-0.957786 0.998084 -0.996513 -0.982049 
-0.956218 0.998332 -0.996877 -0.983249 
-0.966129 0.998796 -0.997870 -0.989980 
-0.966129 0.998796 -0.997870 -0.989980 
-0.966129 0.998796 -0.997870 -0.989980 
0.972436 -0.994028 0.998806 0.997555 
-0.957571 0.998118 -0.996562 -0.982201 
-0.955942 0.998375 -0.996942 -0.983482 
-0.966129 0.998796 -0.997870 -0.989980 
-0.966129 0.998796 -0.997870 -0.989980 
-0.966129 0.998796 -0.997870 -0.989980 
0.973120 -0.992591 0.998860 0.997646 
-0.957366 0.998151 -0.996610 -0.982350 
-0.955698 0.998415 -0.997001 -0.983695 
-0.966129 0.998796 -0.997870 -0.989980 
-0.966129 0.998796 -0.997870 -0.989980 
-0.966129 0.998796 -0.997870 -0.989980 
0.973120 -0.992591 0.998860 0.997646 
-0.957366 0.998151 -0.996610 -0.982350 
-0.955698 0.998415 -0.997001 -0.983695 
-0.966129 0.998796 -0.997870 -0.989980 
-0.966129 0.998796 -0.997870 -0.989980 
-0.966129 0.998796 -0.997870 -0.989980 
0.973120 -0.992591 0.998860 0.997646 
-0.957366 0.998151 -0.996610 -0.982350 
-0.955587 0.998433 -0.997028 -0.983795 
-0.966129 0.998796 -0.997870 -0.989980 
-0.966129 0.998796 -0.997870 -0.989980 
-0.966129 0.998796 -0.997870 -0.989980 
0.973806 -0.990219 0.998944 0.997701 
-0.956986 0.998211 -0.996697 -0.982635 
-0.955587 0.998433 -0.997028 -0.983795 
-0.966129 0.998796 -0.997870 -0.989980 
-0.966129 0.998796 -0.997870 -0.989980 
-0.966129 0.998796 -0.997870 -0.989980 
0.974698 -0.983136 0.999124 0.997608 
-0.956333 0.998314 -0.996850 -0.983154 
-0.955587 0.998433 -0.997028 -0.983795 
-0.966129 0.998796 -0.997870 -0.989980 
-0.966129 0.998796 -0.997870 -0.989980 
-0.966129 0.998796 -0.997870 -0.989980 
0.974698 -0.983136 0.999124 0.997608 
-0.956333 0.998314 -0.996850 -0.983154 
-0.955587 0.998433 -0.997028 -0.983795 
-0.966129 0.998796 -0.997870 -0.989980 
-0.966129 0.998796 -0.997870 -0.989980 
-0.966129 0.998796 -0.997870 -0.989980 
-0.972844 0.991243 -0.995056 -0.980807 
-0.955304 0.998480 -0.997099 -0.984057 
-0.955385 0.998467 -0.997078 -0.983981 
-0.966129 0.998796 -0.997870 -0.989980 
-0.966129 0.998796 -0.997870 -0.989980 
-0.966129 0.998796 -0.997870 -0.989980 
-0.966995 0.995819 -0.994906 -0.980360 
-0.955221 0.998495 -0.997120 -0.984137 
-0.955294 0.998482 -0.997102 -0.984067 
-0.966129 0.998796 -0.997870 -0.989980 
-0.966129 0.998796 -0.997870 -0.989980 
-0.966129 0.998796 -0.997870 -0.989980 
-0.964713 0.996618 -0.995124 -0.979907 
-0.955304 0.998480 -0.997099 -0.984057 
-0.955208 0.998497 -0.997124 -0.984149 
-0.966129 0.998796 -0.997870 -0.989980 
-0.966129 0.998796 -0.997870 -0.989980 
-0.966129 0.998796 -0.997870 -0.989980 
-0.964713 0.996618 -0.995124 -0.979907 
-0.955304 0.998480 -0.997099 -0.984057 
-0.955208 0.998497 -0.997124 -0.984149 
-0.966129 0.998796 -0.997870 -0.989980 
-0.966129 0.998796 -0.997870 -0.989980 
-0.966129 0.998796 -0.997870 -0.989980 
-0.964211 0.996761 -0.995195 -0.979861 
-0.956190 0.998336 -0.996883 -0.983272 
-0.956527 0.998283 -0.996804 -0.982996 
-0.966129 0.998796 -0.997870 -0.989980 
-0.966129 0.998796 -0.997870 -0.989980 
-0.966129 0.998796 -0.997870 -0.989980 
-0.963732 0.996890 -0.995270 -0.979843 
-0.956642 0.998265 -0.996777 -0.982904 
-0.957059 0.998200 -0.996680 -0.982580 
-0.966129 0.998796 -0.997870 -0.989980 
-0.966129 0.998796 -0.997870 -0.989980 
-0.966129 0.998796 -0.997870 -0.989980 
-0.963732 0.996890 -0.995270 -0.979843 
-0.957171 0.998182 -0.996655 -0.982495 
-0.957681 0.998101 -0.996537 -0.982122 
-0.966129 0.998796 -0.997870 -0.989980 
-0.966129 0.998796 -0.997870 -0.989980 
-0.966129 0.998796 -0.997870 -0.989980 
-0.963732 0.996890 -0.995270 -0.979843 
-0.957171 0.998182 -0.996655 -0.982495 
-0.957681 0.998101 -0.996537 -0.982122 
-0.966129 0.998796 -0.997870 -0.989980 
-0.966129 0.998796 -0.997870 -0.989980 
-0.966129 0.998796 -0.997870 -0.989980 
-0.962414 0.997211 -0.995505 -0.979944 
-0.958493 0.997968 -0.996351 -0.981576 
-0.958667 0.997939 -0.996312 -0.981467 
-0.966129 0.998796 -0.997870 -0.989980 
-0.966129 0.998796 -0.997870 -0.989980 
-0.966129 0.998796 -0.997870 -0.989980 
-0.962414 0.997211 -0.995505 -0.979944 
-0.958750 0.997924 -0.996293 -0.981415 
-0.958943 0.997892 -0.996249 -0.981299 
-0.966129 0.998796 -0.997870 -0.989980 
-0.966129 0.998796 -0.997870 -0.989980 
-0.966129 0.998796 -0.997870 -0.989980 
-0.962414 0.997211 -0.995505 -0.979944 
-0.959019 0.997878 -0.996232 -0.981254 
-0.959231 0.997842 -0.996184 -0.981132 
-0.966129 0.998796 -0.997870 -0.989980 
-0.966129 0.998796 -0.997870 -0.989980 
-0.966129 0.998796 -0.997870 -0.989980 
-0.962414 0.997211 -0.995505 -0.979944 
-0.959019 0.997878 -0.996232 -0.981254 
-0.959231 0.997842 -0.996184 -0.981132 
-0.966129 0.998796 -0.997870 -0.989980 
-0.966129 0.998796 -0.997870 -0.989980 
-0.966129 0.998796 -0.997870 -0.989980 
-0.963274 0.997007 -0.995347 -0.979852 
-0.960546 0.997601 -0.995891 -0.980487 
-0.960876 0.997536 -0.995819 -0.980357 
-0.966129 0.998796 -0.997870 -0.989980 
-0.966129 0.998796 -0.997870 -0.989980 
-0.966129 0.998796 -0.997870 -0.989980 
-0.963732 0.996890 -0.995270 -0.979843 
-0.960890 0.997534 -0.995816 -0.980352 
-0.961637 0.997381 -0.995659 -0.980113 
-0.966129 0.998796 -0.997870 -0.989980 
-0.966129 0.998796 -0.997870 -0.989980 
-0.966129 0.998796 -0.997870 -0.989980 
-0.963732 0.996890 -0.995270 -0.979843 
-0.961249 0.997462 -0.995740 -0.980228 
-0.962041 0.997294 -0.995578 -0.980015 
-0.966129 0.998796 -0.997870 -0.989980 
-0.966129 0.998796 -0.997870 -0.989980 
-0.966129 0.998796 -0.997870 -0.989980 
-0.963732 0.996890 -0.995270 -0.979843 
-0.961249 0.997462 -0.995740 -0.980228 
-0.962041 0.997294 -0.995578 -0.980015 
-0.966129 0.998796 -0.997870 -0.989980 
-0.966129 0.998796 -0.997870 -0.989980 
-0.966129 0.998796 -0.997870 -0.989980 
-0.965240 0.996457 -0.995058 -0.979981 
-0.963274 0.997007 -0.995347 -0.979852 
-0.964349 0.996723 -0.995175 -0.979871 
-0.966129 0.998796 -0.997870 -0.989980 
-0.966129 0.998796 -0.997870 -0.989980 
-0.966129 0.998796 -0.997870 -0.989980 
-0.966377 0.996064 -0.994948 -0.980212 
-0.963732 0.996890 -0.995270 -0.979843 
-0.965436 0.996394 -0.995036 -0.980015 
-0.966129 0.998796 -0.997870 -0.989980 
-0.966129 0.998796 -0.997870 -0.989980 
-0.966129 0.998796 -0.997870 -0.989980 
-0.966995 0.995819 -0.994906 -0.980360 
-0.964713 0.996618 -0.995124 -0.979907 
-0.966645 0.995961 -0.994928 -0.980275 
-0.966129 0.998796 -0.997870 -0.989980 
-0.966129 0.998796 -0.997870 -0.989980 
-0.966129 0.998796 -0.997870 -0.989980 
-0.966995 0.995819 -0.994906 -0.980360 
-0.964713 0.996618 -0.995124 -0.979907 
-0.966645 0.995961 -0.994928 -0.980275 
-0.966129 0.998796 -0.997870 -0.989980 
-0.966129 0.998796 -0.997870 -0.989980 
-0.966129 0.998796 -0.997870 -0.989980 
-0.969093 0.994745 -0.994860 -0.980830 
-0.966995 0.995819 -0.994906 -0.980360 
-0.972517 0.991653 -0.995029 -0.980862 
-0.966129 0.998796 -0.997870 -0.989980 
-0.966129 0.998796 -0.997870 -0.989980 
-0.966129 0.998796 -0.997870 -0.989980 
-0.970769 0.993489 -0.994913 -0.980995 
-0.967650 0.995528 -0.994876 -0.980521 
-0.973821 0.989898 -0.995140 -0.980595 
-0.966129 0.998796 -0.997870 -0.989980 
-0.966129 0.998796 -0.997870 -0.989980 
-0.966129 0.998796 -0.997870 -0.989980 
-0.972844 0.991243 -0.995056 -0.980807 
-0.968347 0.995178 -0.994860 -0.980683 
-0.977561 0.983131 -0.995471 -0.979216 
-0.966129 0.998796 -0.997870 -0.989980 
-0.966129 0.998796 -0.997870 -0.989980 
-0.966129 0.998796 -0.997870 -0.989980 
-0.972844 0.991243 -0.995056 -0.980807 
-0.968347 0.995178 -0.994860 -0.980683 
-0.977561 0.983131 -0.995471 -0.979216 
-0.966129 0.998796 -0.997870 -0.989980 
-0.966129 0.998796 -0.997870 -0.989980 
-0.966129 0.998796 -0.997870 -0.989980 
-0.980518 0.974941 -0.995567 -0.976209 
-0.972844 0.991243 -0.995056 -0.980807 
-0.985194 0.933001 -0.990014 -0.910160 
-0.966129 0.998796 -0.997870 -0.989980 
-0.966129 0.998796 -0.997870 -0.989980 
-0.966129 0.998796 -0.997870 -0.989980 
-0.985279 0.931252 -0.989478 -0.904887 
-0.975815 0.986623 -0.995324 -0.979997 
-0.093498 0.383139 0.691080 0.620213 
-0.966129 0.998796 -0.997870 -0.989980 
-0.966129 0.998796 -0.997870 -0.989980 
-0.966129 0.998796 -0.997870 -0.989980 
-0.985279 0.931252 -0.989478 -0.904887 
-0.975815 0.986623 -0.995324 -0.979997 
-0.093498 0.383139 0.691080 0.620213 
-0.966129 0.998796 -0.997870 -0.989980 
-0.966129 0.998796 -0.997870 -0.989980 
-0.966129 0.998796 -0.997870 -0.989980 
0.975513 -0.974844 0.999242 0.997436 
-0.093498 0.383139 0.691080 0.620213 
0.978917 -0.942445 0.999378 0.996575 
-0.966129 0.998796 -0.997870 -0.989980 
-0.966129 0.998796 -0.997870 -0.989980 
-0.966129 0.998796 -0.997870 -0.989980 
0.974698 -0.983136 0.999124 0.997608 
0.980440 -0.911750 0.999295 0.994371 
0.978917 -0.942445 0.999378 0.996575 
-0.966129 0.998796 -0.997870 -0.989980 
-0.966129 0.998796 -0.997870 -0.989980 
-0.966129 0.998796 -0.997870 -0.989980 
0.974235 -0.987573 0.999024 0.997688 
0.977524 -0.957032 0.999355 0.997057 
0.979586 -0.859967 0.998825 0.984904 
-0.966129 0.998796 -0.997870 -0.989980 
-0.966129 0.998796 -0.997870 -0.989980 
-0.966129 0.998796 -0.997870 -0.989980 
0.974235 -0.987573 0.999024 0.997688 
0.977524 -0.957032 0.999355 0.997057 
0.979586 -0.859967 0.998825 0.984904 
-0.966129 0.998796 -0.997870 -0.989980 
-0.966129 0.998796 -0.997870 -0.989980 
-0.966129 0.998796 -0.997870 -0.989980 
0.972436 -0.994028 0.998806 0.997555 
0.974235 -0.987573 0.999024 0.997688 
0.979586 -0.859967 0.998825 0.984904 
-0.966129 0.998796 -0.997870 -0.989980 
-0.966129 0.998796 -0.997870 -0.989980 
-0.966129 0.998796 -0.997870 -0.989980 
0.971810 -0.994993 0.998773 0.997459 
0.973352 -0.991941 0.998884 0.997671 
-0.093498 0.383139 0.691080 0.620213 
-0.966129 0.998796 -0.997870 -0.989980 
-0.966129 0.998796 -0.997870 -0.989980 
-0.966129 0.998796 -0.997870 -0.989980 
