0.924473 0.523509 -0.813776 0.912288 
0.924445 0.523743 -0.813687 0.912224 
0.924445 0.523743 -0.813687 0.912224 
0.924412 0.523791 -0.813431 0.912109 
0.916011 0.559630 -0.763092 0.885378 
0.916011 0.559630 -0.763092 0.885378 
0.916011 0.559630 -0.763092 0.885378 
0.916011 0.559630 -0.763092 0.885378 
0.916011 0.559630 -0.763092 0.885378 
0.916011 0.559631 -0.763091 0.885377 
0.916011 0.559631 -0.763091 0.885377 
0.698898 0.947139 -0.051755 -0.002959 
0.897902 0.632437 0.163617 -0.175994 
0.897902 0.632437 0.163617 -0.175994 
0.740006 0.567051 0.549424 -0.810116 
0.916670 0.152161 -0.073089 -0.023076 
0.916670 0.152161 -0.073089 -0.023076 
0.916670 0.152161 -0.073089 -0.023076 
0.760959 0.530107 0.437179 -0.808097 
0.760959 0.530107 0.437179 -0.808097 
0.808219 0.353001 0.516001 -0.808282 
0.795675 0.365351 0.616624 -0.821610 
0.795675 0.365351 0.616624 -0.821610 
0.795675 0.365351 0.616624 -0.821610 
0.795675 0.365351 0.616624 -0.821610 
0.795675 0.365351 0.616624 -0.821610 
0.056403 0.238109 0.966242 -0.772269 
0.141118 0.249933 0.965808 -0.770286 
0.141118 0.249933 0.965808 -0.770286 
0.306315 0.273790 0.964906 -0.766199 
0.306315 0.273790 0.964906 -0.766199 
0.306315 0.273790 0.964906 -0.766199 
0.306315 0.273790 0.964906 -0.766199 
-0.534724 0.415316 0.974092 -0.807549 
-0.534724 0.415316 0.974092 -0.807549 
-0.027452 0.005075 0.925302 -0.021499 
-0.027452 0.005075 0.925302 -0.021499 
-0.027452 0.005075 0.925302 -0.021499 
-0.027452 0.005075 0.925302 -0.021499 
-0.027452 0.005075 0.925302 -0.021499 
-0.027452 0.005075 0.925302 -0.021499 
-0.027452 0.005075 0.925302 -0.021499 
-0.027452 0.005075 0.925302 -0.021499 
0.007694 -0.009102 0.900727 0.018185 
0.007694 -0.009102 0.900727 0.018185 
0.007701 -0.009105 0.900721 0.018194 
0.007701 -0.009105 0.900721 0.018194 
0.007701 -0.009105 0.900721 0.018194 
0.007701 -0.009105 0.900721 0.018194 
0.007701 -0.009105 0.900721 0.018194 
0.007701 -0.009105 0.900721 0.018194 
0.007701 -0.009105 0.900721 0.018194 
0.398628 0.840275 -0.026694 0.017504 
0.398628 0.840275 -0.026694 0.017504 
0.398500 0.840324 -0.026227 0.017485 
-0.067754 0.963848 0.128516 -0.150445 
-0.067754 0.963848 0.128516 -0.150445 
-0.012558 0.960033 -0.005301 -0.010713 
0.599714 0.643483 -0.747057 0.886622 
0.599714 0.643483 -0.747057 0.886622 
0.490404 0.911779 -0.716618 0.891541 
