0.927916 0.884777 -0.810904 0.919100 
0.924473 0.523509 -0.813776 0.912288 
0.924473 0.523509 -0.813776 0.912288 
0.924473 0.523509 -0.813776 0.912288 
0.924473 0.523509 -0.813776 0.912288 
0.924473 0.523509 -0.813776 0.912288 
0.924473 0.523509 -0.813776 0.912288 
0.916011 0.559630 -0.763092 0.885378 
0.916011 0.559630 -0.763092 0.885378 
0.916011 0.559630 -0.763092 0.885378 
0.916011 0.559630 -0.763092 0.885378 
0.688641 0.950446 -0.024850 -0.042657 
0.688641 0.950446 -0.024850 -0.042657 
0.688634 0.950449 -0.024831 -0.042686 
0.897902 0.632437 0.163617 -0.175994 
0.897902 0.632437 0.163617 -0.175994 
0.897902 0.632437 0.163617 -0.175994 
0.906934 0.599480 0.016172 -0.170192 
0.906934 0.599480 0.016172 -0.170192 
0.906896 0.599694 0.016244 -0.170298 
0.953971 0.107857 -0.054507 -0.008412 
0.953971 0.107857 -0.054507 -0.008412 
0.960410 -0.029879 0.009170 -0.008744 
0.960410 -0.029879 0.009170 -0.008744 
0.960410 -0.029879 0.009170 -0.008744 
0.960410 -0.029879 0.009170 -0.008744 
0.960410 -0.029879 0.009170 -0.008744 
0.726329 -0.168543 0.867271 0.126400 
0.726329 -0.168543 0.867271 0.126400 
0.726329 -0.168543 0.867271 0.126400 
0.709289 -0.154734 0.899697 0.087161 
0.709289 -0.154734 0.899697 0.087161 
0.306315 0.273790 0.964906 -0.766199 
0.306315 0.273790 0.964906 -0.766199 
0.306315 0.273790 0.964906 -0.766199 
0.306315 0.273790 0.964906 -0.766199 
0.279639 0.278545 0.965244 -0.767632 
0.279639 0.278545 0.965244 -0.767632 
-0.534724 0.415316 0.974092 -0.807549 
-0.027452 0.005075 0.925302 -0.021499 
-0.027452 0.005075 0.925302 -0.021499 
0.709287 -0.154733 0.899697 0.087160 
-0.027452 0.005075 0.925302 -0.021499 
-0.027452 0.005075 0.925302 -0.021499 
-0.027452 0.005075 0.925302 -0.021499 
-0.027452 0.005075 0.925302 -0.021499 
-0.027452 0.005075 0.925302 -0.021499 
-0.027452 0.005075 0.925302 -0.021499 
-0.027452 0.005075 0.925302 -0.021499 
0.007701 -0.009105 0.900721 0.018194 
0.007701 -0.009105 0.900721 0.018194 
0.007701 -0.009105 0.900721 0.018194 
0.007701 -0.009105 0.900721 0.018194 
0.007701 -0.009105 0.900721 0.018194 
0.007701 -0.009105 0.900721 0.018194 
0.007701 -0.009105 0.900721 0.018194 
0.007701 -0.009105 0.900721 0.018194 
