-0.968347 0.995178 -0.994860 -0.980683 
0.972220 -0.994389 0.998793 0.997523 
-0.967304 0.995686 -0.994890 -0.980436 
-0.966129 0.998796 -0.997870 -0.989980 
-0.966129 0.998796 -0.997870 -0.989980 
-0.966129 0.998796 -0.997870 -0.989980 
-0.966995 0.995819 -0.994906 -0.980360 
0.972220 -0.994389 0.998793 0.997523 
-0.967304 0.995686 -0.994890 -0.980436 
-0.966129 0.998796 -0.997870 -0.989980 
-0.966129 0.998796 -0.997870 -0.989980 
-0.966129 0.998796 -0.997870 -0.989980 
-0.965793 0.996274 -0.994999 -0.980084 
0.972660 -0.993616 0.998822 0.997587 
-0.966645 0.995961 -0.994928 -0.980275 
-0.966129 0.998796 -0.997870 -0.989980 
-0.966129 0.998796 -0.997870 -0.989980 
-0.966129 0.998796 -0.997870 -0.989980 
-0.965793 0.996274 -0.994999 -0.980084 
0.972660 -0.993616 0.998822 0.997587 
-0.966645 0.995961 -0.994928 -0.980275 
-0.966129 0.998796 -0.997870 -0.989980 
-0.966129 0.998796 -0.997870 -0.989980 
-0.966129 0.998796 -0.997870 -0.989980 
-0.960890 0.997534 -0.995816 -0.980352 
0.974452 -0.985665 0.999071 0.997658 
-0.964879 0.996568 -0.995103 -0.979927 
-0.966129 0.998796 -0.997870 -0.989980 
-0.966129 0.998796 -0.997870 -0.989980 
-0.966129 0.998796 -0.997870 -0.989980 
-0.959300 0.997830 -0.996168 -0.981093 
0.977524 -0.957032 0.999355 0.997057 
-0.964879 0.996568 -0.995103 -0.979927 
-0.966129 0.998796 -0.997870 -0.989980 
-0.966129 0.998796 -0.997870 -0.989980 
-0.966129 0.998796 -0.997870 -0.989980 
-0.959300 0.997830 -0.996168 -0.981093 
0.977524 -0.957032 0.999355 0.997057 
-0.964879 0.996568 -0.995103 -0.979927 
-0.966129 0.998796 -0.997870 -0.989980 
-0.966129 0.998796 -0.997870 -0.989980 
-0.966129 0.998796 -0.997870 -0.989980 
-0.956190 0.998336 -0.996883 -0.983272 
-0.971738 0.992544 -0.994972 -0.980959 
-0.963364 0.996984 -0.995331 -0.979848 
-0.966129 0.998796 -0.997870 -0.989980 
-0.966129 0.998796 -0.997870 -0.989980 
-0.966129 0.998796 -0.997870 -0.989980 
-0.955587 0.998433 -0.997028 -0.983795 
-0.968347 0.995178 -0.994860 -0.980683 
-0.963845 0.996860 -0.995252 -0.979845 
-0.966129 0.998796 -0.997870 -0.989980 
-0.966129 0.998796 -0.997870 -0.989980 
-0.966129 0.998796 -0.997870 -0.989980 
-0.955587 0.998433 -0.997028 -0.983795 
-0.968347 0.995178 -0.994860 -0.980683 
-0.963845 0.996860 -0.995252 -0.979845 
-0.966129 0.998796 -0.997870 -0.989980 
-0.966129 0.998796 -0.997870 -0.989980 
-0.966129 0.998796 -0.997870 -0.989980 
-0.955487 0.998450 -0.997053 -0.983886 
-0.962414 0.997211 -0.995505 -0.979944 
-0.967304 0.995686 -0.994890 -0.980436 
-0.966129 0.998796 -0.997870 -0.989980 
-0.966129 0.998796 -0.997870 -0.989980 
-0.966129 0.998796 -0.997870 -0.989980 
-0.956333 0.998314 -0.996850 -0.983154 
-0.961622 0.997384 -0.995663 -0.980117 
-0.967304 0.995686 -0.994890 -0.980436 
-0.966129 0.998796 -0.997870 -0.989980 
-0.966129 0.998796 -0.997870 -0.989980 
-0.966129 0.998796 -0.997870 -0.989980 
-0.958493 0.997968 -0.996351 -0.981576 
-0.961249 0.997462 -0.995740 -0.980228 
-0.968007 0.995355 -0.994866 -0.980606 
-0.966129 0.998796 -0.997870 -0.989980 
-0.966129 0.998796 -0.997870 -0.989980 
-0.966129 0.998796 -0.997870 -0.989980 
-0.958493 0.997968 -0.996351 -0.981576 
-0.961249 0.997462 -0.995740 -0.980228 
-0.968007 0.995355 -0.994866 -0.980606 
-0.966129 0.998796 -0.997870 -0.989980 
-0.966129 0.998796 -0.997870 -0.989980 
-0.966129 0.998796 -0.997870 -0.989980 
-0.971738 0.992544 -0.994972 -0.980959 
-0.960215 0.997664 -0.995963 -0.980630 
-0.969567 0.994433 -0.994868 -0.980903 
-0.966129 0.998796 -0.997870 -0.989980 
-0.966129 0.998796 -0.997870 -0.989980 
-0.966129 0.998796 -0.997870 -0.989980 
-0.093498 0.383139 0.691080 0.620213 
-0.959592 0.997778 -0.996102 -0.980935 
-0.971415 0.992879 -0.994950 -0.980981 
-0.966129 0.998796 -0.997870 -0.989980 
-0.966129 0.998796 -0.997870 -0.989980 
-0.966129 0.998796 -0.997870 -0.989980 
0.974698 -0.983136 0.999124 0.997608 
-0.959300 0.997830 -0.996168 -0.981093 
-0.975451 0.987273 -0.995291 -0.980123 
-0.966129 0.998796 -0.997870 -0.989980 
-0.966129 0.998796 -0.997870 -0.989980 
-0.966129 0.998796 -0.997870 -0.989980 
0.974698 -0.983136 0.999124 0.997608 
-0.959300 0.997830 -0.996168 -0.981093 
-0.975451 0.987273 -0.995291 -0.980123 
-0.966129 0.998796 -0.997870 -0.989980 
-0.966129 0.998796 -0.997870 -0.989980 
-0.966129 0.998796 -0.997870 -0.989980 
0.970788 -0.996207 0.998737 0.997290 
-0.959300 0.997830 -0.996168 -0.981093 
0.976114 -0.969426 0.999290 0.997329 
-0.966129 0.998796 -0.997870 -0.989980 
-0.966129 0.998796 -0.997870 -0.989980 
-0.966129 0.998796 -0.997870 -0.989980 
0.970029 -0.996927 0.998724 0.997160 
-0.959898 0.997723 -0.996034 -0.980780 
0.978917 -0.942445 0.999378 0.996575 
-0.966129 0.998796 -0.997870 -0.989980 
-0.966129 0.998796 -0.997870 -0.989980 
-0.966129 0.998796 -0.997870 -0.989980 
0.969631 -0.997255 0.998722 0.997088 
-0.960890 0.997534 -0.995816 -0.980352 
-0.985194 0.933001 -0.990014 -0.910160 
-0.966129 0.998796 -0.997870 -0.989980 
-0.966129 0.998796 -0.997870 -0.989980 
-0.966129 0.998796 -0.997870 -0.989980 
0.969631 -0.997255 0.998722 0.997088 
-0.960890 0.997534 -0.995816 -0.980352 
-0.985194 0.933001 -0.990014 -0.910160 
-0.966129 0.998796 -0.997870 -0.989980 
-0.966129 0.998796 -0.997870 -0.989980 
-0.966129 0.998796 -0.997870 -0.989980 
0.969923 -0.997018 0.998723 0.997141 
-0.960546 0.997601 -0.995891 -0.980487 
-0.969567 0.994433 -0.994868 -0.980903 
-0.966129 0.998796 -0.997870 -0.989980 
-0.966129 0.998796 -0.997870 -0.989980 
-0.966129 0.998796 -0.997870 -0.989980 
0.969923 -0.997018 0.998723 0.997141 
-0.960215 0.997664 -0.995963 -0.980630 
-0.967304 0.995686 -0.994890 -0.980436 
-0.966129 0.998796 -0.997870 -0.989980 
-0.966129 0.998796 -0.997870 -0.989980 
-0.966129 0.998796 -0.997870 -0.989980 
0.969923 -0.997018 0.998723 0.997141 
-0.960215 0.997664 -0.995963 -0.980630 
-0.967304 0.995686 -0.994890 -0.980436 
-0.966129 0.998796 -0.997870 -0.989980 
-0.966129 0.998796 -0.997870 -0.989980 
-0.966129 0.998796 -0.997870 -0.989980 
0.969023 -0.997696 0.998725 0.996964 
-0.962010 0.997301 -0.995584 -0.980022 
-0.964879 0.996568 -0.995103 -0.979927 
-0.966129 0.998796 -0.997870 -0.989980 
-0.966129 0.998796 -0.997870 -0.989980 
-0.966129 0.998796 -0.997870 -0.989980 
0.968744 -0.997878 0.998730 0.996894 
-0.963274 0.997007 -0.995347 -0.979852 
-0.964879 0.996568 -0.995103 -0.979927 
-0.966129 0.998796 -0.997870 -0.989980 
-0.966129 0.998796 -0.997870 -0.989980 
-0.966129 0.998796 -0.997870 -0.989980 
0.968530 -0.998014 0.998736 0.996828 
-0.964713 0.996618 -0.995124 -0.979907 
-0.963364 0.996984 -0.995331 -0.979848 
-0.966129 0.998796 -0.997870 -0.989980 
-0.966129 0.998796 -0.997870 -0.989980 
-0.966129 0.998796 -0.997870 -0.989980 
0.968530 -0.998014 0.998736 0.996828 
-0.964713 0.996618 -0.995124 -0.979907 
-0.963364 0.996984 -0.995331 -0.979848 
-0.966129 0.998796 -0.997870 -0.989980 
-0.966129 0.998796 -0.997870 -0.989980 
-0.966129 0.998796 -0.997870 -0.989980 
0.968299 -0.998167 0.998745 0.996727 
-0.970769 0.993489 -0.994913 -0.980995 
-0.960519 0.997606 -0.995897 -0.980498 
-0.966129 0.998796 -0.997870 -0.989980 
-0.966129 0.998796 -0.997870 -0.989980 
-0.966129 0.998796 -0.997870 -0.989980 
0.968227 -0.998224 0.998749 0.996679 
-0.972844 0.991243 -0.995056 -0.980807 
-0.960519 0.997606 -0.995897 -0.980498 
-0.966129 0.998796 -0.997870 -0.989980 
-0.966129 0.998796 -0.997870 -0.989980 
-0.966129 0.998796 -0.997870 -0.989980 
0.968227 -0.998224 0.998749 0.996679 
-0.972844 0.991243 -0.995056 -0.980807 
-0.960519 0.997606 -0.995897 -0.980498 
-0.966129 0.998796 -0.997870 -0.989980 
-0.966129 0.998796 -0.997870 -0.989980 
-0.966129 0.998796 -0.997870 -0.989980 
0.968200 -0.998248 0.998750 0.996656 
-0.983110 0.960971 -0.994926 -0.965384 
-0.961249 0.997462 -0.995740 -0.980228 
-0.966129 0.998796 -0.997870 -0.989980 
-0.966129 0.998796 -0.997870 -0.989980 
-0.966129 0.998796 -0.997870 -0.989980 
0.968189 -0.998260 0.998751 0.996644 
-0.985279 0.931252 -0.989478 -0.904887 
-0.960176 0.997671 -0.995972 -0.980648 
-0.966129 0.998796 -0.997870 -0.989980 
-0.966129 0.998796 -0.997870 -0.989980 
-0.966129 0.998796 -0.997870 -0.989980 
0.968189 -0.998260 0.998751 0.996644 
-0.983110 0.960971 -0.994926 -0.965384 
-0.959231 0.997842 -0.996184 -0.981132 
-0.966129 0.998796 -0.997870 -0.989980 
-0.966129 0.998796 -0.997870 -0.989980 
-0.966129 0.998796 -0.997870 -0.989980 
0.968189 -0.998260 0.998751 0.996644 
-0.983110 0.960971 -0.994926 -0.965384 
-0.959231 0.997842 -0.996184 -0.981132 
-0.966129 0.998796 -0.997870 -0.989980 
-0.966129 0.998796 -0.997870 -0.989980 
-0.966129 0.998796 -0.997870 -0.989980 
0.968371 -0.998117 0.998741 0.996764 
-0.969093 0.994745 -0.994860 -0.980830 
-0.958403 0.997983 -0.996372 -0.981634 
-0.966129 0.998796 -0.997870 -0.989980 
-0.966129 0.998796 -0.997870 -0.989980 
-0.966129 0.998796 -0.997870 -0.989980 
0.968530 -0.998014 0.998736 0.996828 
-0.966995 0.995819 -0.994906 -0.980360 
-0.957911 0.998064 -0.996485 -0.981962 
-0.966129 0.998796 -0.997870 -0.989980 
-0.966129 0.998796 -0.997870 -0.989980 
-0.966129 0.998796 -0.997870 -0.989980 
0.968795 -0.997846 0.998729 0.996908 
-0.965240 0.996457 -0.995058 -0.979981 
-0.957256 0.998168 -0.996635 -0.982431 
-0.966129 0.998796 -0.997870 -0.989980 
-0.966129 0.998796 -0.997870 -0.989980 
-0.966129 0.998796 -0.997870 -0.989980 
0.968795 -0.997846 0.998729 0.996908 
-0.965240 0.996457 -0.995058 -0.979981 
-0.957256 0.998168 -0.996635 -0.982431 
-0.966129 0.998796 -0.997870 -0.989980 
-0.966129 0.998796 -0.997870 -0.989980 
-0.966129 0.998796 -0.997870 -0.989980 
0.969923 -0.997018 0.998723 0.997141 
-0.962835 0.997113 -0.995425 -0.979887 
-0.958151 0.998024 -0.996430 -0.981799 
-0.966129 0.998796 -0.997870 -0.989980 
-0.966129 0.998796 -0.997870 -0.989980 
-0.966129 0.998796 -0.997870 -0.989980 
0.970646 -0.996353 0.998734 0.997266 
-0.962414 0.997211 -0.995505 -0.979944 
-0.958403 0.997983 -0.996372 -0.981634 
-0.966129 0.998796 -0.997870 -0.989980 
-0.966129 0.998796 -0.997870 -0.989980 
-0.966129 0.998796 -0.997870 -0.989980 
0.970646 -0.996353 0.998734 0.997266 
-0.962414 0.997211 -0.995505 -0.979944 
-0.958403 0.997983 -0.996372 -0.981634 
-0.966129 0.998796 -0.997870 -0.989980 
-0.966129 0.998796 -0.997870 -0.989980 
-0.966129 0.998796 -0.997870 -0.989980 
0.973806 -0.990219 0.998944 0.997701 
-0.962835 0.997113 -0.995425 -0.979887 
-0.959848 0.997732 -0.996045 -0.980805 
-0.966129 0.998796 -0.997870 -0.989980 
-0.966129 0.998796 -0.997870 -0.989980 
-0.966129 0.998796 -0.997870 -0.989980 
0.974452 -0.985665 0.999071 0.997658 
-0.964713 0.996618 -0.995124 -0.979907 
-0.960519 0.997606 -0.995897 -0.980498 
-0.966129 0.998796 -0.997870 -0.989980 
-0.966129 0.998796 -0.997870 -0.989980 
-0.966129 0.998796 -0.997870 -0.989980 
0.974698 -0.983136 0.999124 0.997608 
-0.966377 0.996064 -0.994948 -0.980212 
-0.960519 0.997606 -0.995897 -0.980498 
-0.966129 0.998796 -0.997870 -0.989980 
-0.966129 0.998796 -0.997870 -0.989980 
-0.966129 0.998796 -0.997870 -0.989980 
0.974698 -0.983136 0.999124 0.997608 
-0.966377 0.996064 -0.994948 -0.980212 
-0.960519 0.997606 -0.995897 -0.980498 
-0.966129 0.998796 -0.997870 -0.989980 
-0.966129 0.998796 -0.997870 -0.989980 
-0.966129 0.998796 -0.997870 -0.989980 
-0.985279 0.931252 -0.989478 -0.904887 
-0.967650 0.995528 -0.994876 -0.980521 
-0.961249 0.997462 -0.995740 -0.980228 
-0.966129 0.998796 -0.997870 -0.989980 
-0.966129 0.998796 -0.997870 -0.989980 
-0.966129 0.998796 -0.997870 -0.989980 
-0.980518 0.974941 -0.995567 -0.976209 
-0.967650 0.995528 -0.994876 -0.980521 
-0.960876 0.997536 -0.995819 -0.980357 
-0.966129 0.998796 -0.997870 -0.989980 
-0.966129 0.998796 -0.997870 -0.989980 
-0.966129 0.998796 -0.997870 -0.989980 
-0.980518 0.974941 -0.995567 -0.976209 
-0.967650 0.995528 -0.994876 -0.980521 
-0.960876 0.997536 -0.995819 -0.980357 
-0.966129 0.998796 -0.997870 -0.989980 
-0.966129 0.998796 -0.997870 -0.989980 
-0.966129 0.998796 -0.997870 -0.989980 
-0.972844 0.991243 -0.995056 -0.980807 
-0.964211 0.996761 -0.995195 -0.979861 
-0.957681 0.998101 -0.996537 -0.982122 
-0.966129 0.998796 -0.997870 -0.989980 
-0.966129 0.998796 -0.997870 -0.989980 
-0.966129 0.998796 -0.997870 -0.989980 
-0.971738 0.992544 -0.994972 -0.980959 
-0.962414 0.997211 -0.995505 -0.979944 
-0.956872 0.998229 -0.996724 -0.982723 
-0.966129 0.998796 -0.997870 -0.989980 
-0.966129 0.998796 -0.997870 -0.989980 
-0.966129 0.998796 -0.997870 -0.989980 
-0.971738 0.992544 -0.994972 -0.980959 
-0.962414 0.997211 -0.995505 -0.979944 
-0.956872 0.998229 -0.996724 -0.982723 
-0.966129 0.998796 -0.997870 -0.989980 
-0.966129 0.998796 -0.997870 -0.989980 
-0.966129 0.998796 -0.997870 -0.989980 
-0.964713 0.996618 -0.995124 -0.979907 
-0.957786 0.998084 -0.996513 -0.982049 
-0.955698 0.998415 -0.997001 -0.983695 
-0.966129 0.998796 -0.997870 -0.989980 
-0.966129 0.998796 -0.997870 -0.989980 
-0.966129 0.998796 -0.997870 -0.989980 
-0.962835 0.997113 -0.995425 -0.979887 
-0.956986 0.998211 -0.996697 -0.982635 
-0.955698 0.998415 -0.997001 -0.983695 
-0.966129 0.998796 -0.997870 -0.989980 
-0.966129 0.998796 -0.997870 -0.989980 
-0.966129 0.998796 -0.997870 -0.989980 
-0.960890 0.997534 -0.995816 -0.980352 
-0.956190 0.998336 -0.996883 -0.983272 
-0.955817 0.998396 -0.996972 -0.983591 
-0.966129 0.998796 -0.997870 -0.989980 
-0.966129 0.998796 -0.997870 -0.989980 
-0.966129 0.998796 -0.997870 -0.989980 
-0.960890 0.997534 -0.995816 -0.980352 
-0.956190 0.998336 -0.996883 -0.983272 
-0.955817 0.998396 -0.996972 -0.983591 
-0.966129 0.998796 -0.997870 -0.989980 
-0.966129 0.998796 -0.997870 -0.989980 
-0.966129 0.998796 -0.997870 -0.989980 
-0.958493 0.997968 -0.996351 -0.981576 
-0.955694 0.998415 -0.997002 -0.983699 
-0.955587 0.998433 -0.997028 -0.983795 
-0.966129 0.998796 -0.997870 -0.989980 
-0.966129 0.998796 -0.997870 -0.989980 
-0.966129 0.998796 -0.997870 -0.989980 
-0.958011 0.998047 -0.996462 -0.981894 
-0.955587 0.998433 -0.997028 -0.983795 
-0.955942 0.998375 -0.996942 -0.983482 
-0.966129 0.998796 -0.997870 -0.989980 
-0.966129 0.998796 -0.997870 -0.989980 
-0.966129 0.998796 -0.997870 -0.989980 
-0.957786 0.998084 -0.996513 -0.982049 
-0.955694 0.998415 -0.997002 -0.983699 
-0.956368 0.998308 -0.996841 -0.983125 
-0.966129 0.998796 -0.997870 -0.989980 
-0.966129 0.998796 -0.997870 -0.989980 
-0.966129 0.998796 -0.997870 -0.989980 
-0.957786 0.998084 -0.996513 -0.982049 
-0.955694 0.998415 -0.997002 -0.983699 
-0.956368 0.998308 -0.996841 -0.983125 
-0.966129 0.998796 -0.997870 -0.989980 
-0.966129 0.998796 -0.997870 -0.989980 
-0.966129 0.998796 -0.997870 -0.989980 
-0.959300 0.997830 -0.996168 -0.981093 
-0.957171 0.998182 -0.996655 -0.982495 
-0.958403 0.997983 -0.996372 -0.981634 
-0.966129 0.998796 -0.997870 -0.989980 
-0.966129 0.998796 -0.997870 -0.989980 
-0.966129 0.998796 -0.997870 -0.989980 
-0.959592 0.997778 -0.996102 -0.980935 
-0.957786 0.998084 -0.996513 -0.982049 
-0.959533 0.997788 -0.996116 -0.980967 
-0.966129 0.998796 -0.997870 -0.989980 
-0.966129 0.998796 -0.997870 -0.989980 
-0.966129 0.998796 -0.997870 -0.989980 
-0.959898 0.997723 -0.996034 -0.980780 
-0.958750 0.997924 -0.996293 -0.981415 
-0.960876 0.997536 -0.995819 -0.980357 
-0.966129 0.998796 -0.997870 -0.989980 
-0.966129 0.998796 -0.997870 -0.989980 
-0.966129 0.998796 -0.997870 -0.989980 
-0.959898 0.997723 -0.996034 -0.980780 
-0.958750 0.997924 -0.996293 -0.981415 
-0.960876 0.997536 -0.995819 -0.980357 
-0.966129 0.998796 -0.997870 -0.989980 
-0.966129 0.998796 -0.997870 -0.989980 
-0.966129 0.998796 -0.997870 -0.989980 
-0.960890 0.997534 -0.995816 -0.980352 
-0.960890 0.997534 -0.995816 -0.980352 
-0.965436 0.996394 -0.995036 -0.980015 
-0.966129 0.998796 -0.997870 -0.989980 
-0.966129 0.998796 -0.997870 -0.989980 
-0.966129 0.998796 -0.997870 -0.989980 
-0.960890 0.997534 -0.995816 -0.980352 
-0.961249 0.997462 -0.995740 -0.980228 
-0.968758 0.994947 -0.994858 -0.980768 
-0.966129 0.998796 -0.997870 -0.989980 
-0.966129 0.998796 -0.997870 -0.989980 
-0.966129 0.998796 -0.997870 -0.989980 
-0.960890 0.997534 -0.995816 -0.980352 
-0.961249 0.997462 -0.995740 -0.980228 
-0.968758 0.994947 -0.994858 -0.980768 
-0.966129 0.998796 -0.997870 -0.989980 
-0.966129 0.998796 -0.997870 -0.989980 
-0.966129 0.998796 -0.997870 -0.989980 
-0.963274 0.997007 -0.995347 -0.979852 
-0.963732 0.996890 -0.995270 -0.979843 
-0.970446 0.993767 -0.994898 -0.980984 
-0.966129 0.998796 -0.997870 -0.989980 
-0.966129 0.998796 -0.997870 -0.989980 
-0.966129 0.998796 -0.997870 -0.989980 
-0.963274 0.997007 -0.995347 -0.979852 
-0.964211 0.996761 -0.995195 -0.979861 
-0.969567 0.994433 -0.994868 -0.980903 
-0.966129 0.998796 -0.997870 -0.989980 
-0.966129 0.998796 -0.997870 -0.989980 
-0.966129 0.998796 -0.997870 -0.989980 
-0.963274 0.997007 -0.995347 -0.979852 
-0.964211 0.996761 -0.995195 -0.979861 
-0.969567 0.994433 -0.994868 -0.980903 
-0.966129 0.998796 -0.997870 -0.989980 
-0.966129 0.998796 -0.997870 -0.989980 
-0.966129 0.998796 -0.997870 -0.989980 
-0.964211 0.996761 -0.995195 -0.979861 
-0.963732 0.996890 -0.995270 -0.979843 
-0.970446 0.993767 -0.994898 -0.980984 
-0.966129 0.998796 -0.997870 -0.989980 
-0.966129 0.998796 -0.997870 -0.989980 
-0.966129 0.998796 -0.997870 -0.989980 
-0.964713 0.996618 -0.995124 -0.979907 
-0.964211 0.996761 -0.995195 -0.979861 
-0.973821 0.989898 -0.995140 -0.980595 
-0.966129 0.998796 -0.997870 -0.989980 
-0.966129 0.998796 -0.997870 -0.989980 
-0.966129 0.998796 -0.997870 -0.989980 
-0.965793 0.996274 -0.994999 -0.980084 
-0.964211 0.996761 -0.995195 -0.979861 
-0.980193 0.976067 -0.995575 -0.976747 
-0.966129 0.998796 -0.997870 -0.989980 
-0.966129 0.998796 -0.997870 -0.989980 
-0.966129 0.998796 -0.997870 -0.989980 
-0.965793 0.996274 -0.994999 -0.980084 
-0.964211 0.996761 -0.995195 -0.979861 
-0.980193 0.976067 -0.995575 -0.976747 
-0.966129 0.998796 -0.997870 -0.989980 
-0.966129 0.998796 -0.997870 -0.989980 
-0.966129 0.998796 -0.997870 -0.989980 
-0.967650 0.995528 -0.994876 -0.980521 
-0.964713 0.996618 -0.995124 -0.979907 
0.980374 -0.914570 0.999310 0.994670 
-0.966129 0.998796 -0.997870 -0.989980 
-0.966129 0.998796 -0.997870 -0.989980 
-0.966129 0.998796 -0.997870 -0.989980 
-0.967650 0.995528 -0.994876 -0.980521 
-0.965240 0.996457 -0.995058 -0.979981 
0.978917 -0.942445 0.999378 0.996575 
-0.966129 0.998796 -0.997870 -0.989980 
-0.966129 0.998796 -0.997870 -0.989980 
-0.966129 0.998796 -0.997870 -0.989980 
-0.967650 0.995528 -0.994876 -0.980521 
-0.965240 0.996457 -0.995058 -0.979981 
0.978917 -0.942445 0.999378 0.996575 
-0.966129 0.998796 -0.997870 -0.989980 
-0.966129 0.998796 -0.997870 -0.989980 
-0.966129 0.998796 -0.997870 -0.989980 
-0.977935 0.982287 -0.995497 -0.978993 
-0.969093 0.994745 -0.994860 -0.980830 
0.973699 -0.990696 0.998928 0.997697 
-0.966129 0.998796 -0.997870 -0.989980 
-0.966129 0.998796 -0.997870 -0.989980 
-0.966129 0.998796 -0.997870 -0.989980 
-0.093498 0.383139 0.691080 0.620213 
-0.969896 0.994198 -0.994877 -0.980942 
0.972981 -0.992932 0.998847 0.997630 
-0.966129 0.998796 -0.997870 -0.989980 
-0.966129 0.998796 -0.997870 -0.989980 
-0.966129 0.998796 -0.997870 -0.989980 
-0.093498 0.383139 0.691080 0.620213 
-0.969896 0.994198 -0.994877 -0.980942 
0.972981 -0.992932 0.998847 0.997630 
-0.966129 0.998796 -0.997870 -0.989980 
-0.966129 0.998796 -0.997870 -0.989980 
-0.966129 0.998796 -0.997870 -0.989980 
0.972011 -0.994709 0.998782 0.997490 
0.980440 -0.911750 0.999295 0.994371 
0.973222 -0.992318 0.998870 0.997658 
-0.966129 0.998796 -0.997870 -0.989980 
-0.966129 0.998796 -0.997870 -0.989980 
-0.966129 0.998796 -0.997870 -0.989980 
