0.722617 0.989785 -0.123009 0.116057 
0.722617 0.989785 -0.123009 0.116057 
0.722617 0.989785 -0.123009 0.116057 
0.722617 0.989785 -0.123009 0.116057 
0.722617 0.989785 -0.123009 0.116057 
0.728195 0.989059 -0.149789 0.139453 
0.728195 0.989059 -0.149789 0.139453 
0.728195 0.989059 -0.149789 0.139453 
0.016062 0.977372 0.490613 -0.819739 
0.559425 0.815831 0.621107 -0.859429 
0.559425 0.815831 0.621107 -0.859429 
0.559425 0.815831 0.621107 -0.859429 
0.741817 0.563673 0.539742 -0.809938 
0.808219 0.353001 0.516001 -0.808282 
0.808219 0.353001 0.516001 -0.808282 
0.808219 0.353001 0.516001 -0.808282 
0.795675 0.365351 0.616624 -0.821610 
0.795675 0.365351 0.616624 -0.821610 
0.795675 0.365351 0.616624 -0.821610 
0.795675 0.365351 0.616624 -0.821610 
0.795675 0.365351 0.616624 -0.821610 
0.795675 0.365351 0.616624 -0.821610 
0.056403 0.238109 0.966242 -0.772269 
0.056403 0.238109 0.966242 -0.772269 
-0.161560 -0.240441 0.926967 -0.896960 
-0.628416 -0.005743 0.985656 -0.904224 
-0.628416 -0.005743 0.985656 -0.904224 
-0.628416 -0.005743 0.985656 -0.904224 
-0.628416 -0.005743 0.985656 -0.904224 
-0.503020 -0.700003 0.993615 -0.791196 
-0.949672 -0.997568 0.811793 -0.996025 
-0.949672 -0.997568 0.811793 -0.996025 
-0.880407 -0.984225 0.569691 -0.976825 
-0.323988 -0.807714 0.602462 -0.674175 
-0.323988 -0.807714 0.602462 -0.674175 
0.689478 -0.414221 -0.545866 -0.492564 
-0.222814 -0.870502 -0.964682 -0.753641 
-0.377160 -0.943611 -0.987598 -0.917115 
-0.377160 -0.943611 -0.987598 -0.917115 
-0.898152 0.798259 -0.997048 -0.702749 
-0.996458 -0.807972 -0.997955 -0.927646 
-0.913252 0.142974 -0.999681 -0.808542 
-0.913252 0.142974 -0.999681 -0.808542 
-0.758357 0.804741 -0.972679 -0.345551 
-0.421134 0.994642 -0.875916 0.163331 
-0.427622 0.994584 -0.899095 0.147200 
-0.427622 0.994584 -0.899095 0.147200 
-0.196129 0.975850 -0.754889 0.611891 
0.344636 0.873793 -0.861788 0.904674 
0.344636 0.873793 -0.861788 0.904674 
0.347958 0.933429 -0.975882 0.928418 
0.347958 0.933429 -0.975882 0.928418 
0.350235 0.944513 -0.962863 0.917090 
0.350235 0.944513 -0.962863 0.917090 
0.857302 0.858519 -0.809126 0.913122 
0.512285 0.986346 -0.146139 0.104894 
0.512285 0.986346 -0.146139 0.104894 
0.330885 0.995724 0.395515 -0.753869 
0.701158 0.990117 -0.016391 -0.000514 
0.269268 0.979018 0.475474 -0.814802 
0.269268 0.979018 0.475474 -0.814802 
0.760958 0.530108 0.437178 -0.808097 
