0.834364 0.921478 -0.119448 -0.017629 
0.819028 0.929068 0.028827 -0.023499 
0.819028 0.929068 0.028827 -0.023499 
0.776496 0.984139 -0.021494 0.115532 
0.926125 0.892375 -0.800881 0.915012 
0.926259 0.892051 -0.801342 0.915320 
0.926259 0.892051 -0.801342 0.915320 
0.927542 0.885751 -0.809647 0.918258 
0.728195 0.989059 -0.149789 0.139453 
0.728195 0.989059 -0.149789 0.139453 
0.269268 0.979018 0.475474 -0.814802 
0.269268 0.979018 0.475474 -0.814802 
0.016062 0.977372 0.490613 -0.819739 
0.016062 0.977372 0.490613 -0.819739 
0.559425 0.815831 0.621107 -0.859429 
0.760958 0.530108 0.437178 -0.808097 
0.761115 0.529626 0.437428 -0.808098 
0.761115 0.529626 0.437428 -0.808098 
0.808219 0.353001 0.516001 -0.808282 
0.795675 0.365351 0.616624 -0.821610 
0.795675 0.365351 0.616624 -0.821610 
0.795675 0.365351 0.616624 -0.821610 
0.795675 0.365351 0.616624 -0.821610 
0.056403 0.238109 0.966242 -0.772269 
0.056403 0.238109 0.966242 -0.772269 
-0.161559 -0.240438 0.926968 -0.896959 
-0.085385 -0.202169 0.981277 -0.885544 
-0.085385 -0.202169 0.981277 -0.885544 
-0.085385 -0.202169 0.981277 -0.885544 
-0.341531 -0.590478 0.961835 -0.956771 
-0.915604 -0.714538 0.990616 -0.989504 
-0.956320 -0.905811 0.981078 -0.996264 
-0.956320 -0.905811 0.981078 -0.996264 
-0.764619 -0.760810 0.951652 -0.979534 
0.210849 0.094009 0.428392 -0.933672 
-0.053892 -0.026989 0.130841 -0.958400 
-0.053892 -0.026989 0.130841 -0.958400 
0.583762 0.075634 -0.385415 -0.390960 
0.689482 -0.413993 -0.545415 -0.492733 
0.689482 -0.413993 -0.545415 -0.492733 
0.689482 -0.413993 -0.545415 -0.492733 
-0.649680 -0.941415 -0.999434 -0.921258 
-0.988167 -0.323024 -0.973121 -0.774985 
-0.988167 -0.323024 -0.973121 -0.774985 
-0.911092 0.129226 -0.999706 -0.808002 
-0.734917 0.244739 -0.998794 0.553625 
-0.734917 0.244739 -0.998794 0.553625 
-0.741240 0.531537 -0.999764 0.501139 
-0.741240 0.531537 -0.999764 0.501139 
-0.741240 0.531537 -0.999764 0.501139 
-0.741240 0.531537 -0.999764 0.501139 
-0.604565 0.592996 -0.999578 0.820917 
-0.594904 0.612909 -0.999547 0.658654 
-0.594904 0.612909 -0.999547 0.658654 
0.366974 0.873428 -0.855717 0.939773 
0.857302 0.858519 -0.809126 0.913122 
0.857302 0.858519 -0.809126 0.913122 
0.665219 0.949886 -0.493496 0.418692 
0.671732 0.946401 -0.513860 0.438110 
0.671732 0.946401 -0.513860 0.438110 
