-0.972844 0.991243 -0.995056 -0.980807 
0.973806 -0.990219 0.998944 0.997701 
-0.960876 0.997536 -0.995819 -0.980357 
-0.966129 0.998796 -0.997870 -0.989980 
-0.966129 0.998796 -0.997870 -0.989980 
-0.966129 0.998796 -0.997870 -0.989980 
-0.970769 0.993489 -0.994913 -0.980995 
0.974023 -0.989050 0.998981 0.997701 
-0.960876 0.997536 -0.995819 -0.980357 
-0.966129 0.998796 -0.997870 -0.989980 
-0.966129 0.998796 -0.997870 -0.989980 
-0.966129 0.998796 -0.997870 -0.989980 
-0.970769 0.993489 -0.994913 -0.980995 
0.974023 -0.989050 0.998981 0.997701 
-0.960876 0.997536 -0.995819 -0.980357 
-0.966129 0.998796 -0.997870 -0.989980 
-0.966129 0.998796 -0.997870 -0.989980 
-0.966129 0.998796 -0.997870 -0.989980 
-0.966377 0.996064 -0.994948 -0.980212 
0.975022 -0.979690 0.999181 0.997536 
-0.961249 0.997462 -0.995740 -0.980228 
-0.966129 0.998796 -0.997870 -0.989980 
-0.966129 0.998796 -0.997870 -0.989980 
-0.966129 0.998796 -0.997870 -0.989980 
-0.966377 0.996064 -0.994948 -0.980212 
0.974698 -0.983136 0.999124 0.997608 
-0.961249 0.997462 -0.995740 -0.980228 
-0.966129 0.998796 -0.997870 -0.989980 
-0.966129 0.998796 -0.997870 -0.989980 
-0.966129 0.998796 -0.997870 -0.989980 
-0.966995 0.995819 -0.994906 -0.980360 
0.975022 -0.979690 0.999181 0.997536 
-0.962041 0.997294 -0.995578 -0.980015 
-0.966129 0.998796 -0.997870 -0.989980 
-0.966129 0.998796 -0.997870 -0.989980 
-0.966129 0.998796 -0.997870 -0.989980 
-0.966995 0.995819 -0.994906 -0.980360 
0.975022 -0.979690 0.999181 0.997536 
-0.962041 0.997294 -0.995578 -0.980015 
-0.966129 0.998796 -0.997870 -0.989980 
-0.966129 0.998796 -0.997870 -0.989980 
-0.966129 0.998796 -0.997870 -0.989980 
-0.967650 0.995528 -0.994876 -0.980521 
0.975022 -0.979690 0.999181 0.997536 
-0.963845 0.996860 -0.995252 -0.979845 
-0.966129 0.998796 -0.997870 -0.989980 
-0.966129 0.998796 -0.997870 -0.989980 
-0.966129 0.998796 -0.997870 -0.989980 
-0.967650 0.995528 -0.994876 -0.980521 
0.975513 -0.974844 0.999242 0.997436 
-0.964879 0.996568 -0.995103 -0.979927 
-0.966129 0.998796 -0.997870 -0.989980 
-0.966129 0.998796 -0.997870 -0.989980 
-0.966129 0.998796 -0.997870 -0.989980 
-0.967650 0.995528 -0.994876 -0.980521 
0.975513 -0.974844 0.999242 0.997436 
-0.964879 0.996568 -0.995103 -0.979927 
-0.966129 0.998796 -0.997870 -0.989980 
-0.966129 0.998796 -0.997870 -0.989980 
-0.966129 0.998796 -0.997870 -0.989980 
-0.965793 0.996274 -0.994999 -0.980084 
0.980440 -0.911750 0.999295 0.994371 
-0.968758 0.994947 -0.994858 -0.980768 
-0.966129 0.998796 -0.997870 -0.989980 
-0.966129 0.998796 -0.997870 -0.989980 
-0.966129 0.998796 -0.997870 -0.989980 
-0.964713 0.996618 -0.995124 -0.979907 
0.979373 -0.855920 0.998783 0.984073 
-0.970446 0.993767 -0.994898 -0.980984 
-0.966129 0.998796 -0.997870 -0.989980 
-0.966129 0.998796 -0.997870 -0.989980 
-0.966129 0.998796 -0.997870 -0.989980 
-0.964211 0.996761 -0.995195 -0.979861 
-0.985279 0.931252 -0.989478 -0.904887 
-0.972517 0.991653 -0.995029 -0.980862 
-0.966129 0.998796 -0.997870 -0.989980 
-0.966129 0.998796 -0.997870 -0.989980 
-0.966129 0.998796 -0.997870 -0.989980 
-0.964211 0.996761 -0.995195 -0.979861 
-0.985279 0.931252 -0.989478 -0.904887 
-0.972517 0.991653 -0.995029 -0.980862 
-0.966129 0.998796 -0.997870 -0.989980 
-0.966129 0.998796 -0.997870 -0.989980 
-0.966129 0.998796 -0.997870 -0.989980 
-0.966377 0.996064 -0.994948 -0.980212 
-0.974163 0.989386 -0.995172 -0.980508 
-0.977561 0.983131 -0.995471 -0.979216 
-0.966129 0.998796 -0.997870 -0.989980 
-0.966129 0.998796 -0.997870 -0.989980 
-0.966129 0.998796 -0.997870 -0.989980 
-0.969896 0.994198 -0.994877 -0.980942 
-0.975815 0.986623 -0.995324 -0.979997 
-0.982922 0.962496 -0.995044 -0.966981 
-0.966129 0.998796 -0.997870 -0.989980 
-0.966129 0.998796 -0.997870 -0.989980 
-0.966129 0.998796 -0.997870 -0.989980 
-0.980518 0.974941 -0.995567 -0.976209 
-0.975815 0.986623 -0.995324 -0.979997 
-0.093498 0.383139 0.691080 0.620213 
-0.966129 0.998796 -0.997870 -0.989980 
-0.966129 0.998796 -0.997870 -0.989980 
-0.966129 0.998796 -0.997870 -0.989980 
-0.980518 0.974941 -0.995567 -0.976209 
-0.975815 0.986623 -0.995324 -0.979997 
-0.093498 0.383139 0.691080 0.620213 
-0.966129 0.998796 -0.997870 -0.989980 
-0.966129 0.998796 -0.997870 -0.989980 
-0.966129 0.998796 -0.997870 -0.989980 
0.974023 -0.989050 0.998981 0.997701 
-0.983110 0.960971 -0.994926 -0.965384 
0.977297 -0.959089 0.999348 0.997108 
-0.966129 0.998796 -0.997870 -0.989980 
-0.966129 0.998796 -0.997870 -0.989980 
-0.966129 0.998796 -0.997870 -0.989980 
0.973352 -0.991941 0.998884 0.997671 
-0.980518 0.974941 -0.995567 -0.976209 
0.978917 -0.942445 0.999378 0.996575 
-0.966129 0.998796 -0.997870 -0.989980 
-0.966129 0.998796 -0.997870 -0.989980 
-0.966129 0.998796 -0.997870 -0.989980 
0.973352 -0.991941 0.998884 0.997671 
-0.980518 0.974941 -0.995567 -0.976209 
0.978917 -0.942445 0.999378 0.996575 
-0.966129 0.998796 -0.997870 -0.989980 
-0.966129 0.998796 -0.997870 -0.989980 
-0.966129 0.998796 -0.997870 -0.989980 
0.971261 -0.995687 0.998751 0.997369 
-0.093498 0.383139 0.691080 0.620213 
-0.980193 0.976067 -0.995575 -0.976747 
-0.966129 0.998796 -0.997870 -0.989980 
-0.966129 0.998796 -0.997870 -0.989980 
-0.966129 0.998796 -0.997870 -0.989980 
0.970938 -0.996049 0.998741 0.997315 
0.979373 -0.855920 0.998783 0.984073 
-0.977561 0.983131 -0.995471 -0.979216 
-0.966129 0.998796 -0.997870 -0.989980 
-0.966129 0.998796 -0.997870 -0.989980 
-0.966129 0.998796 -0.997870 -0.989980 
0.970938 -0.996049 0.998741 0.997315 
0.979373 -0.855920 0.998783 0.984073 
-0.977561 0.983131 -0.995471 -0.979216 
-0.966129 0.998796 -0.997870 -0.989980 
-0.966129 0.998796 -0.997870 -0.989980 
-0.966129 0.998796 -0.997870 -0.989980 
0.970258 -0.996724 0.998727 0.997199 
0.975022 -0.979690 0.999181 0.997536 
-0.982922 0.962496 -0.995044 -0.966981 
-0.966129 0.998796 -0.997870 -0.989980 
-0.966129 0.998796 -0.997870 -0.989980 
-0.966129 0.998796 -0.997870 -0.989980 
0.969923 -0.997018 0.998723 0.997141 
0.974452 -0.985665 0.999071 0.997658 
-0.982922 0.962496 -0.995044 -0.966981 
-0.966129 0.998796 -0.997870 -0.989980 
-0.966129 0.998796 -0.997870 -0.989980 
-0.966129 0.998796 -0.997870 -0.989980 
0.969923 -0.997018 0.998723 0.997141 
0.974452 -0.985665 0.999071 0.997658 
-0.982922 0.962496 -0.995044 -0.966981 
-0.966129 0.998796 -0.997870 -0.989980 
-0.966129 0.998796 -0.997870 -0.989980 
-0.966129 0.998796 -0.997870 -0.989980 
0.969376 -0.997448 0.998722 0.997039 
0.974452 -0.985665 0.999071 0.997658 
-0.982922 0.962496 -0.995044 -0.966981 
-0.966129 0.998796 -0.997870 -0.989980 
-0.966129 0.998796 -0.997870 -0.989980 
-0.966129 0.998796 -0.997870 -0.989980 
0.969225 -0.997557 0.998723 0.997009 
0.974698 -0.983136 0.999124 0.997608 
-0.977561 0.983131 -0.995471 -0.979216 
-0.966129 0.998796 -0.997870 -0.989980 
-0.966129 0.998796 -0.997870 -0.989980 
-0.966129 0.998796 -0.997870 -0.989980 
0.969225 -0.997557 0.998723 0.997009 
0.974698 -0.983136 0.999124 0.997608 
-0.977561 0.983131 -0.995471 -0.979216 
-0.966129 0.998796 -0.997870 -0.989980 
-0.966129 0.998796 -0.997870 -0.989980 
-0.966129 0.998796 -0.997870 -0.989980 
0.969087 -0.997652 0.998724 0.996979 
0.977524 -0.957032 0.999355 0.997057 
-0.971415 0.992879 -0.994950 -0.980981 
-0.966129 0.998796 -0.997870 -0.989980 
-0.966129 0.998796 -0.997870 -0.989980 
-0.966129 0.998796 -0.997870 -0.989980 
0.968961 -0.997737 0.998726 0.996950 
0.977524 -0.957032 0.999355 0.997057 
-0.969567 0.994433 -0.994868 -0.980903 
-0.966129 0.998796 -0.997870 -0.989980 
-0.966129 0.998796 -0.997870 -0.989980 
-0.966129 0.998796 -0.997870 -0.989980 
0.968744 -0.997878 0.998730 0.996894 
0.979114 -0.939923 0.999377 0.996464 
-0.968007 0.995355 -0.994866 -0.980606 
-0.966129 0.998796 -0.997870 -0.989980 
-0.966129 0.998796 -0.997870 -0.989980 
-0.966129 0.998796 -0.997870 -0.989980 
0.968744 -0.997878 0.998730 0.996894 
0.979114 -0.939923 0.999377 0.996464 
-0.968007 0.995355 -0.994866 -0.980606 
-0.966129 0.998796 -0.997870 -0.989980 
-0.966129 0.998796 -0.997870 -0.989980 
-0.966129 0.998796 -0.997870 -0.989980 
0.968399 -0.998099 0.998740 0.996777 
0.979373 -0.855920 0.998783 0.984073 
-0.966023 0.996194 -0.994977 -0.980132 
-0.966129 0.998796 -0.997870 -0.989980 
-0.966129 0.998796 -0.997870 -0.989980 
-0.966129 0.998796 -0.997870 -0.989980 
0.968429 -0.998079 0.998739 0.996789 
-0.093498 0.383139 0.691080 0.620213 
-0.965436 0.996394 -0.995036 -0.980015 
-0.966129 0.998796 -0.997870 -0.989980 
-0.966129 0.998796 -0.997870 -0.989980 
-0.966129 0.998796 -0.997870 -0.989980 
0.968494 -0.998037 0.998737 0.996815 
-0.985279 0.931252 -0.989478 -0.904887 
-0.964879 0.996568 -0.995103 -0.979927 
-0.966129 0.998796 -0.997870 -0.989980 
-0.966129 0.998796 -0.997870 -0.989980 
-0.966129 0.998796 -0.997870 -0.989980 
0.968494 -0.998037 0.998737 0.996815 
-0.985279 0.931252 -0.989478 -0.904887 
-0.964879 0.996568 -0.995103 -0.979927 
-0.966129 0.998796 -0.997870 -0.989980 
-0.966129 0.998796 -0.997870 -0.989980 
-0.966129 0.998796 -0.997870 -0.989980 
0.968697 -0.997908 0.998731 0.996881 
-0.975815 0.986623 -0.995324 -0.979997 
-0.963845 0.996860 -0.995252 -0.979845 
-0.966129 0.998796 -0.997870 -0.989980 
-0.966129 0.998796 -0.997870 -0.989980 
-0.966129 0.998796 -0.997870 -0.989980 
0.968744 -0.997878 0.998730 0.996894 
-0.974163 0.989386 -0.995172 -0.980508 
-0.963364 0.996984 -0.995331 -0.979848 
-0.966129 0.998796 -0.997870 -0.989980 
-0.966129 0.998796 -0.997870 -0.989980 
-0.966129 0.998796 -0.997870 -0.989980 
0.968847 -0.997812 0.998728 0.996922 
-0.972844 0.991243 -0.995056 -0.980807 
-0.962904 0.997097 -0.995413 -0.979879 
-0.966129 0.998796 -0.997870 -0.989980 
-0.966129 0.998796 -0.997870 -0.989980 
-0.966129 0.998796 -0.997870 -0.989980 
0.968847 -0.997812 0.998728 0.996922 
-0.972844 0.991243 -0.995056 -0.980807 
-0.962904 0.997097 -0.995413 -0.979879 
-0.966129 0.998796 -0.997870 -0.989980 
-0.966129 0.998796 -0.997870 -0.989980 
-0.966129 0.998796 -0.997870 -0.989980 
0.969457 -0.997388 0.998722 0.997055 
-0.970769 0.993489 -0.994913 -0.980995 
-0.963364 0.996984 -0.995331 -0.979848 
-0.966129 0.998796 -0.997870 -0.989980 
-0.966129 0.998796 -0.997870 -0.989980 
-0.966129 0.998796 -0.997870 -0.989980 
0.969821 -0.997103 0.998722 0.997123 
-0.970769 0.993489 -0.994913 -0.980995 
-0.962904 0.997097 -0.995413 -0.979879 
-0.966129 0.998796 -0.997870 -0.989980 
-0.966129 0.998796 -0.997870 -0.989980 
-0.966129 0.998796 -0.997870 -0.989980 
0.970141 -0.996829 0.998725 0.997179 
-0.971738 0.992544 -0.994972 -0.980959 
-0.961637 0.997381 -0.995659 -0.980113 
-0.966129 0.998796 -0.997870 -0.989980 
-0.966129 0.998796 -0.997870 -0.989980 
-0.966129 0.998796 -0.997870 -0.989980 
0.970141 -0.996829 0.998725 0.997179 
-0.971738 0.992544 -0.994972 -0.980959 
-0.961637 0.997381 -0.995659 -0.980113 
-0.966129 0.998796 -0.997870 -0.989980 
-0.966129 0.998796 -0.997870 -0.989980 
-0.966129 0.998796 -0.997870 -0.989980 
0.970788 -0.996207 0.998737 0.997290 
-0.980518 0.974941 -0.995567 -0.976209 
-0.960876 0.997536 -0.995819 -0.980357 
-0.966129 0.998796 -0.997870 -0.989980 
-0.966129 0.998796 -0.997870 -0.989980 
-0.966129 0.998796 -0.997870 -0.989980 
0.970788 -0.996207 0.998737 0.997290 
-0.985279 0.931252 -0.989478 -0.904887 
-0.960876 0.997536 -0.995819 -0.980357 
-0.966129 0.998796 -0.997870 -0.989980 
-0.966129 0.998796 -0.997870 -0.989980 
-0.966129 0.998796 -0.997870 -0.989980 
0.970788 -0.996207 0.998737 0.997290 
-0.985279 0.931252 -0.989478 -0.904887 
-0.960876 0.997536 -0.995819 -0.980357 
-0.966129 0.998796 -0.997870 -0.989980 
-0.966129 0.998796 -0.997870 -0.989980 
-0.966129 0.998796 -0.997870 -0.989980 
0.971810 -0.994993 0.998773 0.997459 
-0.985279 0.931252 -0.989478 -0.904887 
-0.959848 0.997732 -0.996045 -0.980805 
-0.966129 0.998796 -0.997870 -0.989980 
-0.966129 0.998796 -0.997870 -0.989980 
-0.966129 0.998796 -0.997870 -0.989980 
0.972436 -0.994028 0.998806 0.997555 
-0.975815 0.986623 -0.995324 -0.979997 
-0.960176 0.997671 -0.995972 -0.980648 
-0.966129 0.998796 -0.997870 -0.989980 
-0.966129 0.998796 -0.997870 -0.989980 
-0.966129 0.998796 -0.997870 -0.989980 
0.972436 -0.994028 0.998806 0.997555 
-0.975815 0.986623 -0.995324 -0.979997 
-0.960176 0.997671 -0.995972 -0.980648 
-0.966129 0.998796 -0.997870 -0.989980 
-0.966129 0.998796 -0.997870 -0.989980 
-0.966129 0.998796 -0.997870 -0.989980 
0.973806 -0.990219 0.998944 0.997701 
-0.967650 0.995528 -0.994876 -0.980521 
-0.959231 0.997842 -0.996184 -0.981132 
-0.966129 0.998796 -0.997870 -0.989980 
-0.966129 0.998796 -0.997870 -0.989980 
-0.966129 0.998796 -0.997870 -0.989980 
0.974452 -0.985665 0.999071 0.997658 
-0.963274 0.997007 -0.995347 -0.979852 
-0.957059 0.998200 -0.996680 -0.982580 
-0.966129 0.998796 -0.997870 -0.989980 
-0.966129 0.998796 -0.997870 -0.989980 
-0.966129 0.998796 -0.997870 -0.989980 
0.976303 -0.967778 0.999302 0.997296 
-0.960546 0.997601 -0.995891 -0.980487 
-0.956527 0.998283 -0.996804 -0.982996 
-0.966129 0.998796 -0.997870 -0.989980 
-0.966129 0.998796 -0.997870 -0.989980 
-0.966129 0.998796 -0.997870 -0.989980 
-0.985279 0.931252 -0.989478 -0.904887 
-0.958493 0.997968 -0.996351 -0.981576 
-0.956218 0.998332 -0.996877 -0.983249 
-0.966129 0.998796 -0.997870 -0.989980 
-0.966129 0.998796 -0.997870 -0.989980 
-0.966129 0.998796 -0.997870 -0.989980 
-0.985279 0.931252 -0.989478 -0.904887 
-0.958493 0.997968 -0.996351 -0.981576 
-0.956218 0.998332 -0.996877 -0.983249 
-0.966129 0.998796 -0.997870 -0.989980 
-0.966129 0.998796 -0.997870 -0.989980 
-0.966129 0.998796 -0.997870 -0.989980 
-0.964713 0.996618 -0.995124 -0.979907 
-0.956055 0.998358 -0.996915 -0.983386 
-0.955385 0.998467 -0.997078 -0.983981 
-0.966129 0.998796 -0.997870 -0.989980 
-0.966129 0.998796 -0.997870 -0.989980 
-0.966129 0.998796 -0.997870 -0.989980 
-0.962414 0.997211 -0.995505 -0.979944 
-0.955807 0.998397 -0.996974 -0.983599 
-0.955208 0.998497 -0.997124 -0.984149 
-0.966129 0.998796 -0.997870 -0.989980 
-0.966129 0.998796 -0.997870 -0.989980 
-0.966129 0.998796 -0.997870 -0.989980 
-0.962414 0.997211 -0.995505 -0.979944 
-0.955807 0.998397 -0.996974 -0.983599 
-0.955208 0.998497 -0.997124 -0.984149 
-0.966129 0.998796 -0.997870 -0.989980 
-0.966129 0.998796 -0.997870 -0.989980 
-0.966129 0.998796 -0.997870 -0.989980 
-0.959592 0.997778 -0.996102 -0.980935 
-0.956055 0.998358 -0.996915 -0.983386 
-0.955385 0.998467 -0.997078 -0.983981 
-0.966129 0.998796 -0.997870 -0.989980 
-0.966129 0.998796 -0.997870 -0.989980 
-0.966129 0.998796 -0.997870 -0.989980 
-0.959898 0.997723 -0.996034 -0.980780 
-0.956190 0.998336 -0.996883 -0.983272 
-0.955698 0.998415 -0.997001 -0.983695 
-0.966129 0.998796 -0.997870 -0.989980 
-0.966129 0.998796 -0.997870 -0.989980 
-0.966129 0.998796 -0.997870 -0.989980 
-0.959898 0.997723 -0.996034 -0.980780 
-0.956190 0.998336 -0.996883 -0.983272 
-0.955698 0.998415 -0.997001 -0.983695 
-0.966129 0.998796 -0.997870 -0.989980 
-0.966129 0.998796 -0.997870 -0.989980 
-0.966129 0.998796 -0.997870 -0.989980 
-0.962010 0.997301 -0.995584 -0.980022 
-0.957571 0.998118 -0.996562 -0.982201 
-0.956695 0.998257 -0.996765 -0.982862 
-0.966129 0.998796 -0.997870 -0.989980 
-0.966129 0.998796 -0.997870 -0.989980 
-0.966129 0.998796 -0.997870 -0.989980 
-0.962835 0.997113 -0.995425 -0.979887 
-0.958246 0.998009 -0.996408 -0.981736 
-0.957463 0.998136 -0.996587 -0.982279 
-0.966129 0.998796 -0.997870 -0.989980 
-0.966129 0.998796 -0.997870 -0.989980 
-0.966129 0.998796 -0.997870 -0.989980 
-0.962835 0.997113 -0.995425 -0.979887 
-0.958246 0.998009 -0.996408 -0.981736 
-0.957463 0.998136 -0.996587 -0.982279 
-0.966129 0.998796 -0.997870 -0.989980 
-0.966129 0.998796 -0.997870 -0.989980 
-0.966129 0.998796 -0.997870 -0.989980 
-0.965240 0.996457 -0.995058 -0.979981 
-0.959898 0.997723 -0.996034 -0.980780 
-0.960519 0.997606 -0.995897 -0.980498 
-0.966129 0.998796 -0.997870 -0.989980 
-0.966129 0.998796 -0.997870 -0.989980 
-0.966129 0.998796 -0.997870 -0.989980 
-0.964713 0.996618 -0.995124 -0.979907 
-0.960546 0.997601 -0.995891 -0.980487 
-0.962041 0.997294 -0.995578 -0.980015 
-0.966129 0.998796 -0.997870 -0.989980 
-0.966129 0.998796 -0.997870 -0.989980 
-0.966129 0.998796 -0.997870 -0.989980 
-0.964713 0.996618 -0.995124 -0.979907 
-0.960546 0.997601 -0.995891 -0.980487 
-0.962041 0.997294 -0.995578 -0.980015 
-0.966129 0.998796 -0.997870 -0.989980 
-0.966129 0.998796 -0.997870 -0.989980 
-0.966129 0.998796 -0.997870 -0.989980 
-0.962835 0.997113 -0.995425 -0.979887 
-0.962414 0.997211 -0.995505 -0.979944 
-0.966023 0.996194 -0.994977 -0.980132 
-0.966129 0.998796 -0.997870 -0.989980 
-0.966129 0.998796 -0.997870 -0.989980 
-0.966129 0.998796 -0.997870 -0.989980 
-0.962414 0.997211 -0.995505 -0.979944 
-0.963274 0.997007 -0.995347 -0.979852 
-0.967304 0.995686 -0.994890 -0.980436 
-0.966129 0.998796 -0.997870 -0.989980 
-0.966129 0.998796 -0.997870 -0.989980 
-0.966129 0.998796 -0.997870 -0.989980 
-0.962414 0.997211 -0.995505 -0.979944 
-0.963274 0.997007 -0.995347 -0.979852 
-0.967304 0.995686 -0.994890 -0.980436 
-0.966129 0.998796 -0.997870 -0.989980 
-0.966129 0.998796 -0.997870 -0.989980 
-0.966129 0.998796 -0.997870 -0.989980 
-0.962414 0.997211 -0.995505 -0.979944 
-0.965793 0.996274 -0.994999 -0.980084 
-0.971415 0.992879 -0.994950 -0.980981 
-0.966129 0.998796 -0.997870 -0.989980 
-0.966129 0.998796 -0.997870 -0.989980 
-0.966129 0.998796 -0.997870 -0.989980 
-0.962414 0.997211 -0.995505 -0.979944 
-0.966995 0.995819 -0.994906 -0.980360 
-0.972517 0.991653 -0.995029 -0.980862 
-0.966129 0.998796 -0.997870 -0.989980 
-0.966129 0.998796 -0.997870 -0.989980 
-0.966129 0.998796 -0.997870 -0.989980 
-0.962835 0.997113 -0.995425 -0.979887 
-0.967650 0.995528 -0.994876 -0.980521 
-0.975451 0.987273 -0.995291 -0.980123 
-0.966129 0.998796 -0.997870 -0.989980 
-0.966129 0.998796 -0.997870 -0.989980 
-0.966129 0.998796 -0.997870 -0.989980 
-0.962835 0.997113 -0.995425 -0.979887 
-0.967650 0.995528 -0.994876 -0.980521 
-0.975451 0.987273 -0.995291 -0.980123 
-0.966129 0.998796 -0.997870 -0.989980 
-0.966129 0.998796 -0.997870 -0.989980 
-0.966129 0.998796 -0.997870 -0.989980 
-0.963732 0.996890 -0.995270 -0.979843 
-0.969896 0.994198 -0.994877 -0.980942 
-0.985194 0.933001 -0.990014 -0.910160 
-0.966129 0.998796 -0.997870 -0.989980 
-0.966129 0.998796 -0.997870 -0.989980 
-0.966129 0.998796 -0.997870 -0.989980 
-0.964713 0.996618 -0.995124 -0.979907 
-0.970769 0.993489 -0.994913 -0.980995 
-0.985194 0.933001 -0.990014 -0.910160 
-0.966129 0.998796 -0.997870 -0.989980 
-0.966129 0.998796 -0.997870 -0.989980 
-0.966129 0.998796 -0.997870 -0.989980 
-0.964713 0.996618 -0.995124 -0.979907 
-0.970769 0.993489 -0.994913 -0.980995 
-0.985194 0.933001 -0.990014 -0.910160 
-0.966129 0.998796 -0.997870 -0.989980 
-0.966129 0.998796 -0.997870 -0.989980 
-0.966129 0.998796 -0.997870 -0.989980 
-0.969093 0.994745 -0.994860 -0.980830 
-0.977935 0.982287 -0.995497 -0.978993 
0.979586 -0.859967 0.998825 0.984904 
-0.966129 0.998796 -0.997870 -0.989980 
-0.966129 0.998796 -0.997870 -0.989980 
-0.966129 0.998796 -0.997870 -0.989980 
-0.970769 0.993489 -0.994913 -0.980995 
-0.983110 0.960971 -0.994926 -0.965384 
0.979586 -0.859967 0.998825 0.984904 
-0.966129 0.998796 -0.997870 -0.989980 
-0.966129 0.998796 -0.997870 -0.989980 
-0.966129 0.998796 -0.997870 -0.989980 
-0.970769 0.993489 -0.994913 -0.980995 
-0.983110 0.960971 -0.994926 -0.965384 
0.979586 -0.859967 0.998825 0.984904 
-0.966129 0.998796 -0.997870 -0.989980 
-0.966129 0.998796 -0.997870 -0.989980 
-0.966129 0.998796 -0.997870 -0.989980 
-0.971738 0.992544 -0.994972 -0.980959 
-0.983110 0.960971 -0.994926 -0.965384 
0.976114 -0.969426 0.999290 0.997329 
-0.966129 0.998796 -0.997870 -0.989980 
-0.966129 0.998796 -0.997870 -0.989980 
-0.966129 0.998796 -0.997870 -0.989980 
-0.974163 0.989386 -0.995172 -0.980508 
-0.093498 0.383139 0.691080 0.620213 
0.976114 -0.969426 0.999290 0.997329 
-0.966129 0.998796 -0.997870 -0.989980 
-0.966129 0.998796 -0.997870 -0.989980 
-0.966129 0.998796 -0.997870 -0.989980 
-0.974163 0.989386 -0.995172 -0.980508 
-0.093498 0.383139 0.691080 0.620213 
0.976114 -0.969426 0.999290 0.997329 
-0.966129 0.998796 -0.997870 -0.989980 
-0.966129 0.998796 -0.997870 -0.989980 
-0.966129 0.998796 -0.997870 -0.989980 
-0.985279 0.931252 -0.989478 -0.904887 
0.980440 -0.911750 0.999295 0.994371 
0.977297 -0.959089 0.999348 0.997108 
-0.966129 0.998796 -0.997870 -0.989980 
-0.966129 0.998796 -0.997870 -0.989980 
-0.966129 0.998796 -0.997870 -0.989980 
0.979373 -0.855920 0.998783 0.984073 
0.977524 -0.957032 0.999355 0.997057 
0.976114 -0.969426 0.999290 0.997329 
-0.966129 0.998796 -0.997870 -0.989980 
-0.966129 0.998796 -0.997870 -0.989980 
-0.966129 0.998796 -0.997870 -0.989980 
