-0.965240 0.996457 -0.995058 -0.979981 
0.975022 -0.979690 0.999181 0.997536 
-0.963845 0.996860 -0.995252 -0.979845 
-0.966129 0.998796 -0.997870 -0.989980 
-0.966129 0.998796 -0.997870 -0.989980 
-0.966129 0.998796 -0.997870 -0.989980 
-0.962010 0.997301 -0.995584 -0.980022 
0.979114 -0.939923 0.999377 0.996464 
-0.962463 0.997200 -0.995495 -0.979936 
-0.966129 0.998796 -0.997870 -0.989980 
-0.966129 0.998796 -0.997870 -0.989980 
-0.966129 0.998796 -0.997870 -0.989980 
-0.959592 0.997778 -0.996102 -0.980935 
-0.985279 0.931252 -0.989478 -0.904887 
-0.961249 0.997462 -0.995740 -0.980228 
-0.966129 0.998796 -0.997870 -0.989980 
-0.966129 0.998796 -0.997870 -0.989980 
-0.966129 0.998796 -0.997870 -0.989980 
-0.959592 0.997778 -0.996102 -0.980935 
-0.985279 0.931252 -0.989478 -0.904887 
-0.961249 0.997462 -0.995740 -0.980228 
-0.966129 0.998796 -0.997870 -0.989980 
-0.966129 0.998796 -0.997870 -0.989980 
-0.966129 0.998796 -0.997870 -0.989980 
-0.958493 0.997968 -0.996351 -0.981576 
-0.971738 0.992544 -0.994972 -0.980959 
-0.960176 0.997671 -0.995972 -0.980648 
-0.966129 0.998796 -0.997870 -0.989980 
-0.966129 0.998796 -0.997870 -0.989980 
-0.966129 0.998796 -0.997870 -0.989980 
-0.959019 0.997878 -0.996232 -0.981254 
-0.969896 0.994198 -0.994877 -0.980942 
-0.960519 0.997606 -0.995897 -0.980498 
-0.966129 0.998796 -0.997870 -0.989980 
-0.966129 0.998796 -0.997870 -0.989980 
-0.966129 0.998796 -0.997870 -0.989980 
-0.959019 0.997878 -0.996232 -0.981254 
-0.967650 0.995528 -0.994876 -0.980521 
-0.960876 0.997536 -0.995819 -0.980357 
-0.966129 0.998796 -0.997870 -0.989980 
-0.966129 0.998796 -0.997870 -0.989980 
-0.966129 0.998796 -0.997870 -0.989980 
-0.959019 0.997878 -0.996232 -0.981254 
-0.967650 0.995528 -0.994876 -0.980521 
-0.960876 0.997536 -0.995819 -0.980357 
-0.966129 0.998796 -0.997870 -0.989980 
-0.966129 0.998796 -0.997870 -0.989980 
-0.966129 0.998796 -0.997870 -0.989980 
-0.960890 0.997534 -0.995816 -0.980352 
-0.964211 0.996761 -0.995195 -0.979861 
-0.961249 0.997462 -0.995740 -0.980228 
-0.966129 0.998796 -0.997870 -0.989980 
-0.966129 0.998796 -0.997870 -0.989980 
-0.966129 0.998796 -0.997870 -0.989980 
-0.962414 0.997211 -0.995505 -0.979944 
-0.963732 0.996890 -0.995270 -0.979843 
-0.961637 0.997381 -0.995659 -0.980113 
-0.966129 0.998796 -0.997870 -0.989980 
-0.966129 0.998796 -0.997870 -0.989980 
-0.966129 0.998796 -0.997870 -0.989980 
-0.964713 0.996618 -0.995124 -0.979907 
-0.962414 0.997211 -0.995505 -0.979944 
-0.962463 0.997200 -0.995495 -0.979936 
-0.966129 0.998796 -0.997870 -0.989980 
-0.966129 0.998796 -0.997870 -0.989980 
-0.966129 0.998796 -0.997870 -0.989980 
-0.964713 0.996618 -0.995124 -0.979907 
-0.962414 0.997211 -0.995505 -0.979944 
-0.962463 0.997200 -0.995495 -0.979936 
-0.966129 0.998796 -0.997870 -0.989980 
-0.966129 0.998796 -0.997870 -0.989980 
-0.966129 0.998796 -0.997870 -0.989980 
0.980440 -0.911750 0.999295 0.994371 
-0.959898 0.997723 -0.996034 -0.980780 
-0.967304 0.995686 -0.994890 -0.980436 
-0.966129 0.998796 -0.997870 -0.989980 
-0.966129 0.998796 -0.997870 -0.989980 
-0.966129 0.998796 -0.997870 -0.989980 
0.973806 -0.990219 0.998944 0.997701 
-0.960215 0.997664 -0.995963 -0.980630 
-0.969567 0.994433 -0.994868 -0.980903 
-0.966129 0.998796 -0.997870 -0.989980 
-0.966129 0.998796 -0.997870 -0.989980 
-0.966129 0.998796 -0.997870 -0.989980 
0.971618 -0.995248 0.998764 0.997428 
-0.961249 0.997462 -0.995740 -0.980228 
-0.971415 0.992879 -0.994950 -0.980981 
-0.966129 0.998796 -0.997870 -0.989980 
-0.966129 0.998796 -0.997870 -0.989980 
-0.966129 0.998796 -0.997870 -0.989980 
0.971618 -0.995248 0.998764 0.997428 
-0.961249 0.997462 -0.995740 -0.980228 
-0.971415 0.992879 -0.994950 -0.980981 
-0.966129 0.998796 -0.997870 -0.989980 
-0.966129 0.998796 -0.997870 -0.989980 
-0.966129 0.998796 -0.997870 -0.989980 
0.969087 -0.997652 0.998724 0.996979 
-0.965240 0.996457 -0.995058 -0.979981 
0.976114 -0.969426 0.999290 0.997329 
-0.966129 0.998796 -0.997870 -0.989980 
-0.966129 0.998796 -0.997870 -0.989980 
-0.966129 0.998796 -0.997870 -0.989980 
0.968961 -0.997737 0.998726 0.996950 
-0.966377 0.996064 -0.994948 -0.980212 
0.976114 -0.969426 0.999290 0.997329 
-0.966129 0.998796 -0.997870 -0.989980 
-0.966129 0.998796 -0.997870 -0.989980 
-0.966129 0.998796 -0.997870 -0.989980 
0.969023 -0.997696 0.998725 0.996964 
-0.966377 0.996064 -0.994948 -0.980212 
-0.985194 0.933001 -0.990014 -0.910160 
-0.966129 0.998796 -0.997870 -0.989980 
-0.966129 0.998796 -0.997870 -0.989980 
-0.966129 0.998796 -0.997870 -0.989980 
0.969023 -0.997696 0.998725 0.996964 
-0.966377 0.996064 -0.994948 -0.980212 
-0.985194 0.933001 -0.990014 -0.910160 
-0.966129 0.998796 -0.997870 -0.989980 
-0.966129 0.998796 -0.997870 -0.989980 
-0.966129 0.998796 -0.997870 -0.989980 
0.969631 -0.997255 0.998722 0.997088 
-0.963274 0.997007 -0.995347 -0.979852 
-0.968007 0.995355 -0.994866 -0.980606 
-0.966129 0.998796 -0.997870 -0.989980 
-0.966129 0.998796 -0.997870 -0.989980 
-0.966129 0.998796 -0.997870 -0.989980 
0.969542 -0.997324 0.998721 0.997071 
-0.963732 0.996890 -0.995270 -0.979843 
-0.969567 0.994433 -0.994868 -0.980903 
-0.966129 0.998796 -0.997870 -0.989980 
-0.966129 0.998796 -0.997870 -0.989980 
-0.966129 0.998796 -0.997870 -0.989980 
0.969376 -0.997448 0.998722 0.997039 
-0.964713 0.996618 -0.995124 -0.979907 
-0.971415 0.992879 -0.994950 -0.980981 
-0.966129 0.998796 -0.997870 -0.989980 
-0.966129 0.998796 -0.997870 -0.989980 
-0.966129 0.998796 -0.997870 -0.989980 
0.969376 -0.997448 0.998722 0.997039 
-0.964713 0.996618 -0.995124 -0.979907 
-0.971415 0.992879 -0.994950 -0.980981 
-0.966129 0.998796 -0.997870 -0.989980 
-0.966129 0.998796 -0.997870 -0.989980 
-0.966129 0.998796 -0.997870 -0.989980 
0.968697 -0.997908 0.998731 0.996881 
-0.969896 0.994198 -0.994877 -0.980942 
-0.977561 0.983131 -0.995471 -0.979216 
-0.966129 0.998796 -0.997870 -0.989980 
-0.966129 0.998796 -0.997870 -0.989980 
-0.966129 0.998796 -0.997870 -0.989980 
0.968494 -0.998037 0.998737 0.996815 
-0.972844 0.991243 -0.995056 -0.980807 
-0.977561 0.983131 -0.995471 -0.979216 
-0.966129 0.998796 -0.997870 -0.989980 
-0.966129 0.998796 -0.997870 -0.989980 
-0.966129 0.998796 -0.997870 -0.989980 
0.968494 -0.998037 0.998737 0.996815 
-0.972844 0.991243 -0.995056 -0.980807 
-0.977561 0.983131 -0.995471 -0.979216 
-0.966129 0.998796 -0.997870 -0.989980 
-0.966129 0.998796 -0.997870 -0.989980 
-0.966129 0.998796 -0.997870 -0.989980 
0.968346 -0.998135 0.998742 0.996752 
-0.983110 0.960971 -0.994926 -0.965384 
-0.977561 0.983131 -0.995471 -0.979216 
-0.966129 0.998796 -0.997870 -0.989980 
-0.966129 0.998796 -0.997870 -0.989980 
-0.966129 0.998796 -0.997870 -0.989980 
0.968346 -0.998135 0.998742 0.996752 
-0.983110 0.960971 -0.994926 -0.965384 
-0.977561 0.983131 -0.995471 -0.979216 
-0.966129 0.998796 -0.997870 -0.989980 
-0.966129 0.998796 -0.997870 -0.989980 
-0.966129 0.998796 -0.997870 -0.989980 
0.968322 -0.998152 0.998743 0.996739 
-0.980518 0.974941 -0.995567 -0.976209 
-0.977561 0.983131 -0.995471 -0.979216 
-0.966129 0.998796 -0.997870 -0.989980 
-0.966129 0.998796 -0.997870 -0.989980 
-0.966129 0.998796 -0.997870 -0.989980 
0.968322 -0.998152 0.998743 0.996739 
-0.980518 0.974941 -0.995567 -0.976209 
-0.977561 0.983131 -0.995471 -0.979216 
-0.966129 0.998796 -0.997870 -0.989980 
-0.966129 0.998796 -0.997870 -0.989980 
-0.966129 0.998796 -0.997870 -0.989980 
0.968346 -0.998135 0.998742 0.996752 
-0.975815 0.986623 -0.995324 -0.979997 
-0.973821 0.989898 -0.995140 -0.980595 
-0.966129 0.998796 -0.997870 -0.989980 
-0.966129 0.998796 -0.997870 -0.989980 
-0.966129 0.998796 -0.997870 -0.989980 
0.968399 -0.998099 0.998740 0.996777 
-0.974163 0.989386 -0.995172 -0.980508 
-0.973821 0.989898 -0.995140 -0.980595 
-0.966129 0.998796 -0.997870 -0.989980 
-0.966129 0.998796 -0.997870 -0.989980 
-0.966129 0.998796 -0.997870 -0.989980 
0.968461 -0.998059 0.998738 0.996802 
-0.971738 0.992544 -0.994972 -0.980959 
-0.973821 0.989898 -0.995140 -0.980595 
-0.966129 0.998796 -0.997870 -0.989980 
-0.966129 0.998796 -0.997870 -0.989980 
-0.966129 0.998796 -0.997870 -0.989980 
0.968461 -0.998059 0.998738 0.996802 
-0.971738 0.992544 -0.994972 -0.980959 
-0.973821 0.989898 -0.995140 -0.980595 
-0.966129 0.998796 -0.997870 -0.989980 
-0.966129 0.998796 -0.997870 -0.989980 
-0.966129 0.998796 -0.997870 -0.989980 
0.968903 -0.997775 0.998727 0.996936 
-0.965793 0.996274 -0.994999 -0.980084 
-0.964879 0.996568 -0.995103 -0.979927 
-0.966129 0.998796 -0.997870 -0.989980 
-0.966129 0.998796 -0.997870 -0.989980 
-0.966129 0.998796 -0.997870 -0.989980 
0.969087 -0.997652 0.998724 0.996979 
-0.964713 0.996618 -0.995124 -0.979907 
-0.960519 0.997606 -0.995897 -0.980498 
-0.966129 0.998796 -0.997870 -0.989980 
-0.966129 0.998796 -0.997870 -0.989980 
-0.966129 0.998796 -0.997870 -0.989980 
0.969376 -0.997448 0.998722 0.997039 
-0.962835 0.997113 -0.995425 -0.979887 
-0.958943 0.997892 -0.996249 -0.981299 
-0.966129 0.998796 -0.997870 -0.989980 
-0.966129 0.998796 -0.997870 -0.989980 
-0.966129 0.998796 -0.997870 -0.989980 
0.969376 -0.997448 0.998722 0.997039 
-0.962835 0.997113 -0.995425 -0.979887 
-0.958943 0.997892 -0.996249 -0.981299 
-0.966129 0.998796 -0.997870 -0.989980 
-0.966129 0.998796 -0.997870 -0.989980 
-0.966129 0.998796 -0.997870 -0.989980 
0.973352 -0.991941 0.998884 0.997671 
-0.958493 0.997968 -0.996351 -0.981576 
-0.957911 0.998064 -0.996485 -0.981962 
-0.966129 0.998796 -0.997870 -0.989980 
-0.966129 0.998796 -0.997870 -0.989980 
-0.966129 0.998796 -0.997870 -0.989980 
0.973806 -0.990219 0.998944 0.997701 
-0.958750 0.997924 -0.996293 -0.981415 
-0.957059 0.998200 -0.996680 -0.982580 
-0.966129 0.998796 -0.997870 -0.989980 
-0.966129 0.998796 -0.997870 -0.989980 
-0.966129 0.998796 -0.997870 -0.989980 
0.973806 -0.990219 0.998944 0.997701 
-0.958750 0.997924 -0.996293 -0.981415 
-0.957059 0.998200 -0.996680 -0.982580 
-0.966129 0.998796 -0.997870 -0.989980 
-0.966129 0.998796 -0.997870 -0.989980 
-0.966129 0.998796 -0.997870 -0.989980 
0.975513 -0.974844 0.999242 0.997436 
-0.960546 0.997601 -0.995891 -0.980487 
-0.956368 0.998308 -0.996841 -0.983125 
-0.966129 0.998796 -0.997870 -0.989980 
-0.966129 0.998796 -0.997870 -0.989980 
-0.966129 0.998796 -0.997870 -0.989980 
0.975513 -0.974844 0.999242 0.997436 
-0.961622 0.997384 -0.995663 -0.980117 
-0.956368 0.998308 -0.996841 -0.983125 
-0.966129 0.998796 -0.997870 -0.989980 
-0.966129 0.998796 -0.997870 -0.989980 
-0.966129 0.998796 -0.997870 -0.989980 
0.975513 -0.974844 0.999242 0.997436 
-0.961622 0.997384 -0.995663 -0.980117 
-0.956368 0.998308 -0.996841 -0.983125 
-0.966129 0.998796 -0.997870 -0.989980 
-0.966129 0.998796 -0.997870 -0.989980 
-0.966129 0.998796 -0.997870 -0.989980 
0.974452 -0.985665 0.999071 0.997658 
-0.964713 0.996618 -0.995124 -0.979907 
-0.955942 0.998375 -0.996942 -0.983482 
-0.966129 0.998796 -0.997870 -0.989980 
-0.966129 0.998796 -0.997870 -0.989980 
-0.966129 0.998796 -0.997870 -0.989980 
0.974235 -0.987573 0.999024 0.997688 
-0.965793 0.996274 -0.994999 -0.980084 
-0.955817 0.998396 -0.996972 -0.983591 
-0.966129 0.998796 -0.997870 -0.989980 
-0.966129 0.998796 -0.997870 -0.989980 
-0.966129 0.998796 -0.997870 -0.989980 
0.974235 -0.987573 0.999024 0.997688 
-0.965793 0.996274 -0.994999 -0.980084 
-0.955817 0.998396 -0.996972 -0.983591 
-0.966129 0.998796 -0.997870 -0.989980 
-0.966129 0.998796 -0.997870 -0.989980 
-0.966129 0.998796 -0.997870 -0.989980 
-0.093498 0.383139 0.691080 0.620213 
-0.961622 0.997384 -0.995663 -0.980117 
-0.956218 0.998332 -0.996877 -0.983249 
-0.966129 0.998796 -0.997870 -0.989980 
-0.966129 0.998796 -0.997870 -0.989980 
-0.966129 0.998796 -0.997870 -0.989980 
-0.974163 0.989386 -0.995172 -0.980508 
-0.960890 0.997534 -0.995816 -0.980352 
-0.956527 0.998283 -0.996804 -0.982996 
-0.966129 0.998796 -0.997870 -0.989980 
-0.966129 0.998796 -0.997870 -0.989980 
-0.966129 0.998796 -0.997870 -0.989980 
-0.969896 0.994198 -0.994877 -0.980942 
-0.960215 0.997664 -0.995963 -0.980630 
-0.956527 0.998283 -0.996804 -0.982996 
-0.966129 0.998796 -0.997870 -0.989980 
-0.966129 0.998796 -0.997870 -0.989980 
-0.966129 0.998796 -0.997870 -0.989980 
-0.969896 0.994198 -0.994877 -0.980942 
-0.960215 0.997664 -0.995963 -0.980630 
-0.956527 0.998283 -0.996804 -0.982996 
-0.966129 0.998796 -0.997870 -0.989980 
-0.966129 0.998796 -0.997870 -0.989980 
-0.966129 0.998796 -0.997870 -0.989980 
-0.966995 0.995819 -0.994906 -0.980360 
-0.959019 0.997878 -0.996232 -0.981254 
-0.956872 0.998229 -0.996724 -0.982723 
-0.966129 0.998796 -0.997870 -0.989980 
-0.966129 0.998796 -0.997870 -0.989980 
-0.966129 0.998796 -0.997870 -0.989980 
-0.965793 0.996274 -0.994999 -0.980084 
-0.958493 0.997968 -0.996351 -0.981576 
-0.957256 0.998168 -0.996635 -0.982431 
-0.966129 0.998796 -0.997870 -0.989980 
-0.966129 0.998796 -0.997870 -0.989980 
-0.966129 0.998796 -0.997870 -0.989980 
-0.965793 0.996274 -0.994999 -0.980084 
-0.958493 0.997968 -0.996351 -0.981576 
-0.957256 0.998168 -0.996635 -0.982431 
-0.966129 0.998796 -0.997870 -0.989980 
-0.966129 0.998796 -0.997870 -0.989980 
-0.966129 0.998796 -0.997870 -0.989980 
-0.962414 0.997211 -0.995505 -0.979944 
-0.958246 0.998009 -0.996408 -0.981736 
-0.957911 0.998064 -0.996485 -0.981962 
-0.966129 0.998796 -0.997870 -0.989980 
-0.966129 0.998796 -0.997870 -0.989980 
-0.966129 0.998796 -0.997870 -0.989980 
-0.962010 0.997301 -0.995584 -0.980022 
-0.958493 0.997968 -0.996351 -0.981576 
-0.958403 0.997983 -0.996372 -0.981634 
-0.966129 0.998796 -0.997870 -0.989980 
-0.966129 0.998796 -0.997870 -0.989980 
-0.966129 0.998796 -0.997870 -0.989980 
-0.962010 0.997301 -0.995584 -0.980022 
-0.958493 0.997968 -0.996351 -0.981576 
-0.958403 0.997983 -0.996372 -0.981634 
-0.966129 0.998796 -0.997870 -0.989980 
-0.966129 0.998796 -0.997870 -0.989980 
-0.966129 0.998796 -0.997870 -0.989980 
-0.962010 0.997301 -0.995584 -0.980022 
-0.959898 0.997723 -0.996034 -0.980780 
-0.960176 0.997671 -0.995972 -0.980648 
-0.966129 0.998796 -0.997870 -0.989980 
-0.966129 0.998796 -0.997870 -0.989980 
-0.966129 0.998796 -0.997870 -0.989980 
-0.962414 0.997211 -0.995505 -0.979944 
-0.960546 0.997601 -0.995891 -0.980487 
-0.960876 0.997536 -0.995819 -0.980357 
-0.966129 0.998796 -0.997870 -0.989980 
-0.966129 0.998796 -0.997870 -0.989980 
-0.966129 0.998796 -0.997870 -0.989980 
-0.962414 0.997211 -0.995505 -0.979944 
-0.960546 0.997601 -0.995891 -0.980487 
-0.960876 0.997536 -0.995819 -0.980357 
-0.966129 0.998796 -0.997870 -0.989980 
-0.966129 0.998796 -0.997870 -0.989980 
-0.966129 0.998796 -0.997870 -0.989980 
-0.961622 0.997384 -0.995663 -0.980117 
-0.961622 0.997384 -0.995663 -0.980117 
-0.964879 0.996568 -0.995103 -0.979927 
-0.966129 0.998796 -0.997870 -0.989980 
-0.966129 0.998796 -0.997870 -0.989980 
-0.966129 0.998796 -0.997870 -0.989980 
-0.961622 0.997384 -0.995663 -0.980117 
-0.962414 0.997211 -0.995505 -0.979944 
-0.964879 0.996568 -0.995103 -0.979927 
-0.966129 0.998796 -0.997870 -0.989980 
-0.966129 0.998796 -0.997870 -0.989980 
-0.966129 0.998796 -0.997870 -0.989980 
-0.961622 0.997384 -0.995663 -0.980117 
-0.962414 0.997211 -0.995505 -0.979944 
-0.964879 0.996568 -0.995103 -0.979927 
-0.966129 0.998796 -0.997870 -0.989980 
-0.966129 0.998796 -0.997870 -0.989980 
-0.966129 0.998796 -0.997870 -0.989980 
-0.961249 0.997462 -0.995740 -0.980228 
-0.963274 0.997007 -0.995347 -0.979852 
-0.966023 0.996194 -0.994977 -0.980132 
-0.966129 0.998796 -0.997870 -0.989980 
-0.966129 0.998796 -0.997870 -0.989980 
-0.966129 0.998796 -0.997870 -0.989980 
-0.961249 0.997462 -0.995740 -0.980228 
-0.963732 0.996890 -0.995270 -0.979843 
-0.967304 0.995686 -0.994890 -0.980436 
-0.966129 0.998796 -0.997870 -0.989980 
-0.966129 0.998796 -0.997870 -0.989980 
-0.966129 0.998796 -0.997870 -0.989980 
-0.961249 0.997462 -0.995740 -0.980228 
-0.963732 0.996890 -0.995270 -0.979843 
-0.968007 0.995355 -0.994866 -0.980606 
-0.966129 0.998796 -0.997870 -0.989980 
-0.966129 0.998796 -0.997870 -0.989980 
-0.966129 0.998796 -0.997870 -0.989980 
-0.961249 0.997462 -0.995740 -0.980228 
-0.963732 0.996890 -0.995270 -0.979843 
-0.968007 0.995355 -0.994866 -0.980606 
-0.966129 0.998796 -0.997870 -0.989980 
-0.966129 0.998796 -0.997870 -0.989980 
-0.966129 0.998796 -0.997870 -0.989980 
-0.962010 0.997301 -0.995584 -0.980022 
-0.964713 0.996618 -0.995124 -0.979907 
-0.977561 0.983131 -0.995471 -0.979216 
-0.966129 0.998796 -0.997870 -0.989980 
-0.966129 0.998796 -0.997870 -0.989980 
-0.966129 0.998796 -0.997870 -0.989980 
-0.962414 0.997211 -0.995505 -0.979944 
-0.965240 0.996457 -0.995058 -0.979981 
-0.982922 0.962496 -0.995044 -0.966981 
-0.966129 0.998796 -0.997870 -0.989980 
-0.966129 0.998796 -0.997870 -0.989980 
-0.966129 0.998796 -0.997870 -0.989980 
-0.962835 0.997113 -0.995425 -0.979887 
-0.965240 0.996457 -0.995058 -0.979981 
-0.093498 0.383139 0.691080 0.620213 
-0.966129 0.998796 -0.997870 -0.989980 
-0.966129 0.998796 -0.997870 -0.989980 
-0.966129 0.998796 -0.997870 -0.989980 
-0.962835 0.997113 -0.995425 -0.979887 
-0.965793 0.996274 -0.994999 -0.980084 
0.978917 -0.942445 0.999378 0.996575 
-0.966129 0.998796 -0.997870 -0.989980 
-0.966129 0.998796 -0.997870 -0.989980 
-0.966129 0.998796 -0.997870 -0.989980 
-0.962835 0.997113 -0.995425 -0.979887 
-0.965793 0.996274 -0.994999 -0.980084 
0.978917 -0.942445 0.999378 0.996575 
-0.966129 0.998796 -0.997870 -0.989980 
-0.966129 0.998796 -0.997870 -0.989980 
-0.966129 0.998796 -0.997870 -0.989980 
-0.964211 0.996761 -0.995195 -0.979861 
-0.966995 0.995819 -0.994906 -0.980360 
0.975374 -0.976171 0.999227 0.997462 
-0.966129 0.998796 -0.997870 -0.989980 
-0.966129 0.998796 -0.997870 -0.989980 
-0.966129 0.998796 -0.997870 -0.989980 
-0.964713 0.996618 -0.995124 -0.979907 
-0.966995 0.995819 -0.994906 -0.980360 
0.974919 -0.980771 0.999165 0.997558 
-0.966129 0.998796 -0.997870 -0.989980 
-0.966129 0.998796 -0.997870 -0.989980 
-0.966129 0.998796 -0.997870 -0.989980 
-0.964713 0.996618 -0.995124 -0.979907 
-0.966377 0.996064 -0.994948 -0.980212 
0.974613 -0.984028 0.999107 0.997627 
-0.966129 0.998796 -0.997870 -0.989980 
-0.966129 0.998796 -0.997870 -0.989980 
-0.966129 0.998796 -0.997870 -0.989980 
-0.964713 0.996618 -0.995124 -0.979907 
-0.966377 0.996064 -0.994948 -0.980212 
0.974613 -0.984028 0.999107 0.997627 
-0.966129 0.998796 -0.997870 -0.989980 
-0.966129 0.998796 -0.997870 -0.989980 
-0.966129 0.998796 -0.997870 -0.989980 
-0.972844 0.991243 -0.995056 -0.980807 
-0.966995 0.995819 -0.994906 -0.980360 
0.975374 -0.976171 0.999227 0.997462 
-0.966129 0.998796 -0.997870 -0.989980 
-0.966129 0.998796 -0.997870 -0.989980 
-0.966129 0.998796 -0.997870 -0.989980 
-0.093498 0.383139 0.691080 0.620213 
-0.967650 0.995528 -0.994876 -0.980521 
0.977297 -0.959089 0.999348 0.997108 
-0.966129 0.998796 -0.997870 -0.989980 
-0.966129 0.998796 -0.997870 -0.989980 
-0.966129 0.998796 -0.997870 -0.989980 
0.975513 -0.974844 0.999242 0.997436 
-0.969093 0.994745 -0.994860 -0.980830 
0.979586 -0.859967 0.998825 0.984904 
-0.966129 0.998796 -0.997870 -0.989980 
-0.966129 0.998796 -0.997870 -0.989980 
-0.966129 0.998796 -0.997870 -0.989980 
0.975513 -0.974844 0.999242 0.997436 
-0.969093 0.994745 -0.994860 -0.980830 
0.979586 -0.859967 0.998825 0.984904 
-0.966129 0.998796 -0.997870 -0.989980 
-0.966129 0.998796 -0.997870 -0.989980 
-0.966129 0.998796 -0.997870 -0.989980 
0.970029 -0.996927 0.998724 0.997160 
0.976303 -0.967778 0.999302 0.997296 
-0.969567 0.994433 -0.994868 -0.980903 
-0.966129 0.998796 -0.997870 -0.989980 
-0.966129 0.998796 -0.997870 -0.989980 
-0.966129 0.998796 -0.997870 -0.989980 
