-0.975815 0.986623 -0.995324 -0.979997 
0.973120 -0.992591 0.998860 0.997646 
-0.959231 0.997842 -0.996184 -0.981132 
-0.966129 0.998796 -0.997870 -0.989980 
-0.966129 0.998796 -0.997870 -0.989980 
-0.966129 0.998796 -0.997870 -0.989980 
-0.974163 0.989386 -0.995172 -0.980508 
0.973582 -0.991163 0.998912 0.997690 
-0.959231 0.997842 -0.996184 -0.981132 
-0.966129 0.998796 -0.997870 -0.989980 
-0.966129 0.998796 -0.997870 -0.989980 
-0.966129 0.998796 -0.997870 -0.989980 
-0.974163 0.989386 -0.995172 -0.980508 
0.973582 -0.991163 0.998912 0.997690 
-0.959231 0.997842 -0.996184 -0.981132 
-0.966129 0.998796 -0.997870 -0.989980 
-0.966129 0.998796 -0.997870 -0.989980 
-0.966129 0.998796 -0.997870 -0.989980 
-0.967650 0.995528 -0.994876 -0.980521 
0.974235 -0.987573 0.999024 0.997688 
-0.959533 0.997788 -0.996116 -0.980967 
-0.966129 0.998796 -0.997870 -0.989980 
-0.966129 0.998796 -0.997870 -0.989980 
-0.966129 0.998796 -0.997870 -0.989980 
-0.966377 0.996064 -0.994948 -0.980212 
0.974698 -0.983136 0.999124 0.997608 
-0.959533 0.997788 -0.996116 -0.980967 
-0.966129 0.998796 -0.997870 -0.989980 
-0.966129 0.998796 -0.997870 -0.989980 
-0.966129 0.998796 -0.997870 -0.989980 
-0.965793 0.996274 -0.994999 -0.980084 
0.975022 -0.979690 0.999181 0.997536 
-0.959533 0.997788 -0.996116 -0.980967 
-0.966129 0.998796 -0.997870 -0.989980 
-0.966129 0.998796 -0.997870 -0.989980 
-0.966129 0.998796 -0.997870 -0.989980 
-0.965793 0.996274 -0.994999 -0.980084 
0.975022 -0.979690 0.999181 0.997536 
-0.959533 0.997788 -0.996116 -0.980967 
-0.966129 0.998796 -0.997870 -0.989980 
-0.966129 0.998796 -0.997870 -0.989980 
-0.966129 0.998796 -0.997870 -0.989980 
-0.963274 0.997007 -0.995347 -0.979852 
0.979114 -0.939923 0.999377 0.996464 
-0.960176 0.997671 -0.995972 -0.980648 
-0.966129 0.998796 -0.997870 -0.989980 
-0.966129 0.998796 -0.997870 -0.989980 
-0.966129 0.998796 -0.997870 -0.989980 
-0.962414 0.997211 -0.995505 -0.979944 
0.980440 -0.911750 0.999295 0.994371 
-0.960519 0.997606 -0.995897 -0.980498 
-0.966129 0.998796 -0.997870 -0.989980 
-0.966129 0.998796 -0.997870 -0.989980 
-0.966129 0.998796 -0.997870 -0.989980 
-0.962414 0.997211 -0.995505 -0.979944 
0.980440 -0.911750 0.999295 0.994371 
-0.960519 0.997606 -0.995897 -0.980498 
-0.966129 0.998796 -0.997870 -0.989980 
-0.966129 0.998796 -0.997870 -0.989980 
-0.966129 0.998796 -0.997870 -0.989980 
-0.961249 0.997462 -0.995740 -0.980228 
-0.093498 0.383139 0.691080 0.620213 
-0.962041 0.997294 -0.995578 -0.980015 
-0.966129 0.998796 -0.997870 -0.989980 
-0.966129 0.998796 -0.997870 -0.989980 
-0.966129 0.998796 -0.997870 -0.989980 
-0.961622 0.997384 -0.995663 -0.980117 
-0.985279 0.931252 -0.989478 -0.904887 
-0.962904 0.997097 -0.995413 -0.979879 
-0.966129 0.998796 -0.997870 -0.989980 
-0.966129 0.998796 -0.997870 -0.989980 
-0.966129 0.998796 -0.997870 -0.989980 
-0.961622 0.997384 -0.995663 -0.980117 
-0.985279 0.931252 -0.989478 -0.904887 
-0.962904 0.997097 -0.995413 -0.979879 
-0.966129 0.998796 -0.997870 -0.989980 
-0.966129 0.998796 -0.997870 -0.989980 
-0.966129 0.998796 -0.997870 -0.989980 
-0.962835 0.997113 -0.995425 -0.979887 
-0.983110 0.960971 -0.994926 -0.965384 
-0.965436 0.996394 -0.995036 -0.980015 
-0.966129 0.998796 -0.997870 -0.989980 
-0.966129 0.998796 -0.997870 -0.989980 
-0.966129 0.998796 -0.997870 -0.989980 
-0.963732 0.996890 -0.995270 -0.979843 
-0.980518 0.974941 -0.995567 -0.976209 
-0.966645 0.995961 -0.994928 -0.980275 
-0.966129 0.998796 -0.997870 -0.989980 
-0.966129 0.998796 -0.997870 -0.989980 
-0.966129 0.998796 -0.997870 -0.989980 
-0.964211 0.996761 -0.995195 -0.979861 
-0.977935 0.982287 -0.995497 -0.978993 
-0.968007 0.995355 -0.994866 -0.980606 
-0.966129 0.998796 -0.997870 -0.989980 
-0.966129 0.998796 -0.997870 -0.989980 
-0.966129 0.998796 -0.997870 -0.989980 
-0.964211 0.996761 -0.995195 -0.979861 
-0.977935 0.982287 -0.995497 -0.978993 
-0.968007 0.995355 -0.994866 -0.980606 
-0.966129 0.998796 -0.997870 -0.989980 
-0.966129 0.998796 -0.997870 -0.989980 
-0.966129 0.998796 -0.997870 -0.989980 
-0.966995 0.995819 -0.994906 -0.980360 
-0.975815 0.986623 -0.995324 -0.979997 
-0.975451 0.987273 -0.995291 -0.980123 
-0.966129 0.998796 -0.997870 -0.989980 
-0.966129 0.998796 -0.997870 -0.989980 
-0.966129 0.998796 -0.997870 -0.989980 
-0.968347 0.995178 -0.994860 -0.980683 
-0.975815 0.986623 -0.995324 -0.979997 
-0.980193 0.976067 -0.995575 -0.976747 
-0.966129 0.998796 -0.997870 -0.989980 
-0.966129 0.998796 -0.997870 -0.989980 
-0.966129 0.998796 -0.997870 -0.989980 
-0.968347 0.995178 -0.994860 -0.980683 
-0.975815 0.986623 -0.995324 -0.979997 
-0.980193 0.976067 -0.995575 -0.976747 
-0.966129 0.998796 -0.997870 -0.989980 
-0.966129 0.998796 -0.997870 -0.989980 
-0.966129 0.998796 -0.997870 -0.989980 
-0.972844 0.991243 -0.995056 -0.980807 
-0.972844 0.991243 -0.995056 -0.980807 
0.979586 -0.859967 0.998825 0.984904 
-0.966129 0.998796 -0.997870 -0.989980 
-0.966129 0.998796 -0.997870 -0.989980 
-0.966129 0.998796 -0.997870 -0.989980 
-0.975815 0.986623 -0.995324 -0.979997 
-0.971738 0.992544 -0.994972 -0.980959 
0.979586 -0.859967 0.998825 0.984904 
-0.966129 0.998796 -0.997870 -0.989980 
-0.966129 0.998796 -0.997870 -0.989980 
-0.966129 0.998796 -0.997870 -0.989980 
-0.975815 0.986623 -0.995324 -0.979997 
-0.971738 0.992544 -0.994972 -0.980959 
0.979586 -0.859967 0.998825 0.984904 
-0.966129 0.998796 -0.997870 -0.989980 
-0.966129 0.998796 -0.997870 -0.989980 
-0.966129 0.998796 -0.997870 -0.989980 
0.975022 -0.979690 0.999181 0.997536 
-0.971738 0.992544 -0.994972 -0.980959 
0.979586 -0.859967 0.998825 0.984904 
-0.966129 0.998796 -0.997870 -0.989980 
-0.966129 0.998796 -0.997870 -0.989980 
-0.966129 0.998796 -0.997870 -0.989980 
0.973806 -0.990219 0.998944 0.997701 
-0.972844 0.991243 -0.995056 -0.980807 
0.979586 -0.859967 0.998825 0.984904 
-0.966129 0.998796 -0.997870 -0.989980 
-0.966129 0.998796 -0.997870 -0.989980 
-0.966129 0.998796 -0.997870 -0.989980 
0.973806 -0.990219 0.998944 0.997701 
-0.972844 0.991243 -0.995056 -0.980807 
0.979586 -0.859967 0.998825 0.984904 
-0.966129 0.998796 -0.997870 -0.989980 
-0.966129 0.998796 -0.997870 -0.989980 
-0.966129 0.998796 -0.997870 -0.989980 
0.971810 -0.994993 0.998773 0.997459 
-0.975815 0.986623 -0.995324 -0.979997 
0.979586 -0.859967 0.998825 0.984904 
-0.966129 0.998796 -0.997870 -0.989980 
-0.966129 0.998796 -0.997870 -0.989980 
-0.966129 0.998796 -0.997870 -0.989980 
0.971435 -0.995478 0.998757 0.997398 
-0.977935 0.982287 -0.995497 -0.978993 
-0.982922 0.962496 -0.995044 -0.966981 
-0.966129 0.998796 -0.997870 -0.989980 
-0.966129 0.998796 -0.997870 -0.989980 
-0.966129 0.998796 -0.997870 -0.989980 
0.971435 -0.995478 0.998757 0.997398 
-0.977935 0.982287 -0.995497 -0.978993 
-0.982922 0.962496 -0.995044 -0.966981 
-0.966129 0.998796 -0.997870 -0.989980 
-0.966129 0.998796 -0.997870 -0.989980 
-0.966129 0.998796 -0.997870 -0.989980 
0.970938 -0.996049 0.998741 0.997315 
-0.980518 0.974941 -0.995567 -0.976209 
-0.970446 0.993767 -0.994898 -0.980984 
-0.966129 0.998796 -0.997870 -0.989980 
-0.966129 0.998796 -0.997870 -0.989980 
-0.966129 0.998796 -0.997870 -0.989980 
0.970788 -0.996207 0.998737 0.997290 
-0.980518 0.974941 -0.995567 -0.976209 
-0.969567 0.994433 -0.994868 -0.980903 
-0.966129 0.998796 -0.997870 -0.989980 
-0.966129 0.998796 -0.997870 -0.989980 
-0.966129 0.998796 -0.997870 -0.989980 
0.970646 -0.996353 0.998734 0.997266 
-0.980518 0.974941 -0.995567 -0.976209 
-0.969567 0.994433 -0.994868 -0.980903 
-0.966129 0.998796 -0.997870 -0.989980 
-0.966129 0.998796 -0.997870 -0.989980 
-0.966129 0.998796 -0.997870 -0.989980 
0.970646 -0.996353 0.998734 0.997266 
-0.980518 0.974941 -0.995567 -0.976209 
-0.969567 0.994433 -0.994868 -0.980903 
-0.966129 0.998796 -0.997870 -0.989980 
-0.966129 0.998796 -0.997870 -0.989980 
-0.966129 0.998796 -0.997870 -0.989980 
0.970258 -0.996724 0.998727 0.997199 
-0.977935 0.982287 -0.995497 -0.978993 
-0.967304 0.995686 -0.994890 -0.980436 
-0.966129 0.998796 -0.997870 -0.989980 
-0.966129 0.998796 -0.997870 -0.989980 
-0.966129 0.998796 -0.997870 -0.989980 
0.970141 -0.996829 0.998725 0.997179 
-0.975815 0.986623 -0.995324 -0.979997 
-0.965436 0.996394 -0.995036 -0.980015 
-0.966129 0.998796 -0.997870 -0.989980 
-0.966129 0.998796 -0.997870 -0.989980 
-0.966129 0.998796 -0.997870 -0.989980 
0.970141 -0.996829 0.998725 0.997179 
-0.975815 0.986623 -0.995324 -0.979997 
-0.965436 0.996394 -0.995036 -0.980015 
-0.966129 0.998796 -0.997870 -0.989980 
-0.966129 0.998796 -0.997870 -0.989980 
-0.966129 0.998796 -0.997870 -0.989980 
0.969923 -0.997018 0.998723 0.997141 
-0.977935 0.982287 -0.995497 -0.978993 
-0.962904 0.997097 -0.995413 -0.979879 
-0.966129 0.998796 -0.997870 -0.989980 
-0.966129 0.998796 -0.997870 -0.989980 
-0.966129 0.998796 -0.997870 -0.989980 
0.969923 -0.997018 0.998723 0.997141 
-0.974163 0.989386 -0.995172 -0.980508 
-0.962463 0.997200 -0.995495 -0.979936 
-0.966129 0.998796 -0.997870 -0.989980 
-0.966129 0.998796 -0.997870 -0.989980 
-0.966129 0.998796 -0.997870 -0.989980 
0.969923 -0.997018 0.998723 0.997141 
-0.974163 0.989386 -0.995172 -0.980508 
-0.962463 0.997200 -0.995495 -0.979936 
-0.966129 0.998796 -0.997870 -0.989980 
-0.966129 0.998796 -0.997870 -0.989980 
-0.966129 0.998796 -0.997870 -0.989980 
0.969821 -0.997103 0.998722 0.997123 
-0.970769 0.993489 -0.994913 -0.980995 
-0.959533 0.997788 -0.996116 -0.980967 
-0.966129 0.998796 -0.997870 -0.989980 
-0.966129 0.998796 -0.997870 -0.989980 
-0.966129 0.998796 -0.997870 -0.989980 
0.969724 -0.997182 0.998722 0.997105 
-0.970769 0.993489 -0.994913 -0.980995 
-0.958667 0.997939 -0.996312 -0.981467 
-0.966129 0.998796 -0.997870 -0.989980 
-0.966129 0.998796 -0.997870 -0.989980 
-0.966129 0.998796 -0.997870 -0.989980 
0.969821 -0.997103 0.998722 0.997123 
-0.970769 0.993489 -0.994913 -0.980995 
-0.958403 0.997983 -0.996372 -0.981634 
-0.966129 0.998796 -0.997870 -0.989980 
-0.966129 0.998796 -0.997870 -0.989980 
-0.966129 0.998796 -0.997870 -0.989980 
0.969821 -0.997103 0.998722 0.997123 
-0.970769 0.993489 -0.994913 -0.980995 
-0.958403 0.997983 -0.996372 -0.981634 
-0.966129 0.998796 -0.997870 -0.989980 
-0.966129 0.998796 -0.997870 -0.989980 
-0.966129 0.998796 -0.997870 -0.989980 
0.969631 -0.997255 0.998722 0.997088 
-0.969896 0.994198 -0.994877 -0.980942 
-0.957681 0.998101 -0.996537 -0.982122 
-0.966129 0.998796 -0.997870 -0.989980 
-0.966129 0.998796 -0.997870 -0.989980 
-0.966129 0.998796 -0.997870 -0.989980 
0.969724 -0.997182 0.998722 0.997105 
-0.969093 0.994745 -0.994860 -0.980830 
-0.957463 0.998136 -0.996587 -0.982279 
-0.966129 0.998796 -0.997870 -0.989980 
-0.966129 0.998796 -0.997870 -0.989980 
-0.966129 0.998796 -0.997870 -0.989980 
0.969821 -0.997103 0.998722 0.997123 
-0.969093 0.994745 -0.994860 -0.980830 
-0.957463 0.998136 -0.996587 -0.982279 
-0.966129 0.998796 -0.997870 -0.989980 
-0.966129 0.998796 -0.997870 -0.989980 
-0.966129 0.998796 -0.997870 -0.989980 
0.969821 -0.997103 0.998722 0.997123 
-0.969093 0.994745 -0.994860 -0.980830 
-0.957463 0.998136 -0.996587 -0.982279 
-0.966129 0.998796 -0.997870 -0.989980 
-0.966129 0.998796 -0.997870 -0.989980 
-0.966129 0.998796 -0.997870 -0.989980 
0.969923 -0.997018 0.998723 0.997141 
-0.966995 0.995819 -0.994906 -0.980360 
-0.958151 0.998024 -0.996430 -0.981799 
-0.966129 0.998796 -0.997870 -0.989980 
-0.966129 0.998796 -0.997870 -0.989980 
-0.966129 0.998796 -0.997870 -0.989980 
0.970029 -0.996927 0.998724 0.997160 
-0.966995 0.995819 -0.994906 -0.980360 
-0.958151 0.998024 -0.996430 -0.981799 
-0.966129 0.998796 -0.997870 -0.989980 
-0.966129 0.998796 -0.997870 -0.989980 
-0.966129 0.998796 -0.997870 -0.989980 
0.970381 -0.996610 0.998729 0.997221 
-0.966377 0.996064 -0.994948 -0.980212 
-0.957681 0.998101 -0.996537 -0.982122 
-0.966129 0.998796 -0.997870 -0.989980 
-0.966129 0.998796 -0.997870 -0.989980 
-0.966129 0.998796 -0.997870 -0.989980 
0.970381 -0.996610 0.998729 0.997221 
-0.966377 0.996064 -0.994948 -0.980212 
-0.957681 0.998101 -0.996537 -0.982122 
-0.966129 0.998796 -0.997870 -0.989980 
-0.966129 0.998796 -0.997870 -0.989980 
-0.966129 0.998796 -0.997870 -0.989980 
0.971810 -0.994993 0.998773 0.997459 
-0.965793 0.996274 -0.994999 -0.980084 
-0.957911 0.998064 -0.996485 -0.981962 
-0.966129 0.998796 -0.997870 -0.989980 
-0.966129 0.998796 -0.997870 -0.989980 
-0.966129 0.998796 -0.997870 -0.989980 
0.972220 -0.994389 0.998793 0.997523 
-0.965793 0.996274 -0.994999 -0.980084 
-0.957911 0.998064 -0.996485 -0.981962 
-0.966129 0.998796 -0.997870 -0.989980 
-0.966129 0.998796 -0.997870 -0.989980 
-0.966129 0.998796 -0.997870 -0.989980 
0.972436 -0.994028 0.998806 0.997555 
-0.966377 0.996064 -0.994948 -0.980212 
-0.957911 0.998064 -0.996485 -0.981962 
-0.966129 0.998796 -0.997870 -0.989980 
-0.966129 0.998796 -0.997870 -0.989980 
-0.966129 0.998796 -0.997870 -0.989980 
0.972436 -0.994028 0.998806 0.997555 
-0.966377 0.996064 -0.994948 -0.980212 
-0.957911 0.998064 -0.996485 -0.981962 
-0.966129 0.998796 -0.997870 -0.989980 
-0.966129 0.998796 -0.997870 -0.989980 
-0.966129 0.998796 -0.997870 -0.989980 
0.973120 -0.992591 0.998860 0.997646 
-0.968347 0.995178 -0.994860 -0.980683 
-0.957463 0.998136 -0.996587 -0.982279 
-0.966129 0.998796 -0.997870 -0.989980 
-0.966129 0.998796 -0.997870 -0.989980 
-0.966129 0.998796 -0.997870 -0.989980 
0.973352 -0.991941 0.998884 0.997671 
-0.968347 0.995178 -0.994860 -0.980683 
-0.957059 0.998200 -0.996680 -0.982580 
-0.966129 0.998796 -0.997870 -0.989980 
-0.966129 0.998796 -0.997870 -0.989980 
-0.966129 0.998796 -0.997870 -0.989980 
0.973352 -0.991941 0.998884 0.997671 
-0.969093 0.994745 -0.994860 -0.980830 
-0.956527 0.998283 -0.996804 -0.982996 
-0.966129 0.998796 -0.997870 -0.989980 
-0.966129 0.998796 -0.997870 -0.989980 
-0.966129 0.998796 -0.997870 -0.989980 
0.973352 -0.991941 0.998884 0.997671 
-0.969093 0.994745 -0.994860 -0.980830 
-0.956527 0.998283 -0.996804 -0.982996 
-0.966129 0.998796 -0.997870 -0.989980 
-0.966129 0.998796 -0.997870 -0.989980 
-0.966129 0.998796 -0.997870 -0.989980 
0.974023 -0.989050 0.998981 0.997701 
-0.970769 0.993489 -0.994913 -0.980995 
-0.956218 0.998332 -0.996877 -0.983249 
-0.966129 0.998796 -0.997870 -0.989980 
-0.966129 0.998796 -0.997870 -0.989980 
-0.966129 0.998796 -0.997870 -0.989980 
0.974235 -0.987573 0.999024 0.997688 
-0.970769 0.993489 -0.994913 -0.980995 
-0.956218 0.998332 -0.996877 -0.983249 
-0.966129 0.998796 -0.997870 -0.989980 
-0.966129 0.998796 -0.997870 -0.989980 
-0.966129 0.998796 -0.997870 -0.989980 
0.974235 -0.987573 0.999024 0.997688 
-0.970769 0.993489 -0.994913 -0.980995 
-0.956218 0.998332 -0.996877 -0.983249 
-0.966129 0.998796 -0.997870 -0.989980 
-0.966129 0.998796 -0.997870 -0.989980 
-0.966129 0.998796 -0.997870 -0.989980 
0.974698 -0.983136 0.999124 0.997608 
-0.968347 0.995178 -0.994860 -0.980683 
-0.955817 0.998396 -0.996972 -0.983591 
-0.966129 0.998796 -0.997870 -0.989980 
-0.966129 0.998796 -0.997870 -0.989980 
-0.966129 0.998796 -0.997870 -0.989980 
0.975513 -0.974844 0.999242 0.997436 
-0.966377 0.996064 -0.994948 -0.980212 
-0.955698 0.998415 -0.997001 -0.983695 
-0.966129 0.998796 -0.997870 -0.989980 
-0.966129 0.998796 -0.997870 -0.989980 
-0.966129 0.998796 -0.997870 -0.989980 
0.975513 -0.974844 0.999242 0.997436 
-0.966377 0.996064 -0.994948 -0.980212 
-0.955698 0.998415 -0.997001 -0.983695 
-0.966129 0.998796 -0.997870 -0.989980 
-0.966129 0.998796 -0.997870 -0.989980 
-0.966129 0.998796 -0.997870 -0.989980 
-0.977935 0.982287 -0.995497 -0.978993 
-0.963732 0.996890 -0.995270 -0.979843 
-0.955817 0.998396 -0.996972 -0.983591 
-0.966129 0.998796 -0.997870 -0.989980 
-0.966129 0.998796 -0.997870 -0.989980 
-0.966129 0.998796 -0.997870 -0.989980 
-0.972844 0.991243 -0.995056 -0.980807 
-0.963274 0.997007 -0.995347 -0.979852 
-0.955942 0.998375 -0.996942 -0.983482 
-0.966129 0.998796 -0.997870 -0.989980 
-0.966129 0.998796 -0.997870 -0.989980 
-0.966129 0.998796 -0.997870 -0.989980 
-0.969896 0.994198 -0.994877 -0.980942 
-0.963274 0.997007 -0.995347 -0.979852 
-0.956076 0.998354 -0.996910 -0.983368 
-0.966129 0.998796 -0.997870 -0.989980 
-0.966129 0.998796 -0.997870 -0.989980 
-0.966129 0.998796 -0.997870 -0.989980 
-0.969896 0.994198 -0.994877 -0.980942 
-0.963274 0.997007 -0.995347 -0.979852 
-0.956076 0.998354 -0.996910 -0.983368 
-0.966129 0.998796 -0.997870 -0.989980 
-0.966129 0.998796 -0.997870 -0.989980 
-0.966129 0.998796 -0.997870 -0.989980 
-0.967650 0.995528 -0.994876 -0.980521 
-0.962835 0.997113 -0.995425 -0.979887 
-0.956218 0.998332 -0.996877 -0.983249 
-0.966129 0.998796 -0.997870 -0.989980 
-0.966129 0.998796 -0.997870 -0.989980 
-0.966129 0.998796 -0.997870 -0.989980 
-0.966995 0.995819 -0.994906 -0.980360 
-0.962414 0.997211 -0.995505 -0.979944 
-0.956218 0.998332 -0.996877 -0.983249 
-0.966129 0.998796 -0.997870 -0.989980 
-0.966129 0.998796 -0.997870 -0.989980 
-0.966129 0.998796 -0.997870 -0.989980 
-0.965793 0.996274 -0.994999 -0.980084 
-0.962414 0.997211 -0.995505 -0.979944 
-0.956218 0.998332 -0.996877 -0.983249 
-0.966129 0.998796 -0.997870 -0.989980 
-0.966129 0.998796 -0.997870 -0.989980 
-0.966129 0.998796 -0.997870 -0.989980 
-0.965793 0.996274 -0.994999 -0.980084 
-0.962414 0.997211 -0.995505 -0.979944 
-0.956218 0.998332 -0.996877 -0.983249 
-0.966129 0.998796 -0.997870 -0.989980 
-0.966129 0.998796 -0.997870 -0.989980 
-0.966129 0.998796 -0.997870 -0.989980 
-0.964211 0.996761 -0.995195 -0.979861 
-0.962835 0.997113 -0.995425 -0.979887 
-0.955942 0.998375 -0.996942 -0.983482 
-0.966129 0.998796 -0.997870 -0.989980 
-0.966129 0.998796 -0.997870 -0.989980 
-0.966129 0.998796 -0.997870 -0.989980 
-0.963274 0.997007 -0.995347 -0.979852 
-0.962414 0.997211 -0.995505 -0.979944 
-0.956368 0.998308 -0.996841 -0.983125 
-0.966129 0.998796 -0.997870 -0.989980 
-0.966129 0.998796 -0.997870 -0.989980 
-0.966129 0.998796 -0.997870 -0.989980 
-0.963274 0.997007 -0.995347 -0.979852 
-0.962414 0.997211 -0.995505 -0.979944 
-0.956368 0.998308 -0.996841 -0.983125 
-0.966129 0.998796 -0.997870 -0.989980 
-0.966129 0.998796 -0.997870 -0.989980 
-0.966129 0.998796 -0.997870 -0.989980 
-0.963732 0.996890 -0.995270 -0.979843 
-0.963274 0.997007 -0.995347 -0.979852 
-0.957463 0.998136 -0.996587 -0.982279 
-0.966129 0.998796 -0.997870 -0.989980 
-0.966129 0.998796 -0.997870 -0.989980 
-0.966129 0.998796 -0.997870 -0.989980 
-0.963732 0.996890 -0.995270 -0.979843 
-0.963732 0.996890 -0.995270 -0.979843 
-0.958151 0.998024 -0.996430 -0.981799 
-0.966129 0.998796 -0.997870 -0.989980 
-0.966129 0.998796 -0.997870 -0.989980 
-0.966129 0.998796 -0.997870 -0.989980 
-0.963732 0.996890 -0.995270 -0.979843 
-0.964211 0.996761 -0.995195 -0.979861 
-0.958943 0.997892 -0.996249 -0.981299 
-0.966129 0.998796 -0.997870 -0.989980 
-0.966129 0.998796 -0.997870 -0.989980 
-0.966129 0.998796 -0.997870 -0.989980 
-0.963732 0.996890 -0.995270 -0.979843 
-0.964211 0.996761 -0.995195 -0.979861 
-0.958943 0.997892 -0.996249 -0.981299 
-0.966129 0.998796 -0.997870 -0.989980 
-0.966129 0.998796 -0.997870 -0.989980 
-0.966129 0.998796 -0.997870 -0.989980 
-0.964713 0.996618 -0.995124 -0.979907 
-0.966377 0.996064 -0.994948 -0.980212 
-0.960876 0.997536 -0.995819 -0.980357 
-0.966129 0.998796 -0.997870 -0.989980 
-0.966129 0.998796 -0.997870 -0.989980 
-0.966129 0.998796 -0.997870 -0.989980 
-0.965240 0.996457 -0.995058 -0.979981 
-0.966995 0.995819 -0.994906 -0.980360 
-0.961249 0.997462 -0.995740 -0.980228 
-0.966129 0.998796 -0.997870 -0.989980 
-0.966129 0.998796 -0.997870 -0.989980 
-0.966129 0.998796 -0.997870 -0.989980 
-0.964713 0.996618 -0.995124 -0.979907 
-0.967650 0.995528 -0.994876 -0.980521 
-0.961637 0.997381 -0.995659 -0.980113 
-0.966129 0.998796 -0.997870 -0.989980 
-0.966129 0.998796 -0.997870 -0.989980 
-0.966129 0.998796 -0.997870 -0.989980 
-0.964713 0.996618 -0.995124 -0.979907 
-0.967650 0.995528 -0.994876 -0.980521 
-0.961637 0.997381 -0.995659 -0.980113 
-0.966129 0.998796 -0.997870 -0.989980 
-0.966129 0.998796 -0.997870 -0.989980 
-0.966129 0.998796 -0.997870 -0.989980 
-0.965793 0.996274 -0.994999 -0.980084 
-0.967650 0.995528 -0.994876 -0.980521 
-0.963845 0.996860 -0.995252 -0.979845 
-0.966129 0.998796 -0.997870 -0.989980 
-0.966129 0.998796 -0.997870 -0.989980 
-0.966129 0.998796 -0.997870 -0.989980 
-0.965793 0.996274 -0.994999 -0.980084 
-0.968347 0.995178 -0.994860 -0.980683 
-0.964879 0.996568 -0.995103 -0.979927 
-0.966129 0.998796 -0.997870 -0.989980 
-0.966129 0.998796 -0.997870 -0.989980 
-0.966129 0.998796 -0.997870 -0.989980 
-0.966377 0.996064 -0.994948 -0.980212 
-0.968347 0.995178 -0.994860 -0.980683 
-0.965436 0.996394 -0.995036 -0.980015 
-0.966129 0.998796 -0.997870 -0.989980 
-0.966129 0.998796 -0.997870 -0.989980 
-0.966129 0.998796 -0.997870 -0.989980 
-0.966377 0.996064 -0.994948 -0.980212 
-0.968347 0.995178 -0.994860 -0.980683 
-0.965436 0.996394 -0.995036 -0.980015 
-0.966129 0.998796 -0.997870 -0.989980 
-0.966129 0.998796 -0.997870 -0.989980 
-0.966129 0.998796 -0.997870 -0.989980 
-0.970769 0.993489 -0.994913 -0.980995 
-0.969896 0.994198 -0.994877 -0.980942 
-0.968007 0.995355 -0.994866 -0.980606 
-0.966129 0.998796 -0.997870 -0.989980 
-0.966129 0.998796 -0.997870 -0.989980 
-0.966129 0.998796 -0.997870 -0.989980 
-0.975815 0.986623 -0.995324 -0.979997 
-0.970769 0.993489 -0.994913 -0.980995 
-0.969567 0.994433 -0.994868 -0.980903 
-0.966129 0.998796 -0.997870 -0.989980 
-0.966129 0.998796 -0.997870 -0.989980 
-0.966129 0.998796 -0.997870 -0.989980 
-0.983110 0.960971 -0.994926 -0.965384 
-0.972844 0.991243 -0.995056 -0.980807 
-0.970446 0.993767 -0.994898 -0.980984 
-0.966129 0.998796 -0.997870 -0.989980 
-0.966129 0.998796 -0.997870 -0.989980 
-0.966129 0.998796 -0.997870 -0.989980 
-0.983110 0.960971 -0.994926 -0.965384 
-0.972844 0.991243 -0.995056 -0.980807 
-0.970446 0.993767 -0.994898 -0.980984 
-0.966129 0.998796 -0.997870 -0.989980 
-0.966129 0.998796 -0.997870 -0.989980 
-0.966129 0.998796 -0.997870 -0.989980 
0.977524 -0.957032 0.999355 0.997057 
-0.977935 0.982287 -0.995497 -0.978993 
-0.980193 0.976067 -0.995575 -0.976747 
-0.966129 0.998796 -0.997870 -0.989980 
-0.966129 0.998796 -0.997870 -0.989980 
-0.966129 0.998796 -0.997870 -0.989980 
0.975022 -0.979690 0.999181 0.997536 
-0.983110 0.960971 -0.994926 -0.965384 
-0.985194 0.933001 -0.990014 -0.910160 
-0.966129 0.998796 -0.997870 -0.989980 
-0.966129 0.998796 -0.997870 -0.989980 
-0.966129 0.998796 -0.997870 -0.989980 
