-0.985279 0.931252 -0.989478 -0.904887 
0.973120 -0.992591 0.998860 0.997646 
-0.962041 0.997294 -0.995578 -0.980015 
-0.966129 0.998796 -0.997870 -0.989980 
-0.966129 0.998796 -0.997870 -0.989980 
-0.966129 0.998796 -0.997870 -0.989980 
-0.977935 0.982287 -0.995497 -0.978993 
0.973120 -0.992591 0.998860 0.997646 
-0.962463 0.997200 -0.995495 -0.979936 
-0.966129 0.998796 -0.997870 -0.989980 
-0.966129 0.998796 -0.997870 -0.989980 
-0.966129 0.998796 -0.997870 -0.989980 
-0.977935 0.982287 -0.995497 -0.978993 
0.973120 -0.992591 0.998860 0.997646 
-0.962463 0.997200 -0.995495 -0.979936 
-0.966129 0.998796 -0.997870 -0.989980 
-0.966129 0.998796 -0.997870 -0.989980 
-0.966129 0.998796 -0.997870 -0.989980 
-0.980518 0.974941 -0.995567 -0.976209 
0.972436 -0.994028 0.998806 0.997555 
-0.962463 0.997200 -0.995495 -0.979936 
-0.966129 0.998796 -0.997870 -0.989980 
-0.966129 0.998796 -0.997870 -0.989980 
-0.966129 0.998796 -0.997870 -0.989980 
-0.983110 0.960971 -0.994926 -0.965384 
0.972011 -0.994709 0.998782 0.997490 
-0.962463 0.997200 -0.995495 -0.979936 
-0.966129 0.998796 -0.997870 -0.989980 
-0.966129 0.998796 -0.997870 -0.989980 
-0.966129 0.998796 -0.997870 -0.989980 
-0.980518 0.974941 -0.995567 -0.976209 
0.972011 -0.994709 0.998782 0.997490 
-0.962463 0.997200 -0.995495 -0.979936 
-0.966129 0.998796 -0.997870 -0.989980 
-0.966129 0.998796 -0.997870 -0.989980 
-0.966129 0.998796 -0.997870 -0.989980 
-0.980518 0.974941 -0.995567 -0.976209 
0.972011 -0.994709 0.998782 0.997490 
-0.962463 0.997200 -0.995495 -0.979936 
-0.966129 0.998796 -0.997870 -0.989980 
-0.966129 0.998796 -0.997870 -0.989980 
-0.966129 0.998796 -0.997870 -0.989980 
-0.969896 0.994198 -0.994877 -0.980942 
0.972660 -0.993616 0.998822 0.997587 
-0.962041 0.997294 -0.995578 -0.980015 
-0.966129 0.998796 -0.997870 -0.989980 
-0.966129 0.998796 -0.997870 -0.989980 
-0.966129 0.998796 -0.997870 -0.989980 
-0.968347 0.995178 -0.994860 -0.980683 
0.973120 -0.992591 0.998860 0.997646 
-0.961637 0.997381 -0.995659 -0.980113 
-0.966129 0.998796 -0.997870 -0.989980 
-0.966129 0.998796 -0.997870 -0.989980 
-0.966129 0.998796 -0.997870 -0.989980 
-0.968347 0.995178 -0.994860 -0.980683 
0.973120 -0.992591 0.998860 0.997646 
-0.961637 0.997381 -0.995659 -0.980113 
-0.966129 0.998796 -0.997870 -0.989980 
-0.966129 0.998796 -0.997870 -0.989980 
-0.966129 0.998796 -0.997870 -0.989980 
-0.962010 0.997301 -0.995584 -0.980022 
0.975022 -0.979690 0.999181 0.997536 
-0.961249 0.997462 -0.995740 -0.980228 
-0.966129 0.998796 -0.997870 -0.989980 
-0.966129 0.998796 -0.997870 -0.989980 
-0.966129 0.998796 -0.997870 -0.989980 
-0.960546 0.997601 -0.995891 -0.980487 
0.977524 -0.957032 0.999355 0.997057 
-0.961249 0.997462 -0.995740 -0.980228 
-0.966129 0.998796 -0.997870 -0.989980 
-0.966129 0.998796 -0.997870 -0.989980 
-0.966129 0.998796 -0.997870 -0.989980 
-0.959592 0.997778 -0.996102 -0.980935 
0.979373 -0.855920 0.998783 0.984073 
-0.961637 0.997381 -0.995659 -0.980113 
-0.966129 0.998796 -0.997870 -0.989980 
-0.966129 0.998796 -0.997870 -0.989980 
-0.966129 0.998796 -0.997870 -0.989980 
-0.959592 0.997778 -0.996102 -0.980935 
0.979373 -0.855920 0.998783 0.984073 
-0.961637 0.997381 -0.995659 -0.980113 
-0.966129 0.998796 -0.997870 -0.989980 
-0.966129 0.998796 -0.997870 -0.989980 
-0.966129 0.998796 -0.997870 -0.989980 
-0.958493 0.997968 -0.996351 -0.981576 
-0.977935 0.982287 -0.995497 -0.978993 
-0.963364 0.996984 -0.995331 -0.979848 
-0.966129 0.998796 -0.997870 -0.989980 
-0.966129 0.998796 -0.997870 -0.989980 
-0.966129 0.998796 -0.997870 -0.989980 
-0.958493 0.997968 -0.996351 -0.981576 
-0.975815 0.986623 -0.995324 -0.979997 
-0.964349 0.996723 -0.995175 -0.979871 
-0.966129 0.998796 -0.997870 -0.989980 
-0.966129 0.998796 -0.997870 -0.989980 
-0.966129 0.998796 -0.997870 -0.989980 
-0.959019 0.997878 -0.996232 -0.981254 
-0.975815 0.986623 -0.995324 -0.979997 
-0.964879 0.996568 -0.995103 -0.979927 
-0.966129 0.998796 -0.997870 -0.989980 
-0.966129 0.998796 -0.997870 -0.989980 
-0.966129 0.998796 -0.997870 -0.989980 
-0.959019 0.997878 -0.996232 -0.981254 
-0.975815 0.986623 -0.995324 -0.979997 
-0.964879 0.996568 -0.995103 -0.979927 
-0.966129 0.998796 -0.997870 -0.989980 
-0.966129 0.998796 -0.997870 -0.989980 
-0.966129 0.998796 -0.997870 -0.989980 
-0.961622 0.997384 -0.995663 -0.980117 
-0.972844 0.991243 -0.995056 -0.980807 
-0.966645 0.995961 -0.994928 -0.980275 
-0.966129 0.998796 -0.997870 -0.989980 
-0.966129 0.998796 -0.997870 -0.989980 
-0.966129 0.998796 -0.997870 -0.989980 
-0.963732 0.996890 -0.995270 -0.979843 
-0.972844 0.991243 -0.995056 -0.980807 
-0.967304 0.995686 -0.994890 -0.980436 
-0.966129 0.998796 -0.997870 -0.989980 
-0.966129 0.998796 -0.997870 -0.989980 
-0.966129 0.998796 -0.997870 -0.989980 
-0.963732 0.996890 -0.995270 -0.979843 
-0.972844 0.991243 -0.995056 -0.980807 
-0.967304 0.995686 -0.994890 -0.980436 
-0.966129 0.998796 -0.997870 -0.989980 
-0.966129 0.998796 -0.997870 -0.989980 
-0.966129 0.998796 -0.997870 -0.989980 
-0.985279 0.931252 -0.989478 -0.904887 
-0.977935 0.982287 -0.995497 -0.978993 
-0.970446 0.993767 -0.994898 -0.980984 
-0.966129 0.998796 -0.997870 -0.989980 
-0.966129 0.998796 -0.997870 -0.989980 
-0.966129 0.998796 -0.997870 -0.989980 
0.976303 -0.967778 0.999302 0.997296 
-0.983110 0.960971 -0.994926 -0.965384 
-0.970446 0.993767 -0.994898 -0.980984 
-0.966129 0.998796 -0.997870 -0.989980 
-0.966129 0.998796 -0.997870 -0.989980 
-0.966129 0.998796 -0.997870 -0.989980 
0.974235 -0.987573 0.999024 0.997688 
-0.093498 0.383139 0.691080 0.620213 
-0.970446 0.993767 -0.994898 -0.980984 
-0.966129 0.998796 -0.997870 -0.989980 
-0.966129 0.998796 -0.997870 -0.989980 
-0.966129 0.998796 -0.997870 -0.989980 
0.974235 -0.987573 0.999024 0.997688 
-0.093498 0.383139 0.691080 0.620213 
-0.970446 0.993767 -0.994898 -0.980984 
-0.966129 0.998796 -0.997870 -0.989980 
-0.966129 0.998796 -0.997870 -0.989980 
-0.966129 0.998796 -0.997870 -0.989980 
0.973582 -0.991163 0.998912 0.997690 
0.979373 -0.855920 0.998783 0.984073 
-0.968758 0.994947 -0.994858 -0.980768 
-0.966129 0.998796 -0.997870 -0.989980 
-0.966129 0.998796 -0.997870 -0.989980 
-0.966129 0.998796 -0.997870 -0.989980 
0.973582 -0.991163 0.998912 0.997690 
0.979373 -0.855920 0.998783 0.984073 
-0.968758 0.994947 -0.994858 -0.980768 
-0.966129 0.998796 -0.997870 -0.989980 
-0.966129 0.998796 -0.997870 -0.989980 
-0.966129 0.998796 -0.997870 -0.989980 
0.973582 -0.991163 0.998912 0.997690 
0.979373 -0.855920 0.998783 0.984073 
-0.968758 0.994947 -0.994858 -0.980768 
-0.966129 0.998796 -0.997870 -0.989980 
-0.966129 0.998796 -0.997870 -0.989980 
-0.966129 0.998796 -0.997870 -0.989980 
0.972889 -0.993142 0.998839 0.997618 
-0.093498 0.383139 0.691080 0.620213 
-0.968758 0.994947 -0.994858 -0.980768 
-0.966129 0.998796 -0.997870 -0.989980 
-0.966129 0.998796 -0.997870 -0.989980 
-0.966129 0.998796 -0.997870 -0.989980 
0.972660 -0.993616 0.998822 0.997587 
-0.093498 0.383139 0.691080 0.620213 
-0.969567 0.994433 -0.994868 -0.980903 
-0.966129 0.998796 -0.997870 -0.989980 
-0.966129 0.998796 -0.997870 -0.989980 
-0.966129 0.998796 -0.997870 -0.989980 
0.972436 -0.994028 0.998806 0.997555 
-0.093498 0.383139 0.691080 0.620213 
-0.969567 0.994433 -0.994868 -0.980903 
-0.966129 0.998796 -0.997870 -0.989980 
-0.966129 0.998796 -0.997870 -0.989980 
-0.966129 0.998796 -0.997870 -0.989980 
0.972436 -0.994028 0.998806 0.997555 
-0.093498 0.383139 0.691080 0.620213 
-0.969567 0.994433 -0.994868 -0.980903 
-0.966129 0.998796 -0.997870 -0.989980 
-0.966129 0.998796 -0.997870 -0.989980 
-0.966129 0.998796 -0.997870 -0.989980 
0.972011 -0.994709 0.998782 0.997490 
-0.093498 0.383139 0.691080 0.620213 
-0.968758 0.994947 -0.994858 -0.980768 
-0.966129 0.998796 -0.997870 -0.989980 
-0.966129 0.998796 -0.997870 -0.989980 
-0.966129 0.998796 -0.997870 -0.989980 
0.971810 -0.994993 0.998773 0.997459 
-0.093498 0.383139 0.691080 0.620213 
-0.968758 0.994947 -0.994858 -0.980768 
-0.966129 0.998796 -0.997870 -0.989980 
-0.966129 0.998796 -0.997870 -0.989980 
-0.966129 0.998796 -0.997870 -0.989980 
0.971810 -0.994993 0.998773 0.997459 
-0.093498 0.383139 0.691080 0.620213 
-0.968758 0.994947 -0.994858 -0.980768 
-0.966129 0.998796 -0.997870 -0.989980 
-0.966129 0.998796 -0.997870 -0.989980 
-0.966129 0.998796 -0.997870 -0.989980 
0.970938 -0.996049 0.998741 0.997315 
0.979373 -0.855920 0.998783 0.984073 
-0.970446 0.993767 -0.994898 -0.980984 
-0.966129 0.998796 -0.997870 -0.989980 
-0.966129 0.998796 -0.997870 -0.989980 
-0.966129 0.998796 -0.997870 -0.989980 
0.970938 -0.996049 0.998741 0.997315 
-0.093498 0.383139 0.691080 0.620213 
-0.970446 0.993767 -0.994898 -0.980984 
-0.966129 0.998796 -0.997870 -0.989980 
-0.966129 0.998796 -0.997870 -0.989980 
-0.966129 0.998796 -0.997870 -0.989980 
0.971096 -0.995876 0.998746 0.997341 
-0.985279 0.931252 -0.989478 -0.904887 
-0.969567 0.994433 -0.994868 -0.980903 
-0.966129 0.998796 -0.997870 -0.989980 
-0.966129 0.998796 -0.997870 -0.989980 
-0.966129 0.998796 -0.997870 -0.989980 
0.971096 -0.995876 0.998746 0.997341 
-0.985279 0.931252 -0.989478 -0.904887 
-0.969567 0.994433 -0.994868 -0.980903 
-0.966129 0.998796 -0.997870 -0.989980 
-0.966129 0.998796 -0.997870 -0.989980 
-0.966129 0.998796 -0.997870 -0.989980 
0.970938 -0.996049 0.998741 0.997315 
-0.975815 0.986623 -0.995324 -0.979997 
-0.967304 0.995686 -0.994890 -0.980436 
-0.966129 0.998796 -0.997870 -0.989980 
-0.966129 0.998796 -0.997870 -0.989980 
-0.966129 0.998796 -0.997870 -0.989980 
0.970510 -0.996486 0.998731 0.997243 
-0.975815 0.986623 -0.995324 -0.979997 
-0.966023 0.996194 -0.994977 -0.980132 
-0.966129 0.998796 -0.997870 -0.989980 
-0.966129 0.998796 -0.997870 -0.989980 
-0.966129 0.998796 -0.997870 -0.989980 
0.970258 -0.996724 0.998727 0.997199 
-0.975815 0.986623 -0.995324 -0.979997 
-0.964879 0.996568 -0.995103 -0.979927 
-0.966129 0.998796 -0.997870 -0.989980 
-0.966129 0.998796 -0.997870 -0.989980 
-0.966129 0.998796 -0.997870 -0.989980 
0.970258 -0.996724 0.998727 0.997199 
-0.975815 0.986623 -0.995324 -0.979997 
-0.964879 0.996568 -0.995103 -0.979927 
-0.966129 0.998796 -0.997870 -0.989980 
-0.966129 0.998796 -0.997870 -0.989980 
-0.966129 0.998796 -0.997870 -0.989980 
0.969821 -0.997103 0.998722 0.997123 
-0.970769 0.993489 -0.994913 -0.980995 
-0.962463 0.997200 -0.995495 -0.979936 
-0.966129 0.998796 -0.997870 -0.989980 
-0.966129 0.998796 -0.997870 -0.989980 
-0.966129 0.998796 -0.997870 -0.989980 
0.969724 -0.997182 0.998722 0.997105 
-0.969093 0.994745 -0.994860 -0.980830 
-0.962041 0.997294 -0.995578 -0.980015 
-0.966129 0.998796 -0.997870 -0.989980 
-0.966129 0.998796 -0.997870 -0.989980 
-0.966129 0.998796 -0.997870 -0.989980 
0.969542 -0.997324 0.998721 0.997071 
-0.969093 0.994745 -0.994860 -0.980830 
-0.961637 0.997381 -0.995659 -0.980113 
-0.966129 0.998796 -0.997870 -0.989980 
-0.966129 0.998796 -0.997870 -0.989980 
-0.966129 0.998796 -0.997870 -0.989980 
0.969542 -0.997324 0.998721 0.997071 
-0.969093 0.994745 -0.994860 -0.980830 
-0.961637 0.997381 -0.995659 -0.980113 
-0.966129 0.998796 -0.997870 -0.989980 
-0.966129 0.998796 -0.997870 -0.989980 
-0.966129 0.998796 -0.997870 -0.989980 
0.969299 -0.997504 0.998722 0.997024 
-0.966377 0.996064 -0.994948 -0.980212 
-0.960876 0.997536 -0.995819 -0.980357 
-0.966129 0.998796 -0.997870 -0.989980 
-0.966129 0.998796 -0.997870 -0.989980 
-0.966129 0.998796 -0.997870 -0.989980 
0.969154 -0.997606 0.998724 0.996994 
-0.966377 0.996064 -0.994948 -0.980212 
-0.960176 0.997671 -0.995972 -0.980648 
-0.966129 0.998796 -0.997870 -0.989980 
-0.966129 0.998796 -0.997870 -0.989980 
-0.966129 0.998796 -0.997870 -0.989980 
0.969087 -0.997652 0.998724 0.996979 
-0.966377 0.996064 -0.994948 -0.980212 
-0.959533 0.997788 -0.996116 -0.980967 
-0.966129 0.998796 -0.997870 -0.989980 
-0.966129 0.998796 -0.997870 -0.989980 
-0.966129 0.998796 -0.997870 -0.989980 
0.969087 -0.997652 0.998724 0.996979 
-0.966377 0.996064 -0.994948 -0.980212 
-0.959533 0.997788 -0.996116 -0.980967 
-0.966129 0.998796 -0.997870 -0.989980 
-0.966129 0.998796 -0.997870 -0.989980 
-0.966129 0.998796 -0.997870 -0.989980 
0.969457 -0.997388 0.998722 0.997055 
-0.963274 0.997007 -0.995347 -0.979852 
-0.960519 0.997606 -0.995897 -0.980498 
-0.966129 0.998796 -0.997870 -0.989980 
-0.966129 0.998796 -0.997870 -0.989980 
-0.966129 0.998796 -0.997870 -0.989980 
0.969631 -0.997255 0.998722 0.997088 
-0.962010 0.997301 -0.995584 -0.980022 
-0.961249 0.997462 -0.995740 -0.980228 
-0.966129 0.998796 -0.997870 -0.989980 
-0.966129 0.998796 -0.997870 -0.989980 
-0.966129 0.998796 -0.997870 -0.989980 
0.969631 -0.997255 0.998722 0.997088 
-0.962010 0.997301 -0.995584 -0.980022 
-0.961249 0.997462 -0.995740 -0.980228 
-0.966129 0.998796 -0.997870 -0.989980 
-0.966129 0.998796 -0.997870 -0.989980 
-0.966129 0.998796 -0.997870 -0.989980 
0.970141 -0.996829 0.998725 0.997179 
-0.960215 0.997664 -0.995963 -0.980630 
-0.959848 0.997732 -0.996045 -0.980805 
-0.966129 0.998796 -0.997870 -0.989980 
-0.966129 0.998796 -0.997870 -0.989980 
-0.966129 0.998796 -0.997870 -0.989980 
0.970381 -0.996610 0.998729 0.997221 
-0.959592 0.997778 -0.996102 -0.980935 
-0.959231 0.997842 -0.996184 -0.981132 
-0.966129 0.998796 -0.997870 -0.989980 
-0.966129 0.998796 -0.997870 -0.989980 
-0.966129 0.998796 -0.997870 -0.989980 
0.970646 -0.996353 0.998734 0.997266 
-0.959019 0.997878 -0.996232 -0.981254 
-0.958667 0.997939 -0.996312 -0.981467 
-0.966129 0.998796 -0.997870 -0.989980 
-0.966129 0.998796 -0.997870 -0.989980 
-0.966129 0.998796 -0.997870 -0.989980 
0.970646 -0.996353 0.998734 0.997266 
-0.959019 0.997878 -0.996232 -0.981254 
-0.958667 0.997939 -0.996312 -0.981467 
-0.966129 0.998796 -0.997870 -0.989980 
-0.966129 0.998796 -0.997870 -0.989980 
-0.966129 0.998796 -0.997870 -0.989980 
0.971618 -0.995248 0.998764 0.997428 
-0.957786 0.998084 -0.996513 -0.982049 
-0.957059 0.998200 -0.996680 -0.982580 
-0.966129 0.998796 -0.997870 -0.989980 
-0.966129 0.998796 -0.997870 -0.989980 
-0.966129 0.998796 -0.997870 -0.989980 
0.971435 -0.995478 0.998757 0.997398 
-0.957786 0.998084 -0.996513 -0.982049 
-0.956527 0.998283 -0.996804 -0.982996 
-0.966129 0.998796 -0.997870 -0.989980 
-0.966129 0.998796 -0.997870 -0.989980 
-0.966129 0.998796 -0.997870 -0.989980 
0.971435 -0.995478 0.998757 0.997398 
-0.957786 0.998084 -0.996513 -0.982049 
-0.956527 0.998283 -0.996804 -0.982996 
-0.966129 0.998796 -0.997870 -0.989980 
-0.966129 0.998796 -0.997870 -0.989980 
-0.966129 0.998796 -0.997870 -0.989980 
0.972889 -0.993142 0.998839 0.997618 
-0.956483 0.998290 -0.996814 -0.983031 
-0.955483 0.998450 -0.997054 -0.983890 
-0.966129 0.998796 -0.997870 -0.989980 
-0.966129 0.998796 -0.997870 -0.989980 
-0.966129 0.998796 -0.997870 -0.989980 
0.973806 -0.990219 0.998944 0.997701 
-0.956055 0.998358 -0.996915 -0.983386 
-0.955294 0.998482 -0.997102 -0.984067 
-0.966129 0.998796 -0.997870 -0.989980 
-0.966129 0.998796 -0.997870 -0.989980 
-0.966129 0.998796 -0.997870 -0.989980 
0.973806 -0.990219 0.998944 0.997701 
-0.956055 0.998358 -0.996915 -0.983386 
-0.955294 0.998482 -0.997102 -0.984067 
-0.966129 0.998796 -0.997870 -0.989980 
-0.966129 0.998796 -0.997870 -0.989980 
-0.966129 0.998796 -0.997870 -0.989980 
-0.985279 0.931252 -0.989478 -0.904887 
-0.955587 0.998433 -0.997028 -0.983795 
-0.955054 0.998525 -0.997165 -0.984301 
-0.966129 0.998796 -0.997870 -0.989980 
-0.966129 0.998796 -0.997870 -0.989980 
-0.966129 0.998796 -0.997870 -0.989980 
-0.974163 0.989386 -0.995172 -0.980508 
-0.955487 0.998450 -0.997053 -0.983886 
-0.955054 0.998525 -0.997165 -0.984301 
-0.966129 0.998796 -0.997870 -0.989980 
-0.966129 0.998796 -0.997870 -0.989980 
-0.966129 0.998796 -0.997870 -0.989980 
-0.974163 0.989386 -0.995172 -0.980508 
-0.955487 0.998450 -0.997053 -0.983886 
-0.955054 0.998525 -0.997165 -0.984301 
-0.966129 0.998796 -0.997870 -0.989980 
-0.966129 0.998796 -0.997870 -0.989980 
-0.966129 0.998796 -0.997870 -0.989980 
-0.967650 0.995528 -0.994876 -0.980521 
-0.956190 0.998336 -0.996883 -0.983272 
-0.955817 0.998396 -0.996972 -0.983591 
-0.966129 0.998796 -0.997870 -0.989980 
-0.966129 0.998796 -0.997870 -0.989980 
-0.966129 0.998796 -0.997870 -0.989980 
-0.965240 0.996457 -0.995058 -0.979981 
-0.956483 0.998290 -0.996814 -0.983031 
-0.956218 0.998332 -0.996877 -0.983249 
-0.966129 0.998796 -0.997870 -0.989980 
-0.966129 0.998796 -0.997870 -0.989980 
-0.966129 0.998796 -0.997870 -0.989980 
-0.963732 0.996890 -0.995270 -0.979843 
-0.956810 0.998239 -0.996738 -0.982772 
-0.956527 0.998283 -0.996804 -0.982996 
-0.966129 0.998796 -0.997870 -0.989980 
-0.966129 0.998796 -0.997870 -0.989980 
-0.966129 0.998796 -0.997870 -0.989980 
-0.963732 0.996890 -0.995270 -0.979843 
-0.956810 0.998239 -0.996738 -0.982772 
-0.956527 0.998283 -0.996804 -0.982996 
-0.966129 0.998796 -0.997870 -0.989980 
-0.966129 0.998796 -0.997870 -0.989980 
-0.966129 0.998796 -0.997870 -0.989980 
-0.960890 0.997534 -0.995816 -0.980352 
-0.958011 0.998047 -0.996462 -0.981894 
-0.957463 0.998136 -0.996587 -0.982279 
-0.966129 0.998796 -0.997870 -0.989980 
-0.966129 0.998796 -0.997870 -0.989980 
-0.966129 0.998796 -0.997870 -0.989980 
-0.960890 0.997534 -0.995816 -0.980352 
-0.958493 0.997968 -0.996351 -0.981576 
-0.957911 0.998064 -0.996485 -0.981962 
-0.966129 0.998796 -0.997870 -0.989980 
-0.966129 0.998796 -0.997870 -0.989980 
-0.966129 0.998796 -0.997870 -0.989980 
-0.960890 0.997534 -0.995816 -0.980352 
-0.959019 0.997878 -0.996232 -0.981254 
-0.958403 0.997983 -0.996372 -0.981634 
-0.966129 0.998796 -0.997870 -0.989980 
-0.966129 0.998796 -0.997870 -0.989980 
-0.966129 0.998796 -0.997870 -0.989980 
-0.960890 0.997534 -0.995816 -0.980352 
-0.959019 0.997878 -0.996232 -0.981254 
-0.958403 0.997983 -0.996372 -0.981634 
-0.966129 0.998796 -0.997870 -0.989980 
-0.966129 0.998796 -0.997870 -0.989980 
-0.966129 0.998796 -0.997870 -0.989980 
-0.961622 0.997384 -0.995663 -0.980117 
-0.960215 0.997664 -0.995963 -0.980630 
-0.958943 0.997892 -0.996249 -0.981299 
-0.966129 0.998796 -0.997870 -0.989980 
-0.966129 0.998796 -0.997870 -0.989980 
-0.966129 0.998796 -0.997870 -0.989980 
-0.962414 0.997211 -0.995505 -0.979944 
-0.960546 0.997601 -0.995891 -0.980487 
-0.958943 0.997892 -0.996249 -0.981299 
-0.966129 0.998796 -0.997870 -0.989980 
-0.966129 0.998796 -0.997870 -0.989980 
-0.966129 0.998796 -0.997870 -0.989980 
-0.962835 0.997113 -0.995425 -0.979887 
-0.960890 0.997534 -0.995816 -0.980352 
-0.959231 0.997842 -0.996184 -0.981132 
-0.966129 0.998796 -0.997870 -0.989980 
-0.966129 0.998796 -0.997870 -0.989980 
-0.966129 0.998796 -0.997870 -0.989980 
-0.962835 0.997113 -0.995425 -0.979887 
-0.960890 0.997534 -0.995816 -0.980352 
-0.959231 0.997842 -0.996184 -0.981132 
-0.966129 0.998796 -0.997870 -0.989980 
-0.966129 0.998796 -0.997870 -0.989980 
-0.966129 0.998796 -0.997870 -0.989980 
-0.964211 0.996761 -0.995195 -0.979861 
-0.962010 0.997301 -0.995584 -0.980022 
-0.960519 0.997606 -0.995897 -0.980498 
-0.966129 0.998796 -0.997870 -0.989980 
-0.966129 0.998796 -0.997870 -0.989980 
-0.966129 0.998796 -0.997870 -0.989980 
-0.964713 0.996618 -0.995124 -0.979907 
-0.962414 0.997211 -0.995505 -0.979944 
-0.961249 0.997462 -0.995740 -0.980228 
-0.966129 0.998796 -0.997870 -0.989980 
-0.966129 0.998796 -0.997870 -0.989980 
-0.966129 0.998796 -0.997870 -0.989980 
-0.964713 0.996618 -0.995124 -0.979907 
-0.962414 0.997211 -0.995505 -0.979944 
-0.961249 0.997462 -0.995740 -0.980228 
-0.966129 0.998796 -0.997870 -0.989980 
-0.966129 0.998796 -0.997870 -0.989980 
-0.966129 0.998796 -0.997870 -0.989980 
-0.966377 0.996064 -0.994948 -0.980212 
-0.964713 0.996618 -0.995124 -0.979907 
-0.963845 0.996860 -0.995252 -0.979845 
-0.966129 0.998796 -0.997870 -0.989980 
-0.966129 0.998796 -0.997870 -0.989980 
-0.966129 0.998796 -0.997870 -0.989980 
-0.967650 0.995528 -0.994876 -0.980521 
-0.965240 0.996457 -0.995058 -0.979981 
-0.964349 0.996723 -0.995175 -0.979871 
-0.966129 0.998796 -0.997870 -0.989980 
-0.966129 0.998796 -0.997870 -0.989980 
-0.966129 0.998796 -0.997870 -0.989980 
-0.967650 0.995528 -0.994876 -0.980521 
-0.965240 0.996457 -0.995058 -0.979981 
-0.964349 0.996723 -0.995175 -0.979871 
-0.966129 0.998796 -0.997870 -0.989980 
-0.966129 0.998796 -0.997870 -0.989980 
-0.966129 0.998796 -0.997870 -0.989980 
-0.968347 0.995178 -0.994860 -0.980683 
-0.966995 0.995819 -0.994906 -0.980360 
-0.967304 0.995686 -0.994890 -0.980436 
-0.966129 0.998796 -0.997870 -0.989980 
-0.966129 0.998796 -0.997870 -0.989980 
-0.966129 0.998796 -0.997870 -0.989980 
-0.970769 0.993489 -0.994913 -0.980995 
-0.967650 0.995528 -0.994876 -0.980521 
-0.968007 0.995355 -0.994866 -0.980606 
-0.966129 0.998796 -0.997870 -0.989980 
-0.966129 0.998796 -0.997870 -0.989980 
-0.966129 0.998796 -0.997870 -0.989980 
-0.970769 0.993489 -0.994913 -0.980995 
-0.967650 0.995528 -0.994876 -0.980521 
-0.968007 0.995355 -0.994866 -0.980606 
-0.966129 0.998796 -0.997870 -0.989980 
-0.966129 0.998796 -0.997870 -0.989980 
-0.966129 0.998796 -0.997870 -0.989980 
-0.975815 0.986623 -0.995324 -0.979997 
-0.969896 0.994198 -0.994877 -0.980942 
-0.971415 0.992879 -0.994950 -0.980981 
-0.966129 0.998796 -0.997870 -0.989980 
-0.966129 0.998796 -0.997870 -0.989980 
-0.966129 0.998796 -0.997870 -0.989980 
-0.980518 0.974941 -0.995567 -0.976209 
-0.969896 0.994198 -0.994877 -0.980942 
-0.972517 0.991653 -0.995029 -0.980862 
-0.966129 0.998796 -0.997870 -0.989980 
-0.966129 0.998796 -0.997870 -0.989980 
-0.966129 0.998796 -0.997870 -0.989980 
-0.985279 0.931252 -0.989478 -0.904887 
-0.970769 0.993489 -0.994913 -0.980995 
-0.977561 0.983131 -0.995471 -0.979216 
-0.966129 0.998796 -0.997870 -0.989980 
-0.966129 0.998796 -0.997870 -0.989980 
-0.966129 0.998796 -0.997870 -0.989980 
-0.985279 0.931252 -0.989478 -0.904887 
-0.970769 0.993489 -0.994913 -0.980995 
-0.977561 0.983131 -0.995471 -0.979216 
-0.966129 0.998796 -0.997870 -0.989980 
-0.966129 0.998796 -0.997870 -0.989980 
-0.966129 0.998796 -0.997870 -0.989980 
0.974698 -0.983136 0.999124 0.997608 
-0.972844 0.991243 -0.995056 -0.980807 
0.978917 -0.942445 0.999378 0.996575 
-0.966129 0.998796 -0.997870 -0.989980 
-0.966129 0.998796 -0.997870 -0.989980 
-0.966129 0.998796 -0.997870 -0.989980 
0.973806 -0.990219 0.998944 0.997701 
-0.977935 0.982287 -0.995497 -0.978993 
0.977297 -0.959089 0.999348 0.997108 
-0.966129 0.998796 -0.997870 -0.989980 
-0.966129 0.998796 -0.997870 -0.989980 
-0.966129 0.998796 -0.997870 -0.989980 
0.973806 -0.990219 0.998944 0.997701 
-0.977935 0.982287 -0.995497 -0.978993 
0.977297 -0.959089 0.999348 0.997108 
-0.966129 0.998796 -0.997870 -0.989980 
-0.966129 0.998796 -0.997870 -0.989980 
-0.966129 0.998796 -0.997870 -0.989980 
0.972436 -0.994028 0.998806 0.997555 
0.979373 -0.855920 0.998783 0.984073 
0.975374 -0.976171 0.999227 0.997462 
-0.966129 0.998796 -0.997870 -0.989980 
-0.966129 0.998796 -0.997870 -0.989980 
-0.966129 0.998796 -0.997870 -0.989980 
0.972011 -0.994709 0.998782 0.997490 
0.977524 -0.957032 0.999355 0.997057 
0.974919 -0.980771 0.999165 0.997558 
-0.966129 0.998796 -0.997870 -0.989980 
-0.966129 0.998796 -0.997870 -0.989980 
-0.966129 0.998796 -0.997870 -0.989980 
0.971435 -0.995478 0.998757 0.997398 
0.975022 -0.979690 0.999181 0.997536 
0.974919 -0.980771 0.999165 0.997558 
-0.966129 0.998796 -0.997870 -0.989980 
-0.966129 0.998796 -0.997870 -0.989980 
-0.966129 0.998796 -0.997870 -0.989980 
