0.835994 0.922274 -0.593163 0.834839 
0.864600 0.950347 -0.580996 0.824187 
0.865678 0.950405 -0.593052 0.833670 
0.865678 0.950405 -0.593052 0.833670 
0.779865 0.979605 -0.595101 0.811202 
0.106997 0.993147 -0.584501 0.801030 
0.106997 0.993147 -0.584501 0.801030 
0.230804 0.989989 -0.531855 0.831025 
0.240334 0.990188 -0.525863 0.832771 
0.832138 0.971481 -0.537749 0.847270 
0.832138 0.971481 -0.537749 0.847270 
0.944707 0.915468 -0.707574 0.914019 
0.572204 0.967703 -0.199825 0.352544 
0.572204 0.967703 -0.199825 0.352544 
0.552977 0.878934 -0.201735 0.363626 
0.439829 0.922979 -0.230677 0.324999 
0.836351 0.981528 0.331314 0.669029 
0.836351 0.981528 0.331314 0.669029 
0.932548 0.992012 0.630654 0.845914 
0.966091 0.984988 0.630841 0.813488 
0.990334 0.931429 0.345307 0.859057 
0.990334 0.931429 0.345307 0.859057 
0.992133 0.925415 0.751878 0.744482 
0.998862 0.803091 0.928348 0.499237 
0.998908 0.648575 0.941140 0.575629 
0.998908 0.648575 0.941140 0.575629 
0.997091 0.837751 0.991206 0.581946 
0.953670 0.751791 0.999691 0.941401 
0.915617 0.871669 0.999716 0.939294 
0.915617 0.871669 0.999716 0.939294 
0.804499 0.840540 0.999876 0.855032 
0.576651 0.194266 0.999939 0.270210 
0.576652 0.194266 0.999939 0.270211 
0.576652 0.194266 0.999939 0.270211 
0.680367 0.366700 0.999945 0.307649 
0.713077 0.610327 0.999984 0.584902 
0.713077 0.610327 0.999984 0.584902 
0.401252 0.280289 0.999964 0.233034 
0.998427 0.993565 0.999993 0.793409 
0.989561 0.997785 0.999993 0.774318 
0.989561 0.997785 0.999993 0.774318 
0.934397 0.995138 0.999890 0.603902 
0.855730 0.997646 0.985404 0.752335 
0.093826 0.984243 -0.000858 -0.183671 
0.093826 0.984243 -0.000858 -0.183671 
-0.049040 0.988933 0.028181 -0.032950 
0.173792 0.998676 0.094800 0.150516 
0.867816 0.999905 0.462736 0.917109 
0.867816 0.999905 0.462736 0.917109 
0.894742 0.999669 0.563773 0.890704 
0.931553 0.999749 -0.042877 0.987889 
0.955802 0.999846 0.214689 0.990698 
0.955802 0.999846 0.214689 0.990698 
0.864185 0.999861 -0.322439 0.971634 
0.922923 0.999392 -0.273636 0.976678 
0.963487 0.999489 0.256051 0.992198 
0.963487 0.999489 0.256051 0.992198 
0.977039 0.999675 0.448794 0.994560 
0.960764 0.986903 -0.500050 0.970761 
0.960764 0.986903 -0.500050 0.970761 
0.965085 0.618914 0.029601 0.998443 
