-0.057187 0.016454 0.958842 0.024590 
-0.057187 0.016454 0.958842 0.024590 
-0.057187 0.016454 0.958842 0.024590 
-0.057187 0.016454 0.958842 0.024590 
-0.097416 0.389896 0.880178 0.243436 
-0.053745 0.566707 0.883991 0.256543 
0.810334 0.876645 0.604728 -0.498515 
0.810334 0.876645 0.604728 -0.498515 
0.629203 0.961147 0.477657 -0.308240 
0.832796 0.948782 -0.172386 0.347441 
0.865678 0.950405 -0.593052 0.833670 
0.865678 0.950405 -0.593052 0.833670 
0.796127 0.981461 -0.566828 0.842423 
0.210189 0.994450 -0.524463 0.821615 
0.210189 0.994450 -0.524463 0.821615 
0.210189 0.994450 -0.524463 0.821615 
0.210323 0.994447 -0.524466 0.821633 
0.840548 0.999414 -0.441962 0.975026 
0.840548 0.999414 -0.441962 0.975026 
0.819940 0.999262 -0.441066 0.974816 
0.803635 0.998857 -0.454885 0.974118 
0.888597 0.960696 -0.663357 0.940510 
0.888597 0.960696 -0.663357 0.940510 
0.867436 0.896779 -0.133971 0.564092 
0.970336 0.992795 0.665676 0.902695 
0.928464 0.980713 0.618012 0.846801 
0.928464 0.980713 0.618012 0.846801 
0.934238 0.980129 0.634160 0.840028 
0.997173 0.890439 0.642429 0.838138 
0.997218 0.889588 0.867828 0.725917 
0.997218 0.889588 0.867828 0.725917 
0.986578 0.836468 0.915698 0.430622 
0.967211 0.475401 0.940040 -0.382374 
0.979909 0.345755 0.853145 -0.293509 
0.979909 0.345755 0.853145 -0.293509 
0.979924 0.346107 0.853174 -0.293430 
0.902601 0.018491 0.982792 0.884533 
0.902601 0.018491 0.982792 0.884533 
0.993206 0.988579 0.998865 0.787699 
0.986856 0.984742 0.996584 0.695612 
0.578787 0.239984 0.983525 0.350859 
0.578787 0.239984 0.983525 0.350859 
0.027848 -0.052013 0.966237 -0.049326 
0.173585 0.013316 0.992197 0.809971 
-0.053640 -0.332368 0.998086 0.642530 
-0.053640 -0.332368 0.998086 0.642530 
0.071848 0.637718 0.999841 -0.031978 
0.202702 0.639691 0.976033 0.883679 
-0.139186 0.303278 0.993475 0.256851 
-0.139186 0.303278 0.993475 0.256851 
0.029485 -0.003199 0.997963 -0.048357 
0.958684 0.767239 0.993491 -0.037412 
0.952089 0.775498 0.984376 -0.267617 
0.952089 0.775498 0.984376 -0.267617 
0.734591 0.686126 0.580605 -0.534680 
-0.192918 0.155083 0.877045 0.265565 
-0.192918 0.155083 0.877045 0.265565 
-0.181281 0.307459 0.879755 0.302567 
-0.040071 0.545946 0.887268 0.263474 
-0.040071 0.545946 0.887268 0.263474 
0.802379 0.926153 0.597333 -0.477127 
0.626532 0.958665 0.004014 0.047171 
0.712856 0.960404 -0.585783 0.821015 
0.712856 0.960404 -0.585783 0.821015 
0.764881 0.974598 -0.589183 0.822968 
0.780992 0.979646 -0.600663 0.816489 
0.103229 0.993094 -0.586938 0.800521 
0.103229 0.993094 -0.586938 0.800521 
