0.608004 0.630487 -0.754810 0.892100 
0.608004 0.630487 -0.754810 0.892100 
0.608004 0.630487 -0.754810 0.892100 
0.608004 0.630487 -0.754810 0.892100 
0.924473 0.523509 -0.813776 0.912288 
0.924473 0.523509 -0.813776 0.912288 
0.924473 0.523509 -0.813776 0.912288 
0.924420 0.523956 -0.813607 0.912165 
0.794920 0.900870 -0.388547 0.436399 
0.889220 0.724815 -0.698591 0.813646 
0.889220 0.724815 -0.698591 0.813646 
0.917651 0.576105 -0.792001 0.895809 
0.898613 0.662766 -0.700918 0.834228 
0.898613 0.662766 -0.700918 0.834228 
0.689037 0.950324 -0.025875 -0.041148 
0.688634 0.950448 -0.024832 -0.042683 
0.688634 0.950448 -0.024832 -0.042683 
0.688637 0.950448 -0.024840 -0.042671 
0.688641 0.950446 -0.024850 -0.042657 
0.688641 0.950446 -0.024850 -0.042657 
0.688634 0.950449 -0.024831 -0.042686 
0.897902 0.632437 0.163617 -0.175994 
0.897902 0.632437 0.163617 -0.175994 
0.739789 0.567003 0.549449 -0.810125 
0.760958 0.530108 0.437178 -0.808097 
0.760958 0.530108 0.437178 -0.808097 
0.760958 0.530108 0.437178 -0.808097 
0.056403 0.238109 0.966242 -0.772269 
0.056403 0.238109 0.966242 -0.772269 
0.056403 0.238109 0.966242 -0.772269 
0.056403 0.238109 0.966242 -0.772269 
0.056403 0.238109 0.966242 -0.772269 
0.056403 0.238109 0.966242 -0.772269 
0.056403 0.238109 0.966242 -0.772269 
0.056403 0.238109 0.966242 -0.772269 
0.056403 0.238109 0.966242 -0.772269 
0.056403 0.238109 0.966242 -0.772269 
0.056403 0.238109 0.966242 -0.772269 
0.306315 0.273790 0.964906 -0.766199 
0.306315 0.273790 0.964906 -0.766199 
0.306315 0.273790 0.964906 -0.766199 
-0.027452 0.005075 0.925302 -0.021499 
-0.027452 0.005075 0.925302 -0.021499 
-0.027452 0.005075 0.925302 -0.021499 
-0.027452 0.005075 0.925302 -0.021499 
-0.027452 0.005075 0.925302 -0.021499 
-0.027452 0.005075 0.925302 -0.021499 
-0.027452 0.005075 0.925302 -0.021499 
0.007701 -0.009105 0.900721 0.018194 
0.007701 -0.009105 0.900721 0.018194 
0.007701 -0.009105 0.900721 0.018194 
0.005095 -0.103143 0.849884 0.094717 
0.005095 -0.103143 0.849884 0.094717 
-0.096400 -0.037606 0.766762 0.039283 
0.307349 0.831689 -0.454458 0.038594 
0.307349 0.831689 -0.454458 0.038594 
0.096170 0.968063 -0.251721 0.031403 
-0.185661 0.990379 -0.140460 0.064673 
