0.745413 0.484380 0.259913 0.548685 
0.745413 0.484380 0.259913 0.548685 
0.745413 0.484380 0.259913 0.548685 
0.745413 0.484380 0.259913 0.548685 
0.745413 0.484380 0.259913 0.548685 
0.745413 0.484380 0.259913 0.548685 
0.745413 0.484380 0.259913 0.548685 
0.745413 0.484379 0.259912 0.548684 
0.521543 0.424871 -0.008132 0.031531 
0.285618 0.859455 -0.005054 -0.007471 
0.281710 0.862622 -0.005009 -0.008033 
0.281710 0.862622 -0.005009 -0.008033 
0.521543 0.424873 -0.008132 0.031530 
0.281843 0.862580 -0.005009 -0.008034 
0.281843 0.862580 -0.005009 -0.008034 
0.281843 0.862580 -0.005009 -0.008034 
0.281843 0.862580 -0.005009 -0.008034 
0.281843 0.862580 -0.005009 -0.008034 
0.521543 0.424871 -0.008132 0.031531 
0.521543 0.424871 -0.008132 0.031531 
0.521543 0.424871 -0.008132 0.031531 
0.521543 0.424871 -0.008132 0.031531 
0.521543 0.424871 -0.008132 0.031531 
0.521543 0.424871 -0.008132 0.031531 
0.521543 0.424871 -0.008132 0.031531 
0.521543 0.424871 -0.008132 0.031531 
0.847999 0.357457 -0.015791 0.041693 
0.847999 0.357457 -0.015791 0.041693 
0.847998 0.357457 -0.015791 0.041693 
0.522553 0.424736 -0.008148 0.031552 
0.522967 0.424680 -0.008154 0.031560 
0.522967 0.424680 -0.008154 0.031560 
0.791157 0.375398 -0.013799 0.039049 
0.848002 0.357454 -0.015791 0.041693 
0.848002 0.357454 -0.015791 0.041693 
0.968694 -0.030660 -0.002468 -0.008125 
0.968695 -0.030665 -0.002468 -0.008125 
0.968695 -0.030665 -0.002468 -0.008125 
0.968695 -0.030665 -0.002468 -0.008125 
0.968695 -0.030665 -0.002468 -0.008125 
0.967082 -0.031575 0.030483 -0.007592 
0.967082 -0.031575 0.030483 -0.007592 
0.878370 0.047672 0.047095 -0.017607 
-0.000766 -0.001018 0.948207 0.010956 
0.789215 0.037155 0.407195 -0.011392 
0.789215 0.037155 0.407195 -0.011392 
0.885381 0.048941 0.005193 -0.018300 
0.885535 0.048856 0.005184 -0.018289 
0.885535 0.048856 0.005184 -0.018289 
0.885381 0.048941 0.005193 -0.018300 
0.885381 0.048941 0.005193 -0.018300 
0.885381 0.048941 0.005193 -0.018300 
0.885381 0.048941 0.005193 -0.018300 
0.885381 0.048941 0.005193 -0.018300 
0.885381 0.048941 0.005193 -0.018300 
0.885381 0.048941 0.005193 -0.018300 
0.885381 0.048941 0.005193 -0.018300 
0.885386 0.048938 0.005192 -0.018299 
0.885386 0.048938 0.005192 -0.018299 
0.902693 0.038692 0.004205 -0.016988 
0.885381 0.048941 0.005192 -0.018300 
0.885381 0.048941 0.005192 -0.018300 
0.885386 0.048938 0.005192 -0.018299 
0.885385 0.048939 0.005192 -0.018299 
0.885385 0.048939 0.005192 -0.018299 
0.885730 0.048749 0.005174 -0.018275 
0.903870 0.037934 0.004132 -0.016891 
0.893071 0.044583 0.004773 -0.017742 
0.893071 0.044583 0.004773 -0.017742 
0.962604 -0.019929 -0.001435 -0.009498 
0.968695 -0.030665 -0.002468 -0.008125 
0.968695 -0.030665 -0.002468 -0.008125 
0.968695 -0.030665 -0.002468 -0.008125 
0.966647 -0.026842 -0.002100 -0.008614 
0.885381 0.048941 0.005193 -0.018300 
0.885380 0.048978 0.006151 -0.018332 
0.885380 0.048978 0.006151 -0.018332 
0.885381 0.048941 0.005193 -0.018300 
0.885381 0.048941 0.005193 -0.018300 
0.885381 0.048941 0.005193 -0.018300 
0.885381 0.048941 0.005193 -0.018300 
0.885381 0.048941 0.005193 -0.018300 
0.885381 0.048941 0.005193 -0.018300 
0.885381 0.048941 0.005193 -0.018300 
0.885381 0.048941 0.005193 -0.018300 
0.885381 0.048941 0.005193 -0.018300 
0.885381 0.048941 0.005193 -0.018300 
0.885385 0.048944 0.005205 -0.018272 
0.745413 0.484380 0.259914 0.548685 
0.745413 0.484380 0.259914 0.548685 
0.745413 0.484380 0.259913 0.548685 
0.577980 0.703686 0.261488 0.549882 
0.577980 0.703686 0.261488 0.549882 
0.577980 0.703686 0.261488 0.549882 
0.567317 0.702117 0.250906 0.532801 
0.354380 0.938367 0.264249 0.521432 
0.354560 0.938376 0.264395 0.521674 
0.354560 0.938376 0.264395 0.521674 
0.577980 0.703686 0.261488 0.549882 
0.924519 0.718806 -0.909898 0.987612 
0.924519 0.718806 -0.909898 0.987612 
0.924519 0.718806 -0.909898 0.987612 
0.924519 0.718806 -0.909898 0.987612 
0.924519 0.718806 -0.909898 0.987612 
0.657878 0.866718 0.268383 0.675201 
0.570428 0.874295 0.207117 0.574025 
0.570428 0.874295 0.207117 0.574025 
-0.013421 0.928746 -0.003320 -0.006306 
-0.013445 0.928749 -0.003320 -0.006320 
-0.013445 0.928749 -0.003320 -0.006320 
-0.013445 0.928749 -0.003320 -0.006320 
-0.013445 0.928749 -0.003320 -0.006320 
-0.013445 0.928749 -0.003320 -0.006320 
-0.013445 0.928749 -0.003320 -0.006320 
0.169697 0.947536 0.038556 -0.083118 
0.169697 0.947536 0.038556 -0.083118 
0.169697 0.947536 0.038556 -0.083118 
0.848001 0.357456 -0.015791 0.041693 
0.848000 0.357456 -0.015791 0.041693 
