0.924473 0.523509 -0.813776 0.912288 
0.924473 0.523509 -0.813776 0.912288 
0.924473 0.523509 -0.813776 0.912288 
0.924473 0.523509 -0.813776 0.912288 
0.924473 0.523509 -0.813776 0.912288 
0.924473 0.523509 -0.813776 0.912288 
0.924473 0.523509 -0.813776 0.912288 
0.924473 0.523509 -0.813776 0.912288 
0.924473 0.523509 -0.813776 0.912288 
0.924473 0.523509 -0.813776 0.912288 
0.694652 0.948545 -0.040535 -0.019533 
0.694652 0.948545 -0.040535 -0.019533 
0.016062 0.977372 0.490613 -0.819738 
0.559425 0.815831 0.621107 -0.859429 
0.559425 0.815831 0.621107 -0.859429 
0.739816 0.566959 0.549323 -0.810123 
0.760958 0.530108 0.437178 -0.808097 
0.760958 0.530108 0.437178 -0.808097 
0.808219 0.353001 0.516001 -0.808282 
0.808219 0.353001 0.516001 -0.808282 
0.808219 0.353001 0.516001 -0.808282 
0.056403 0.238109 0.966242 -0.772269 
0.056403 0.238109 0.966242 -0.772269 
0.056403 0.238109 0.966242 -0.772269 
0.056403 0.238109 0.966242 -0.772269 
0.056403 0.238109 0.966242 -0.772269 
0.056403 0.238109 0.966242 -0.772269 
0.056403 0.238109 0.966242 -0.772269 
0.306315 0.273790 0.964906 -0.766199 
0.306315 0.273790 0.964906 -0.766199 
0.306315 0.273790 0.964906 -0.766199 
0.709289 -0.154734 0.899697 0.087161 
0.709289 -0.154734 0.899697 0.087161 
0.709289 -0.154734 0.899697 0.087161 
-0.027452 0.005075 0.925302 -0.021499 
-0.027452 0.005075 0.925302 -0.021499 
-0.027452 0.005075 0.925302 -0.021499 
-0.027452 0.005075 0.925302 -0.021499 
-0.027452 0.005075 0.925302 -0.021499 
-0.027452 0.005075 0.925302 -0.021499 
-0.027452 0.005075 0.925302 -0.021499 
-0.027452 0.005075 0.925302 -0.021499 
0.007701 -0.009105 0.900721 0.018194 
0.007701 -0.009105 0.900721 0.018194 
0.007701 -0.009105 0.900721 0.018194 
-0.093817 0.056722 0.843365 -0.037485 
0.733450 0.194549 -0.079905 -0.171611 
0.733450 0.194549 -0.079905 -0.171611 
0.308148 0.841283 -0.393333 0.012615 
-0.190832 0.992120 0.102813 -0.037087 
