0.924473 0.523509 -0.813776 0.912288 
0.924473 0.523509 -0.813776 0.912288 
0.924473 0.523509 -0.813776 0.912288 
0.924473 0.523509 -0.813776 0.912288 
0.924473 0.523509 -0.813776 0.912288 
0.924473 0.523509 -0.813776 0.912288 
0.924473 0.523509 -0.813776 0.912288 
0.924473 0.523509 -0.813776 0.912288 
0.916011 0.559630 -0.763092 0.885378 
0.916011 0.559630 -0.763092 0.885378 
0.916011 0.559630 -0.763092 0.885378 
0.888849 0.705977 -0.665682 0.802061 
0.688645 0.950445 -0.024861 -0.042641 
0.688645 0.950445 -0.024861 -0.042641 
0.688634 0.950449 -0.024831 -0.042686 
0.693233 0.948920 -0.022118 -0.044613 
0.693233 0.948920 -0.022118 -0.044613 
0.949436 0.191063 -0.087387 -0.008423 
0.949608 0.189232 -0.092700 -0.008212 
0.949608 0.189232 -0.092700 -0.008212 
0.949608 0.189232 -0.092700 -0.008212 
0.956988 0.046026 -0.025853 -0.008561 
0.092281 0.224017 0.954739 -0.754986 
0.091367 0.224689 0.954817 -0.755750 
0.091367 0.224689 0.954817 -0.755750 
0.056403 0.238109 0.966242 -0.772269 
0.056403 0.238109 0.966242 -0.772269 
0.056403 0.238109 0.966242 -0.772269 
0.056403 0.238109 0.966242 -0.772269 
0.306315 0.273790 0.964906 -0.766199 
0.306315 0.273790 0.964906 -0.766199 
0.306315 0.273790 0.964906 -0.766199 
0.306315 0.273790 0.964906 -0.766199 
0.306315 0.273790 0.964906 -0.766199 
0.306315 0.273790 0.964906 -0.766199 
0.709289 -0.154734 0.899697 0.087161 
0.709289 -0.154734 0.899697 0.087161 
0.709289 -0.154734 0.899697 0.087161 
0.707480 -0.154109 0.899814 0.086731 
-0.027452 0.005075 0.925302 -0.021499 
-0.027452 0.005075 0.925302 -0.021499 
-0.027452 0.005075 0.925302 -0.021499 
-0.027452 0.005075 0.925302 -0.021499 
-0.027452 0.005075 0.925302 -0.021499 
-0.027452 0.005075 0.925302 -0.021499 
-0.027452 0.005075 0.925302 -0.021499 
-0.027452 0.005075 0.925302 -0.021499 
0.007701 -0.009105 0.900721 0.018194 
0.007701 -0.009105 0.900721 0.018194 
0.007701 -0.009105 0.900721 0.018194 
0.007701 -0.009105 0.900721 0.018194 
0.007701 -0.009105 0.900721 0.018194 
0.007701 -0.009105 0.900721 0.018194 
0.777077 0.130427 0.161802 -0.117089 
0.362280 0.853366 0.103469 0.012355 
0.362280 0.853366 0.103469 0.012355 
0.245070 0.904484 0.020016 0.012165 
-0.012558 0.960033 -0.005301 -0.010713 
-0.012558 0.960033 -0.005301 -0.010713 
0.050146 0.950905 -0.090549 0.114814 
0.608004 0.630487 -0.754810 0.892100 
0.608004 0.630487 -0.754810 0.892100 
0.608004 0.630487 -0.754810 0.892100 
0.608004 0.630487 -0.754810 0.892100 
0.608004 0.630487 -0.754810 0.892100 
0.608004 0.630487 -0.754810 0.892100 
0.608004 0.630487 -0.754810 0.892100 
0.608004 0.630487 -0.754810 0.892100 
