0 0 0 0 0 0
120 123 157 0 0 0
109 120 158 16383 16383 16383
105 120 156 16383 16383 16383
105 120 156 16383 16383 16383
96 123 153 16383 16383 16383
96 123 153 16383 16383 16383
85 128 154 66 70 9318
82 133 158 8620 10060 7660
82 135 158 8703 9845 5787
82 135 158 8703 9845 5787
82 141 154 8714 9643 4647
83 143 153 8938 9288 6377
83 143 153 8938 9288 6377
89 151 154 9085 9163 6291
92 154 154 9108 8480 5769
92 154 154 9108 8480 5769
105 168 150 9122 8382 5611
110 172 149 8842 8621 5344
110 172 149 8842 8621 5344
120 177 152 8813 8971 5344
124 177 155 8473 10195 5420
124 177 155 8473 10195 5420
