-1.346154 0.461538 0.640000 8148 7763 8947
-1.538462 0.538462 0.680000 8357 7898 8128
-1.538462 0.538462 0.680000 8357 7898 8128
-1.730769 0.961538 0.880000 8630 7953 7267
-1.846154 1.115385 0.960000 9289 8361 5024
-2.000000 1.269231 1.080000 9316 8713 4269
-2.000000 1.269231 1.080000 9316 8713 4269
-2.653846 1.884615 1.440000 9266 9175 3440
-2.807692 2.192308 1.560000 9002 9572 6442
-2.961539 2.500000 1.600000 8990 9195 6216
-2.961539 2.500000 1.600000 8990 9195 6216
-3.269231 3.153846 1.600000 9046 8717 5982
-3.538461 3.730769 1.480000 8723 8411 5554
-3.692308 4.038462 1.400000 8427 8341 4999
-3.692308 4.038462 1.400000 8427 8341 4999
-3.230769 4.423077 0.720000 8530 7569 4674
-2.884615 4.461538 0.600000 8991 6764 3780
-2.884615 4.461538 0.600000 8991 6764 3780
-1.346154 4.538462 1.720000 8655 8585 3621
-0.807692 4.538462 1.920000 7771 12206 3931
-0.807692 4.538462 1.920000 7771 12206 3931
