106 131 148 7771 7325 11762
102 131 149 7775 7302 11459
102 131 149 7775 7302 11459
88 132 154 7835 7073 11053
80 135 155 7883 6386 9249
72 138 155 7830 6300 8249
72 138 155 7830 6300 8249
53 146 155 7821 6227 7176
47 148 157 7759 7829 3111
47 148 157 7759 7829 3111
41 171 163 7747 8375 1324
46 185 162 7878 8426 5257
50 199 161 7924 8247 4850
50 199 161 7924 8247 4850
68 233 155 7861 8321 4468
79 237 152 7743 8255 3760
79 237 152 7743 8255 3760
104 239 150 7697 9012 3728
113 239 155 8335 11387 4083
