130 127 156 7811 8116 8263
129 127 154 7844 8083 8124
129 127 154 7844 8083 8124
129 129 154 7851 8154 8053
128 129 154 7714 8251 8079
128 129 154 7714 8251 8079
114 128 151 7726 8182 8192
110 128 151 8067 7756 8075
104 128 151 8012 7930 7979
104 128 151 8012 7930 7979
87 127 151 7832 8216 7830
84 126 152 7978 8339 6954
80 127 152 8021 8225 6679
80 127 152 8021 8225 6679
69 129 150 8077 8108 6345
67 130 151 8282 8197 5260
67 133 150 8199 8138 4787
67 133 150 8199 8138 4787
72 141 148 8237 7987 4334
79 144 148 8637 7415 3113
89 148 146 8491 7495 2673
89 148 146 8491 7495 2673
127 163 145 8397 7647 2334
141 170 149 9150 7676 1786
162 177 158 9451 7607 1709
162 177 158 9451 7607 1709
201 179 165 9458 7703 2038
204 176 165 8856 8047 4498
193 156 160 7986 8449 7002
193 156 160 7986 8449 7002
