112 125 151 7789 8007 9397
110 126 150 7802 8029 9265
112 125 149 7801 7988 9103
112 125 149 7801 7988 9103
109 122 150 7856 8063 9045
107 121 150 8034 8046 8586
106 120 150 8134 7970 8203
106 120 150 8134 7970 8203
107 120 150 8243 7897 7786
108 121 151 8411 8197 6654
108 121 151 8411 8197 6654
108 124 154 8422 8336 6306
109 125 154 8466 8355 5411
109 125 154 8466 8355 5411
111 127 155 8476 8296 5181
111 128 155 8465 7885 4604
111 128 155 8465 7885 4604
114 130 155 8406 7766 4424
114 130 155 8278 7546 4014
115 131 154 8236 7509 3890
115 131 154 8236 7509 3890
114 131 154 8145 7532 3771
114 132 154 7814 7820 3152
114 133 153 7791 7712 2939
114 133 153 7791 7712 2939
118 137 150 7859 7484 2728
119 138 150 8135 7057 2460
119 138 150 8135 7057 2460
119 137 151 8153 7171 2481
119 137 151 7922 7940 2346
119 137 151 7922 7940 2346
120 137 152 7897 8086 2214
121 138 152 8120 7937 1896
121 138 152 8120 7937 1896
123 139 153 8209 7852 1839
124 140 153 8213 7850 1695
124 140 153 8213 7850 1695
125 142 155 8193 8027 1615
126 142 155 8008 8799 1514
126 142 155 8008 8799 1514
129 143 156 7919 8965 1495
130 144 156 7709 9336 1455
130 144 156 7709 9336 1455
132 144 155 7650 9465 1538
133 145 155 7719 9672 1729
133 145 155 7719 9672 1729
136 146 161 7695 9923 1788
137 146 163 7080 11063 2026
137 146 163 7080 11063 2026
