-0.500000 0.240000 1.076923 -3.900000 67.500000 54.200001
-0.615385 0.240000 0.884615 -9.800000 76.400002 44.750000
-0.692308 0.240000 0.846154 -9.900000 82.500000 31.950001
-0.692308 0.240000 0.846154 -9.900000 82.500000 31.950001
-0.846154 0.280000 0.884615 -2.850000 95.000000 16.600000
-1.000000 0.400000 1.038462 0.000000 0.000000 0.000000
-1.000000 0.480000 1.115385 1.450000 -5.400000 -40.250000
-1.000000 0.480000 1.115385 1.450000 -5.400000 -40.250000
-1.115385 0.640000 1.230769 386.399994 411.049988 228.699997
-1.192308 0.720000 1.269231 374.750000 396.750000 181.250000
-1.230769 0.760000 1.307692 376.450012 384.149994 160.649994
-1.230769 0.760000 1.307692 376.450012 384.149994 160.649994
-1.269231 1.040000 1.346154 375.950012 372.700012 139.350006
-1.269231 1.120000 1.346154 360.299988 355.549988 67.650002
-1.269231 1.200000 1.346154 354.049988 352.450012 43.549999
-1.269231 1.200000 1.346154 354.049988 352.450012 43.549999
-1.307692 1.280000 1.038462 0.000000 0.000000 0.000000
-1.384615 1.280000 0.807692 6.050000 -33.650002 -98.750000
-1.423077 1.360000 0.500000 25.900000 -60.250000 -145.000000
-1.423077 1.360000 0.500000 25.900000 -60.250000 -145.000000
-0.692308 2.200000 -0.076923 0.000000 0.000000 0.000000
-0.153846 2.480000 0.076923 57.049999 20.150000 -77.750000
-0.153846 2.480000 0.076923 57.049999 20.150000 -77.750000
0.692308 2.560000 0.692308 0.000000 0.000000 0.000000
