97 120 147 7966 7764 9712
94 120 149 8279 7594 8962
94 120 149 8279 7594 8962
94 123 156 8412 7637 8138
94 124 158 8386 8252 6080
94 124 158 8386 8252 6080
90 127 158 8244 8447 5559
87 129 157 7958 8810 3878
86 132 158 8071 8929 3139
86 132 158 8071 8929 3139
92 142 166 8070 9186 2445
93 145 165 7185 9471 1347
92 146 164 6892 9576 1262
92 146 164 6892 9576 1262
88 147 160 6700 9681 1179
86 152 155 6744 9801 775
87 155 154 7015 10077 6393
87 155 154 7015 10077 6393
101 168 164 7888 9662 6271
111 173 166 8048 9025 6304
115 174 160 7357 9300 6398
115 174 160 7357 9300 6398
129 172 149 7323 9581 6456
137 173 151 8954 9049 947
144 171 155 9193 9213 1441
144 171 155 9193 9213 1441
