74 129 148 7524 7118 8583
69 131 146 7786 6604 7173
66 133 143 8021 6316 5752
66 133 143 8021 6316 5752
62 151 150 8374 6416 4379
62 154 154 8810 7993 963
61 158 158 8780 8252 6412
61 158 158 8780 8252 6412
55 169 165 8662 8277 6230
52 175 165 7946 7593 5652
52 175 165 7946 7593 5652
57 205 158 7653 7446 5399
64 215 159 7157 9460 4737
71 223 163 7185 10844 4620
71 223 163 7185 10844 4620
81 234 176 7238 11967 4552
88 236 178 8344 11230 4415
88 236 178 8344 11230 4415
118 233 173 8735 9842 4454
124 228 169 8918 6109 5007
128 226 165 8647 5277 5208
128 226 165 8647 5277 5208
143 221 156 8260 4927 5363
