-0.846154 0.076923 1.120000 7398 7494 8164
-0.807692 0.115385 1.080000 7434 7497 7627
-0.769231 0.115385 1.040000 7481 7424 7113
-0.769231 0.115385 1.040000 7481 7424 7113
-0.653846 0.192308 1.040000 7576 7441 6723
-0.615385 0.230769 1.040000 7697 7937 5694
-0.615385 0.269231 1.080000 7700 8188 5403
-0.615385 0.269231 1.080000 7700 8188 5403
-0.576923 0.346154 1.200000 7678 8377 5122
-0.538462 0.384615 1.200000 7533 8285 4281
-0.500000 0.423077 1.160000 7481 8184 4025
-0.500000 0.423077 1.160000 7481 8184 4025
-0.384615 0.461538 1.040000 7445 8162 3768
-0.346154 0.461538 1.000000 7411 8548 3173
-0.307692 0.500000 1.000000 7546 8583 3024
-0.307692 0.500000 1.000000 7546 8583 3024
-0.192308 0.538462 1.000000 7685 8506 2923
-0.153846 0.538462 1.000000 8101 8312 2666
-0.153846 0.576923 1.040000 8179 8276 2636
-0.153846 0.576923 1.040000 8179 8276 2636
-0.038462 0.576923 1.120000 8240 8176 2644
-0.038462 0.538462 1.120000 8061 8479 2951
-0.038462 0.538462 1.120000 8061 8479 2951
-0.038462 0.461538 1.080000 7915 8789 3087
-0.153846 0.384615 1.040000 7726 9648 3248
-0.230769 0.384615 1.080000 7780 10379 3081
-0.269231 0.384615 1.120000 7869 10607 2884
-0.269231 0.384615 1.120000 7869 10607 2884
-0.307692 0.500000 1.240000 7977 10783 2625
-0.269231 0.538462 1.280000 8189 10788 1962
-0.269231 0.538462 1.280000 8189 10788 1962
-0.230769 0.576923 1.240000 8254 10514 1876
-0.230769 0.615385 1.200000 8301 9863 1808
-0.230769 0.615385 1.200000 8346 9720 1737
-0.230769 0.615385 1.200000 8346 9720 1737
-0.192308 0.653846 1.200000 8448 9503 1656
-0.153846 0.653846 1.160000 8559 8982 1292
-0.076923 0.692308 1.120000 8472 9012 1232
-0.076923 0.692308 1.120000 8472 9012 1232
0.038462 0.692308 1.160000 8345 9179 1238
0.076923 0.692308 1.160000 8191 8857 1399
0.153846 0.730769 1.120000 8475 8211 1512
0.153846 0.730769 1.120000 8475 8211 1512
