102 129 146 8038 7223 9696
95 127 146 8220 7329 9300
89 124 146 8364 7405 8577
89 124 146 8364 7405 8577
76 127 147 8531 7406 7640
78 132 149 9373 6662 4253
81 138 151 9421 6694 3312
81 138 151 9421 6694 3312
85 148 158 9298 7011 2625
84 151 160 8783 7225 1095
84 151 160 8783 7225 1095
81 161 162 8621 7052 581
82 165 161 8053 6356 6188
83 169 159 7900 6243 6120
83 169 159 7900 6243 6120
82 174 154 7726 6269 6075
78 175 153 7116 7062 5878
78 175 153 7116 7062 5878
80 189 149 7045 7251 5707
86 195 149 7383 7443 5148
92 200 148 7662 7286 5043
92 200 148 7662 7286 5043
108 206 148 7841 7163 5000
110 206 147 7377 8452 5024
111 210 147 7288 8779 5008
111 210 147 7288 8779 5008
