-0.807692 0.192308 0.840000 7816 7043 8945
-0.846154 0.192308 0.800000 7871 7224 8627
-0.846154 0.192308 0.800000 7871 7224 8627
-0.884615 0.115385 0.840000 8012 7334 8268
-0.884615 0.115385 0.880000 8440 7410 7145
-0.884615 0.153846 0.880000 8461 7564 6793
-0.884615 0.153846 0.880000 8461 7564 6793
-0.961538 0.153846 0.920000 8445 7854 6439
-1.000000 0.192308 1.000000 8601 8154 5192
-1.000000 0.192308 1.000000 8601 8154 5192
-0.846154 0.346154 1.120000 8719 7857 4729
-0.807692 0.423077 1.120000 8773 6977 3499
-0.807692 0.423077 1.120000 8773 6977 3499
-0.692308 0.576923 1.040000 8691 6889 3168
-0.653846 0.615385 1.040000 8308 7334 2316
-0.615385 0.653846 1.040000 8198 7696 2074
-0.615385 0.653846 1.040000 8198 7696 2074
-0.500000 0.730769 1.120000 8119 7970 1861
-0.461538 0.769231 1.160000 8065 7827 1518
-0.423077 0.769231 1.160000 8100 7600 1410
-0.423077 0.769231 1.160000 8100 7600 1410
-0.384615 0.846154 1.120000 8095 7330 1294
-0.307692 0.884615 1.080000 7988 6941 879
-0.269231 0.884615 1.080000 7880 7113 847
-0.269231 0.884615 1.080000 7880 7113 847
-0.230769 0.923077 1.080000 7752 7394 838
-0.230769 0.923077 1.080000 7645 7783 767
-0.192308 0.923077 1.120000 7707 7553 761
-0.192308 0.923077 1.120000 7707 7553 761
0.038462 1.000000 1.040000 7782 7203 862
0.153846 1.000000 1.000000 7777 6412 1651
0.153846 0.961538 1.000000 7604 6652 2112
0.153846 0.961538 1.000000 7604 6652 2112
-0.038462 0.769231 1.040000 7343 7201 2468
-0.076923 0.769231 1.040000 6691 8728 2598
-0.038462 0.769231 1.040000 6700 8908 2423
-0.038462 0.769231 1.040000 6700 8908 2423
0.076923 0.769231 1.000000 6708 8971 2268
0.115385 0.807692 1.000000 6861 9287 1880
0.115385 0.807692 1.040000 6931 9357 1778
0.115385 0.807692 1.040000 6931 9357 1778
0.192308 0.846154 1.120000 7065 9290 1710
