-0.423077 0.000000 0.920000 8418 7806 7446
-0.384615 0.000000 0.920000 8425 7964 7334
-0.384615 0.000000 0.920000 8425 7964 7334
-0.423077 0.000000 1.000000 8430 8125 7229
-0.461538 0.000000 1.040000 8520 8250 6858
-0.461538 0.038462 1.080000 8539 8133 6678
-0.461538 0.038462 1.080000 8539 8133 6678
-0.423077 0.153846 1.120000 8555 8001 6513
-0.423077 0.192308 1.080000 8458 7744 6100
-0.423077 0.192308 1.080000 8458 7744 6100
-0.461538 0.269231 1.080000 8376 7768 5991
-0.461538 0.269231 1.040000 8108 8023 5790
-0.461538 0.269231 1.040000 8108 8023 5790
-0.500000 0.230769 1.040000 8044 8062 5721
-0.500000 0.269231 1.040000 8071 7813 5391
-0.538462 0.269231 1.040000 8084 7693 5256
-0.538462 0.269231 1.040000 8084 7693 5256
-0.461538 0.307692 1.040000 8080 7591 5110
-0.461538 0.307692 1.000000 8079 7449 4786
-0.461538 0.307692 1.000000 8079 7449 4786
-0.461538 0.269231 1.000000 8078 7509 4711
-0.461538 0.307692 1.040000 7936 8239 4233
-0.461538 0.307692 1.080000 7900 8473 4080
-0.461538 0.307692 1.080000 7900 8473 4080
-0.384615 0.346154 1.080000 7914 8460 3892
-0.384615 0.384615 1.040000 8166 7975 3429
-0.384615 0.384615 1.040000 8166 7975 3429
-0.384615 0.384615 1.040000 8185 7961 3359
-0.423077 0.384615 1.040000 7937 8852 3042
-0.461538 0.384615 1.080000 7869 9189 2850
-0.461538 0.384615 1.080000 7869 9189 2850
-0.576923 0.346154 1.040000 7884 9351 2610
-0.538462 0.423077 1.000000 8401 8627 1550
-0.576923 0.423077 0.920000 8547 8455 1212
-0.576923 0.423077 0.920000 8547 8455 1212
-0.807692 0.538462 1.000000 8633 8466 818
-0.769231 0.653846 1.080000 8783 8385 6139
-0.692308 0.807692 1.040000 8747 8070 5998
