-0.153846 0.120000 0.961538 7642 8145 8415
-0.230769 0.200000 1.230769 7770 8236 8379
-0.384615 0.200000 1.346154 7569 8349 8346
-0.384615 0.200000 1.346154 7569 8349 8346
-0.923077 0.240000 1.423077 7444 8328 8266
-1.153846 0.240000 1.384615 6905 8365 7290
-1.153846 0.240000 1.384615 6905 8365 7290
-1.538462 0.440000 1.423077 6718 8559 6650
-1.730769 0.480000 1.538462 6486 8696 4841
-1.730769 0.480000 1.538462 6486 8696 4841
-2.230769 0.640000 1.653846 6387 8360 4267
-2.346154 0.760000 1.538462 5863 7062 2068
-2.384615 0.880000 1.307692 5695 6834 1110
-2.384615 0.880000 1.307692 5695 6834 1110
-2.115385 1.320000 0.846154 5618 6905 6416
-1.923077 1.480000 0.692308 5842 7576 5829
-1.730769 1.640000 0.538462 6013 7853 5686
-1.730769 1.640000 0.538462 6013 7853 5686
-1.153846 2.080000 0.192308 6338 8022 5563
-0.923077 2.320000 0.115385 8017 7694 5404
-0.923077 2.320000 0.115385 8017 7694 5404
0.500000 3.000000 0.884615 8707 7053 5388
