90 133 145 7952 7686 8304
86 130 144 8174 7660 7626
83 131 144 8433 7651 6716
83 131 144 8433 7651 6716
82 141 146 8747 7566 5767
81 147 148 9381 8186 3170
80 151 151 9449 8560 2472
80 151 151 9449 8560 2472
75 162 157 9462 8786 1788
73 165 156 9422 8301 6316
72 169 156 9418 7960 6126
72 169 156 9418 7960 6126
75 188 151 9427 7638 5926
76 194 150 9622 7740 5444
77 198 152 9726 8488 5343
77 198 152 9726 8488 5343
71 206 159 9698 9580 5247
67 209 162 9522 13094 4849
67 217 163 10004 12799 4637
67 217 163 10004 12799 4637
101 238 165 10922 11355 4440
115 240 164 12532 5577 4427
131 240 165 12017 5061 4641
131 240 165 12017 5061 4641
154 221 175 11096 5598 4968
153 214 172 7402 8406 6078
152 209 167 6910 8578 6283
