99 128 149 8268 8597 8506
99 126 150 8394 8356 8161
98 125 153 8549 8078 7724
98 125 153 8549 8078 7724
98 126 154 8615 7821 7316
100 127 154 8424 7674 5912
101 129 154 8327 7862 5457
101 129 154 8327 7862 5457
104 135 154 8272 8017 5048
106 137 154 8392 7887 4097
108 138 154 8415 7830 3935
108 138 154 8415 7830 3935
111 139 154 8467 7643 3820
111 140 153 8415 7220 3454
112 140 152 8368 7337 3353
112 140 152 8368 7337 3353
114 142 151 8345 7526 3240
115 142 152 8404 7883 2976
115 142 152 8404 7883 2976
114 142 155 8420 7991 2905
114 142 155 8346 8175 2442
113 142 155 8239 8282 2167
113 142 155 8239 8282 2167
115 147 154 8143 8413 1859
116 150 154 8090 9068 1308
116 150 154 8090 9068 1308
113 150 158 8198 9365 1357
111 149 160 8379 10151 1450
111 149 160 8379 10151 1450
107 149 161 8415 10158 1297
108 150 159 8778 8675 6385
108 150 159 8778 8675 6385
116 157 153 8919 8165 6267
118 160 151 9216 7549 5987
121 164 150 9235 7643 5924
121 164 150 9235 7643 5924
132 174 156 9201 7910 5862
137 177 158 8445 8894 5845
