120 125 149 7911 8011 8312
118 126 152 8157 7939 8031
118 126 153 8122 7890 7815
118 126 153 8122 7890 7815
119 130 155 8098 7941 7546
118 131 155 7858 8537 7348
116 131 156 7850 8656 7346
116 131 156 7850 8656 7346
110 127 158 7852 8677 7321
109 127 156 7849 8197 6759
109 127 155 7904 7902 6383
109 127 155 7904 7902 6383
110 131 154 8005 7663 5959
111 133 153 8076 7677 4949
111 133 153 8076 7677 4949
112 136 154 7988 7826 4702
111 137 154 7668 8388 4138
111 137 154 7572 8542 3912
111 137 154 7572 8542 3912
112 140 152 7561 8556 3636
113 142 151 7899 8093 2928
114 143 152 7990 7934 2832
114 143 152 7990 7934 2832
112 145 155 7987 7931 2748
109 144 156 7493 8548 2259
106 144 157 7364 8865 1854
106 144 157 7364 8865 1854
99 145 157 7189 9235 1251
98 148 157 7178 9887 6020
98 148 157 7178 9887 6020
119 167 155 7530 9745 5797
131 172 156 8499 8674 5660
