109 125 149 7654 8287 9264
107 126 151 7774 8350 9006
104 125 151 7588 8662 8658
104 125 151 7588 8662 8658
94 124 150 7641 8757 8252
92 125 150 8044 8429 6387
94 127 152 8261 8294 5729
94 127 152 8261 8294 5729
101 132 155 8450 8303 5202
99 131 155 7942 8671 4337
98 133 155 7903 8364 3527
98 134 155 7946 8196 2994
98 134 155 7946 8196 2994
103 142 152 7929 8120 2423
105 144 151 7910 8693 1240
107 146 151 7992 8745 980
107 146 151 7992 8745 980
113 150 152 8122 8748 843
114 151 153 8486 8371 708
115 151 154 8594 8281 826
115 151 154 8594 8281 826
116 151 155 8652 8129 938
115 149 155 8658 7973 1299
112 147 155 8556 8101 1211
112 147 155 8556 8101 1211
106 146 150 8436 8276 895
108 151 151 8501 8750 6102
112 156 153 8774 8699 5962
