117 127 152 7957 7895 7858
117 127 153 7844 8166 7751
117 127 153 7844 8166 7751
111 125 155 7725 8559 7584
109 125 156 7611 8838 6862
107 124 157 7546 8884 6427
107 124 157 7546 8884 6427
103 123 154 7460 8975 5844
103 124 152 7420 9189 3897
103 124 152 7420 9189 3897
105 130 151 7482 9317 3193
107 131 150 7412 10435 1295
107 131 150 7412 10435 1295
109 140 154 7456 10768 800
112 142 155 7836 11019 6289
112 142 155 7836 11019 6289
123 150 151 8075 10625 6226
127 151 151 9431 8478 6299
133 151 151 9781 7816 6383
