101 137 149 7398 8471 10325
99 137 147 7470 8532 9960
99 135 145 7622 8450 9488
99 135 145 7622 8450 9488
94 135 146 7914 8296 9026
95 136 147 8726 7806 7040
97 137 149 8785 7872 6463
97 137 149 8785 7872 6463
97 140 150 8751 7904 5978
97 141 150 8737 7825 4670
96 143 150 8770 7725 4189
96 143 150 8770 7725 4189
95 148 151 8816 7632 3695
95 150 151 8867 7564 2165
95 150 151 8867 7564 2165
93 155 152 8913 7587 1614
93 158 153 9039 7840 6383
93 158 153 9039 7840 6383
92 165 154 9054 8051 6262
92 167 156 9047 9118 5903
90 170 159 9093 9296 5787
90 170 159 9093 9296 5787
94 182 160 9129 9404 5660
95 185 162 9117 10344 5333
95 185 162 9117 10344 5333
98 192 165 9170 10472 5271
101 195 165 9396 9624 5130
105 197 166 9256 9782 5103
105 197 166 9256 9782 5103
118 202 169 8961 10131 5106
124 201 170 8828 9703 5329
124 201 170 8828 9703 5329
138 193 169 9000 9074 5480
147 191 170 8755 7934 5938
155 190 172 8193 8361 6133
155 190 172 8193 8361 6133
