103 130 148 7662 7702 7530
100 131 148 7810 7711 7187
100 131 148 7810 7711 7187
97 132 148 7861 7783 6677
96 134 149 8462 8458 5280
94 136 151 8478 8607 4768
94 136 151 8478 8607 4768
92 147 155 8582 8655 4219
92 149 156 8690 8621 3042
91 151 154 8526 8806 2792
91 151 154 8526 8806 2792
85 155 147 8353 9197 2436
83 158 151 8459 11307 855
81 160 153 8814 11227 6448
81 160 153 8814 11227 6448
84 169 156 9338 10496 6332
82 170 157 10019 9096 6086
79 170 157 9892 9516 5999
79 170 157 9892 9516 5999
67 185 163 9789 10192 5835
70 196 166 10373 10978 5042
70 196 166 10373 10978 5042
91 223 172 10820 10406 4829
97 224 175 11024 9805 4715
97 224 175 11024 9805 4715
105 221 182 10464 10287 4764
109 221 185 8700 11498 4968
114 219 185 8356 11400 5088
114 219 185 8356 11400 5088
