92 131 142 8249 7748 7402
89 132 142 8645 7801 6698
89 132 142 8645 7801 6698
81 137 146 8978 7864 5869
81 140 149 10011 7874 3281
81 145 153 10008 8114 2456
81 145 153 10008 8114 2456
85 158 156 9834 8240 1701
84 161 155 9261 8361 6439
82 164 156 9258 8520 6343
82 164 156 9258 8520 6343
79 174 159 9233 8793 6234
80 178 160 9111 9471 5868
80 178 160 9111 9471 5868
86 185 161 9104 9543 5771
88 188 160 9269 9024 5544
90 190 159 9232 9184 5504
90 190 159 9232 9184 5504
86 194 161 9189 9652 5478
85 195 163 8966 11915 5314
85 195 163 8966 11915 5314
89 201 169 9037 12480 5251
92 202 169 9735 11591 5184
92 202 169 9735 11591 5184
106 205 169 10174 10597 5221
110 203 173 10562 9450 5471
112 202 177 10257 9465 5544
112 202 177 10257 9465 5544
124 201 181 9856 9413 5605
132 202 180 8676 8768 5763
140 203 180 8333 8600 5888
