122 127 154 7636 8570 9169
119 128 154 7428 8882 9267
119 128 154 7428 8882 9267
109 125 154 7323 9046 9250
104 123 154 7346 8862 9018
98 123 154 7487 8643 8646
98 123 154 7487 8643 8646
89 126 150 7612 8316 8146
84 126 150 7735 8479 6789
84 126 150 7735 8479 6789
72 128 145 7692 8628 6208
68 128 143 7948 8549 3942
63 128 140 8107 8607 3052
63 128 140 8107 8607 3052
45 140 127 8325 8568 2003
51 157 124 10074 8494 5690
51 157 124 10074 8494 5690
124 226 158 11219 8259 5312
162 234 175 11882 7267 5334
162 234 175 11882 7267 5334
176 193 186 10826 7393 5957
150 172 178 7857 6606 6389
150 172 178 7857 6606 6389
94 134 154 7475 6292 7005
101 138 154 7226 7731 3203
112 145 156 6818 9123 2238
112 145 156 6818 9123 2238
131 156 158 6431 10373 1833
136 158 158 7524 9119 2345
136 158 158 7524 9119 2345
138 156 161 7826 8601 2738
139 153 160 7688 8590 3222
141 153 158 7458 8960 3320
141 153 158 7458 8960 3320
146 147 160 7236 9483 3455
147 145 159 6980 9779 4405
146 144 158 7261 9281 4805
146 144 158 7261 9281 4805
140 137 156 7504 8814 5176
138 136 152 7285 8161 5974
138 136 152 7285 8161 5974
