-1.115385 0.269231 1.200000 8297 8209 7053
-1.076923 0.230769 1.200000 8149 7904 6580
-1.076923 0.230769 1.200000 8149 7904 6580
-1.000000 0.230769 1.160000 8082 7697 6139
-0.961538 0.307692 1.080000 8057 6995 4824
-0.961538 0.307692 1.080000 8057 6995 4824
-0.807692 0.538462 1.000000 8155 6804 4407
-0.730769 0.615385 1.040000 8402 7234 3418
-0.730769 0.615385 1.040000 8402 7234 3418
-0.692308 0.692308 1.240000 8377 7703 3272
-0.692308 0.653846 1.280000 8016 8136 2961
-0.730769 0.692308 1.240000 7890 7936 2754
-0.730769 0.692308 1.240000 7890 7936 2754
-0.846154 0.769231 1.120000 7778 7851 2540
-0.846154 0.807692 1.080000 7622 8425 1643
-0.846154 0.923077 1.080000 7590 8859 1305
-0.846154 0.923077 1.080000 7590 8859 1305
-1.038462 0.961538 1.200000 7584 9369 1075
-1.115385 1.000000 1.280000 7506 10547 6451
-1.153846 1.038462 1.320000 7676 10261 6353
-1.153846 1.038462 1.320000 7676 10261 6353
-0.961538 1.307692 1.280000 7965 9589 6242
-0.730769 1.423077 1.240000 8642 7127 5988
-0.730769 1.423077 1.240000 8642 7127 5988
-0.307692 1.576923 1.160000 8455 7146 5968
-0.230769 1.500000 1.160000 7437 9064 6078
-0.153846 1.500000 1.200000 7315 9455 6097
-0.153846 1.500000 1.200000 7315 9455 6097
0.076923 1.423077 1.160000 7308 9565 6126
0.153846 1.384615 1.160000 7628 9141 6254
0.153846 1.384615 1.160000 7628 9141 6254
0.461538 1.384615 1.320000 7584 9210 6295
