110 122 144 8533 8180 7283
110 122 145 8579 8391 6995
110 123 145 8768 8424 6681
110 123 145 8768 8424 6681
112 125 149 8920 8530 6458
112 125 150 8851 9032 6062
111 126 151 8847 9185 5995
111 126 151 8847 9185 5995
108 127 154 8926 9222 5869
108 127 155 9469 8647 5209
109 128 156 9602 8356 4948
109 128 156 9602 8356 4948
112 131 157 9565 8188 4736
113 132 157 9174 8422 4334
113 132 157 9174 8422 4334
115 132 157 8999 8635 4302
115 132 156 8508 9072 4342
115 132 156 8485 8944 4285
115 132 156 8485 8944 4285
117 133 154 8489 8803 4190
118 133 153 8459 8270 3975
118 133 153 8459 8270 3975
121 134 151 8487 8197 3977
121 133 151 8562 8451 4228
120 133 152 8591 8624 4290
120 133 152 8591 8624 4290
118 133 154 8621 8748 4282
118 133 155 8714 9071 4023
118 134 156 8729 9145 3882
118 134 156 8729 9145 3882
119 134 158 8757 9163 3763
121 135 158 8735 9125 3566
121 135 158 8735 9125 3566
123 136 157 8702 8954 3443
124 135 157 8657 9109 3492
124 134 157 8588 9386 3583
124 134 157 8588 9386 3583
124 134 157 8544 9565 3602
124 134 157 8595 9860 3516
124 134 157 8595 9860 3516
124 133 158 8712 9746 3549
125 133 158 8836 9499 3645
125 132 158 8764 9517 3653
125 132 158 8764 9517 3653
126 131 156 8649 9639 3706
125 130 155 8378 10166 4285
123 128 155 8393 10093 4480
123 128 155 8393 10093 4480
119 127 153 8456 9874 4583
119 127 153 8845 9035 4458
119 127 153 8986 8898 4370
119 127 153 8986 8898 4370
116 127 155 9027 8874 4242
117 129 156 9005 8959 3446
118 130 156 9027 8829 3131
118 130 156 9027 8829 3131
120 134 154 9056 8672 2874
120 136 154 9135 8906 2144
121 137 155 9178 9153 1866
121 137 155 9178 9153 1866
124 143 158 9212 9338 1605
127 146 160 9517 9096 854
130 148 162 9391 9067 846
