116 128 150 8475 7515 9378
114 128 151 8541 7499 9226
114 128 151 8541 7499 9226
109 126 152 8531 7623 8958
107 127 152 8451 7409 8130
107 127 151 8493 7189 7736
107 127 151 8493 7189 7736
105 132 150 8582 6984 7336
102 132 151 8691 7143 6430
102 132 151 8691 7143 6430
96 133 153 8619 7344 6056
96 133 153 8619 7344 6056
94 139 148 8262 7968 4002
93 142 148 8453 8229 3022
92 144 148 8475 8537 1939
93 147 148 8520 8576 1326
93 147 148 8520 8576 1326
101 156 143 8608 8448 747
102 158 141 9034 7633 6309
102 160 140 9169 7434 6235
102 160 140 9169 7434 6235
104 172 142 9349 7287 6147
107 177 145 9637 7670 5885
112 182 148 9511 7870 5861
112 182 148 9511 7870 5861
121 182 150 9303 8051 5915
119 180 151 9032 8268 6344
117 178 150 9252 7904 6440
117 178 150 9252 7904 6440
