114 129 149 8332 7759 7770
114 129 149 8325 7910 7593
114 128 147 8412 7929 7409
114 128 147 8412 7929 7409
114 128 149 8506 7939 7269
114 128 149 8815 7969 6706
114 128 149 8815 7969 6706
113 127 153 8894 7976 6574
112 127 155 9039 8097 6002
112 128 156 9033 8048 5745
112 128 156 9033 8048 5745
114 132 156 8964 7951 5498
115 133 156 8818 7574 5066
115 133 156 8818 7574 5066
117 133 156 8797 7496 4988
117 133 156 8596 7779 4880
115 132 156 8537 7941 4789
115 132 156 8537 7941 4789
114 130 160 8502 8038 4634
114 131 160 8353 7540 3902
114 131 160 8353 7540 3902
121 135 156 8268 7176 3685
122 136 155 8123 6659 3650
124 136 155 8055 6590 3768
124 136 155 8055 6590 3768
125 133 154 7924 6662 3904
125 132 153 7554 7490 4130
125 132 153 7554 7490 4130
126 130 154 7589 7603 4067
128 131 154 7621 7939 3881
129 130 154 7576 8151 3921
129 130 154 7576 8151 3921
129 129 154 7515 8351 3996
129 128 154 7526 8529 4095
129 128 154 7526 8529 4095
130 127 154 7544 8537 4110
131 128 154 7532 8326 4030
133 129 154 7508 8380 4120
133 129 154 7508 8380 4120
131 127 153 7449 8530 4266
130 126 153 7549 8587 4449
130 126 153 7549 8587 4449
131 126 153 7551 8559 4433
132 127 153 7515 8670 4430
132 126 153 7508 8711 4492
132 126 153 7508 8711 4492
133 125 152 7500 8754 4580
132 125 152 7532 8829 4795
132 125 152 7532 8829 4795
132 125 151 7589 8799 4830
133 125 151 7689 8698 4898
133 125 151 7689 8698 4898
133 125 151 7702 8813 4972
132 124 151 7823 9034 5187
132 124 151 7865 9074 5241
132 124 151 7865 9074 5241
131 123 152 7891 9076 5256
131 123 152 7977 9114 5264
131 123 152 7977 9114 5264
130 123 153 7993 9194 5263
129 123 154 7961 9611 5289
129 123 154 7976 9662 5246
129 123 154 7976 9662 5246
128 122 155 8001 9668 5216
127 123 155 8053 9624 5064
127 123 155 8053 9624 5064
126 123 157 8079 9606 5002
125 123 158 8098 9711 4875
124 123 159 8080 9762 4789
124 123 159 8080 9762 4789
124 124 161 8055 9752 4663
125 124 160 8023 9405 4362
126 125 159 8040 9185 4270
126 125 159 8040 9185 4270
127 126 157 8041 9054 4205
127 126 156 8070 8808 4055
127 126 156 8070 8808 4055
127 127 158 8126 8801 3948
128 127 158 8160 8495 3285
128 127 158 8160 8495 3285
132 133 158 8129 8267 3065
132 133 161 7538 9330 2712
