103 136 154 7634 7787 5964
103 138 154 7456 8047 5559
103 139 152 7343 8230 5217
103 139 152 7343 8230 5217
99 143 151 7315 8433 4876
95 145 150 7442 8510 3561
94 147 150 7582 8463 2927
94 147 150 7582 8463 2927
91 154 150 7740 8347 2294
92 157 149 8077 8165 6418
93 162 148 8211 8081 6254
93 162 148 8211 8081 6254
103 173 147 8399 8048 6099
104 176 148 8896 8520 5803
104 179 148 8961 8900 5719
104 179 148 8961 8900 5719
107 190 157 9041 9403 5625
111 192 161 8995 11146 5456
111 192 161 8995 11146 5456
128 190 163 9005 10936 5514
129 188 158 9661 8491 5850
