108 133 152 7982 7736 9704
110 133 151 8011 7848 9419
112 131 150 8051 7925 9192
112 131 150 8051 7925 9192
108 128 153 8063 7996 8904
107 127 153 8044 7913 7834
107 127 153 8044 7913 7834
108 126 151 7996 7840 7399
108 125 150 7968 7582 6171
109 125 148 8062 7522 5790
109 125 148 8062 7522 5790
108 122 147 8222 7598 5433
109 123 147 8657 8008 4100
111 124 148 8820 7940 3671
111 124 148 8820 7940 3671
117 127 150 9040 7824 3345
120 128 150 9377 7613 2710
121 129 150 9487 7662 2634
121 129 150 9487 7662 2634
123 131 154 9581 7842 2564
121 130 155 9443 8361 2632
121 130 155 9443 8361 2632
121 132 157 9387 8287 2622
123 134 155 8955 7891 2358
123 133 154 8736 8205 2543
123 133 154 8736 8205 2543
116 127 153 8598 8518 2690
115 127 157 8696 8655 2177
114 127 158 8638 8259 1869
114 127 158 8638 8259 1869
123 135 149 8615 7560 1505
123 134 148 8641 6640 1474
117 130 149 8556 6929 1624
117 130 149 8556 6929 1624
102 131 148 8540 7044 1302
105 136 147 8906 6183 6069
105 136 147 8906 6183 6069
126 147 148 8841 6140 5926
130 146 149 8007 7774 6107
136 145 150 7926 7903 6236
136 145 150 7926 7903 6236
140 141 147 7822 8102 6412
143 143 147 8676 7624 1929
143 143 147 8676 7624 1929
154 146 158 9086 7502 2621
