88 129 150 9263 7592 6913
86 129 150 9290 7975 5918
86 129 150 9290 7975 5918
84 137 157 9407 8131 4962
85 142 162 9897 8253 2318
85 142 162 9897 8253 2318
89 156 170 9789 7993 1499
87 159 169 8602 7566 6311
87 159 169 8602 7566 6311
83 172 164 8262 7583 6174
80 176 164 7642 8544 5732
80 176 164 7642 8544 5732
78 189 168 7399 9345 5579
79 193 168 6972 10543 5176
81 196 170 6960 10556 5085
81 196 170 6960 10556 5085
83 197 165 6896 10395 5045
84 196 162 6884 9426 4976
84 196 162 6884 9426 4976
88 198 158 6956 9265 4952
90 200 159 7303 9014 4826
94 203 162 7352 9131 4784
94 203 162 7352 9131 4784
114 212 165 7287 9126 4752
123 212 165 6857 8874 4908
123 212 165 6857 8874 4908
