89 138 145 8306 7925 7910
88 140 145 8487 7883 7193
89 141 145 8693 7756 6429
89 141 145 8693 7756 6429
84 146 147 8862 7758 5801
82 148 148 9014 8206 3592
80 153 150 9109 8285 2741
80 153 150 9109 8285 2741
74 165 156 9160 8412 1835
73 169 156 9243 8176 6194
73 174 156 9193 7789 6000
73 174 156 9193 7789 6000
74 192 150 9131 7258 5804
72 197 149 8928 6400 5258
70 204 147 8715 6783 5050
70 204 147 8715 6783 5050
71 226 148 8549 7473 4794
73 232 152 8792 9370 4232
73 232 152 8792 9370 4232
82 239 161 8906 9651 4138
85 240 163 9513 9377 4091
85 240 163 9513 9377 4091
118 242 182 9813 8987 4096
132 241 188 9092 7362 4438
