-1.076923 0.192308 0.960000 8620 8024 7773
-1.115385 0.192308 0.920000 8718 7934 7371
-1.115385 0.192308 0.920000 8718 7934 7371
-1.115385 0.269231 1.040000 8742 7807 6865
-1.076923 0.346154 1.080000 8694 8015 5302
-1.038462 0.423077 1.120000 8600 8116 4846
-1.038462 0.423077 1.120000 8600 8116 4846
-0.884615 0.615385 1.160000 8503 8140 4464
-0.846154 0.615385 1.160000 8444 7727 3623
-0.807692 0.653846 1.120000 8472 7535 3382
-0.807692 0.653846 1.120000 8472 7535 3382
-0.653846 0.730769 1.080000 8500 7453 3149
-0.615385 0.769231 1.120000 8288 8424 2424
-0.576923 0.769231 1.160000 8197 8651 2201
-0.576923 0.769231 1.160000 8197 8651 2201
-0.307692 0.807692 1.160000 8160 8676 2015
-0.230769 0.807692 1.120000 8270 8011 1752
-0.153846 0.846154 1.120000 8247 8083 1837
-0.153846 0.846154 1.120000 8247 8083 1837
-0.153846 0.769231 1.160000 8203 8356 2085
-0.153846 0.692308 1.200000 8204 8967 2793
-0.153846 0.653846 1.200000 8237 8936 2878
-0.153846 0.653846 1.200000 8237 8936 2878
-0.269231 0.538462 1.280000 8244 8889 2906
-0.230769 0.538462 1.280000 8151 8689 2545
-0.192308 0.576923 1.240000 8145 8551 2281
-0.192308 0.576923 1.240000 8145 8551 2281
0.000000 0.692308 1.120000 8211 8412 2059
0.000000 0.692308 1.160000 8303 8478 1971
0.000000 0.692308 1.200000 8301 8490 2017
0.000000 0.692308 1.200000 8301 8490 2017
0.038462 0.692308 1.120000 8293 8368 2032
0.038462 0.692308 1.040000 8357 7673 2140
0.076923 0.692308 1.000000 8350 7630 2147
0.076923 0.692308 1.000000 8350 7630 2147
0.115385 0.692308 0.800000 8295 7732 2216
0.153846 0.692308 0.680000 7979 8608 2477
