95 132 151 8205 7862 9493
92 131 152 8235 7791 8872
92 131 151 8228 7651 8102
92 131 151 8228 7651 8102
93 132 150 8322 7485 7423
93 133 150 8510 7550 5421
94 135 150 8521 7668 4730
94 135 150 8521 7668 4730
97 143 151 8543 7782 4062
97 145 152 8675 8057 2607
97 145 152 8675 8057 2607
94 149 157 8676 8202 2248
93 152 157 8588 8254 1004
93 155 157 8508 8261 6495
93 155 157 8508 8261 6495
93 163 156 8421 8439 6388
93 165 157 8439 9505 6106
93 165 157 8439 9505 6106
92 171 161 8539 9745 6018
91 173 161 8413 10672 5789
90 175 161 8365 11097 5722
90 175 161 8365 11097 5722
88 181 160 8369 11495 5645
89 184 160 9051 11579 5376
89 184 160 9051 11579 5376
97 190 163 9391 11240 5307
102 192 163 10060 9815 5152
106 193 163 10157 9300 5150
106 193 163 10157 9300 5150
119 190 167 10191 9003 5166
121 191 169 9642 8693 5333
121 191 169 9642 8693 5333
