99 130 141 7929 8490 8474
97 129 140 8246 8507 7952
97 129 138 8743 8287 7286
97 129 138 8743 8287 7286
99 132 146 9292 8105 6689
101 134 150 9786 8384 5181
101 134 150 9786 8384 5181
104 137 154 9505 8590 4879
104 139 154 8893 8172 4279
104 139 154 8893 8172 4279
105 141 152 8869 7762 4102
105 142 152 8852 6975 3503
105 143 152 8821 6897 3226
105 143 152 8821 6897 3226
107 146 151 8793 6847 2975
108 147 151 8819 6965 2460
108 147 151 8819 6965 2460
107 147 153 8844 7044 2345
107 148 153 8869 7214 1872
107 148 153 8869 7214 1872
106 151 154 8831 7401 1654
105 153 156 8663 8474 950
105 153 156 8663 8474 950
103 158 160 8582 8919 720
101 159 160 8250 10487 6434
101 159 160 8250 10487 6434
95 163 161 8196 10966 6378
94 164 161 8529 11362 6161
95 165 160 8912 10580 6057
95 165 160 8912 10580 6057
106 171 158 9360 9587 5948
112 173 158 10153 6573 5692
116 174 158 10083 6225 5650
116 174 158 10083 6225 5650
125 183 161 9867 6346 5604
130 187 162 8689 7380 5442
