-1.807692 0.500000 0.840000 8743 8031 8493
-2.076923 0.538462 0.720000 8897 7957 7554
-2.269231 0.653846 0.680000 9173 7652 6418
-2.269231 0.653846 0.680000 9173 7652 6418
-2.807692 1.423077 0.760000 9612 7415 5113
-2.961539 1.730769 0.800000 10140 7758 1464
-3.153846 2.000000 0.840000 10067 8268 6469
-3.153846 2.000000 0.840000 10067 8268 6469
-3.884615 2.769231 0.840000 9923 8697 6235
-4.038462 3.038461 0.800000 10358 7395 5360
-4.038462 3.461539 0.720000 10389 6389 5000
-4.038462 3.461539 0.720000 10389 6389 5000
-3.384615 4.346154 -0.160000 10241 5416 4650
-3.038461 4.384615 -0.120000 10456 6376 3704
-2.615385 4.423077 0.320000 10675 8037 3501
-2.615385 4.423077 0.320000 10675 8037 3501
