-0.692308 0.120000 0.923077 23.000000 -11.700000 116.050003
-0.730769 0.160000 0.884615 25.650000 -27.799999 105.150002
-0.846154 0.160000 0.884615 23.299999 -11.150000 89.550003
-0.846154 0.160000 0.884615 23.299999 -11.150000 89.550003
-1.192308 0.320000 0.807692 0.000000 0.000000 0.000000
-1.653846 0.280000 1.038462 0.000000 63.400002 -49.900002
-2.230769 0.280000 1.192308 -2.900000 70.650002 -77.800003
-2.230769 0.280000 1.192308 -2.900000 70.650002 -77.800003
-3.615385 0.520000 0.923077 373.600006 440.250000 204.750000
-3.884615 0.760000 0.884615 0.000000 0.000000 0.000000
-4.038462 1.080000 0.730769 13.250000 -5.050000 -85.250000
-4.038462 1.080000 0.730769 13.250000 -5.050000 -85.250000
-3.615385 2.480000 0.153846 0.000000 0.000000 0.000000
-3.269231 3.080000 -0.115385 75.650002 -77.949997 -255.750000
-2.807692 3.720000 -0.192308 109.699997 -108.449997 -312.250000
