115 129 149 7736 8478 5832
113 128 149 7842 8414 6057
109 127 150 8113 8209 6178
109 127 150 8113 8209 6178
99 130 154 8396 7917 6129
98 131 155 8988 7522 5276
98 131 155 8988 7522 5276
93 135 159 8992 7617 5018
91 137 161 8753 7808 4143
89 139 161 8610 7810 3771
89 139 161 8610 7810 3771
85 149 161 8483 7778 3326
85 152 162 8016 8102 2028
84 155 162 7868 8174 1621
84 155 162 7868 8174 1621
84 162 159 7742 8172 1199
83 164 158 7270 8801 6419
83 164 158 7270 8801 6419
90 173 157 7185 8996 6302
93 176 157 6713 10723 6004
93 176 157 6713 10723 6004
99 193 165 6751 11108 5933
105 199 173 7550 12067 5629
105 199 173 7550 12067 5629
134 217 190 7837 12068 5545
