96 123 148 8379 7850 8368
90 123 146 8571 8125 7810
90 123 146 8571 8125 7810
83 127 155 8911 8098 6960
83 132 158 9210 8205 4513
83 132 158 9210 8205 4513
79 143 160 8932 8364 3855
77 146 158 8296 8837 2225
77 146 158 8296 8837 2225
72 161 160 8439 8703 1565
76 168 162 8934 7663 6193
76 168 162 8934 7663 6193
86 185 161 8789 7439 6057
87 188 158 8026 8002 5893
87 188 158 8026 8002 5893
90 193 158 7909 8487 5849
94 196 158 7975 9780 5602
94 196 158 7975 9780 5602
119 197 169 8085 10092 5536
125 197 170 7574 11010 5735
125 197 170 7574 11010 5735
