-0.346154 0.076923 1.040000 8277 8126 8582
-0.384615 0.038462 1.040000 8230 8349 8532
-0.384615 0.038462 1.040000 8230 8349 8532
-0.461538 -0.038462 1.040000 8156 8479 8437
-0.500000 -0.038462 1.040000 8425 8567 7766
-0.461538 -0.038462 1.080000 8567 8410 7428
-0.461538 -0.038462 1.080000 8567 8410 7428
-0.307692 0.115385 1.120000 8672 8249 7136
-0.307692 0.153846 1.120000 8463 8352 6749
-0.269231 0.192308 1.120000 8363 8433 6733
-0.269231 0.192308 1.120000 8363 8433 6733
-0.307692 0.192308 1.120000 8284 8504 6704
-0.346154 0.153846 1.080000 7962 8505 6658
-0.384615 0.153846 1.040000 8018 8338 6501
-0.384615 0.153846 1.040000 8018 8338 6501
-0.461538 0.192308 1.080000 8122 8121 6329
-0.346154 0.230769 1.080000 8253 7817 6003
-0.346154 0.230769 1.120000 8201 7787 5934
-0.346154 0.230769 1.120000 8201 7787 5934
-0.346154 0.192308 1.120000 8142 7781 5878
-0.346154 0.192308 1.120000 7917 7828 5701
-0.346154 0.192308 1.120000 7867 7759 5565
-0.346154 0.192308 1.120000 7867 7759 5565
-0.307692 0.230769 1.040000 7849 7663 5393
-0.269231 0.269231 1.000000 7956 7496 4952
-0.269231 0.269231 1.000000 7956 7496 4952
-0.153846 0.307692 1.080000 7946 7565 4908
-0.153846 0.307692 1.040000 7749 7930 4872
-0.153846 0.307692 1.040000 7669 8055 4848
-0.153846 0.307692 1.040000 7669 8055 4848
-0.153846 0.307692 1.000000 7594 8155 4794
-0.115385 0.307692 1.000000 7722 8022 4635
-0.076923 0.346154 1.000000 7810 7974 4611
-0.076923 0.346154 1.000000 7810 7974 4611
-0.076923 0.307692 1.040000 7861 7997 4639
-0.076923 0.346154 1.040000 7766 8372 4720
-0.076923 0.346154 1.040000 7695 8571 4720
-0.076923 0.346154 1.040000 7695 8571 4720
-0.115385 0.307692 1.000000 7625 8772 4723
-0.115385 0.346154 1.040000 7655 9015 4670
-0.153846 0.307692 1.040000 7682 9028 4669
-0.153846 0.307692 1.040000 7682 9028 4669
-0.153846 0.346154 1.080000 7732 8971 4658
-0.115385 0.346154 1.040000 8002 8572 4678
-0.115385 0.346154 1.040000 8002 8572 4678
-0.153846 0.346154 1.080000 8013 8575 4743
-0.153846 0.307692 1.040000 7940 8876 4837
-0.153846 0.307692 1.040000 7940 8876 4837
-0.153846 0.269231 1.040000 7952 8908 4814
-0.115385 0.269231 1.040000 8084 8897 4705
-0.115385 0.269231 1.040000 8084 8897 4705
-0.038462 0.269231 1.000000 8157 8868 4665
-0.038462 0.230769 1.000000 8100 9075 4787
-0.038462 0.230769 1.000000 8100 9075 4787
-0.076923 0.230769 1.000000 8109 9098 4823
-0.076923 0.230769 1.040000 8491 8560 4682
0.000000 0.230769 1.040000 8565 8436 4616
0.000000 0.230769 1.040000 8565 8436 4616
0.038462 0.230769 1.040000 8559 8437 4580
0.038462 0.230769 1.040000 8363 8809 4560
0.038462 0.230769 1.040000 8363 8809 4560
0.038462 0.269231 1.000000 8366 8822 4514
0.038462 0.269231 1.000000 8366 8822 4514
0.153846 0.423077 1.040000 8906 8210 3990
