0 0 0 0 0 0
133 124 153 0 0 0
133 124 153 0 0 0
140 127 154 16383 16383 16383
142 128 152 16383 16383 16383
142 128 152 16383 16383 16383
142 129 154 16383 16383 16383
143 130 154 16383 16383 16383
143 130 154 16383 16383 16383
153 139 153 63 71 9469
154 142 153 8899 6783 9823
154 142 153 8899 6783 9823
163 151 154 8895 6782 9967
166 155 154 8927 6776 8932
170 159 155 8796 6933 9753
170 159 155 8796 6933 9753
175 168 154 8590 7240 10941
169 176 151 8178 8000 13204
164 180 152 8323 8806 9905
157 182 155 8486 9000 10216
157 182 155 8486 9000 10216
136 188 159 8722 8875 10509
130 189 158 8929 8345 11097
130 189 158 8929 8345 11097
118 191 153 8766 8371 11227
115 191 151 7978 9161 11393
111 191 149 7724 9498 11408
111 191 149 7724 9498 11408
96 182 147 7541 9761 11410
91 177 146 7012 10583 11216
91 177 146 7012 10583 11216
71 151 144 6968 10411 11087
72 144 143 7213 10149 10264
75 141 142 7600 9767 9973
75 141 142 7600 9767 9973
