1.000000 0.480000 0.884615 -30.250000 26.650000 1.250000
1.000000 0.560000 0.884615 -23.850000 25.049999 22.600000
0.961538 0.560000 0.923077 -23.350000 20.950001 40.500000
0.961538 0.560000 0.923077 -23.350000 20.950001 40.500000
0.846154 0.600000 0.884615 0.000000 0.000000 0.000000
0.846154 0.640000 0.923077 12.250000 -15.750000 38.150002
0.846154 0.640000 0.923077 12.250000 -15.750000 38.150002
0.846154 0.800000 0.923077 0.000000 0.000000 0.000000
0.846154 0.880000 0.961538 -1.450000 0.000000 46.549999
0.807692 0.960000 1.000000 0.550000 -8.050000 68.550003
0.807692 0.960000 1.000000 0.550000 -8.050000 68.550003
0.653846 1.160000 1.038462 0.000000 0.000000 0.000000
0.538462 1.240000 1.038462 5.850000 -19.400000 73.000000
0.538462 1.240000 1.038462 5.850000 -19.400000 73.000000
0.153846 1.360000 1.076923 0.000000 0.000000 0.000000
0.038462 1.400000 1.076923 3.000000 -8.700000 -1435.750000
0.038462 1.400000 1.076923 3.000000 -8.700000 -1435.750000
-0.192308 1.480000 1.000000 0.000000 0.000000 0.000000
-0.192308 1.560000 0.923077 3.500000 3.050000 23.750000
-0.192308 1.560000 0.923077 3.500000 3.050000 23.750000
-0.384615 1.720000 0.923077 0.000000 0.000000 0.000000
-0.538462 1.760000 0.961538 14.800000 22.750000 54.250000
-0.807692 1.720000 1.076923 13.400000 30.150000 62.000000
-0.807692 1.720000 1.076923 13.400000 30.150000 62.000000
