0.769231 0.500000 1.120000 8276 8352 9388
0.769231 0.538462 1.160000 8220 8216 9655
0.769231 0.538462 1.160000 8220 8216 9655
0.769231 0.615385 1.240000 8197 8194 9884
0.769231 0.653846 1.240000 7966 8024 10552
0.769231 0.653846 1.200000 7853 8041 10872
0.769231 0.653846 1.200000 7853 8041 10872
0.653846 0.615385 1.200000 7755 8045 11220
0.461538 0.576923 1.120000 7665 7982 11840
0.384615 0.576923 1.120000 7751 7792 12282
0.384615 0.576923 1.120000 7751 7792 12282
0.269231 0.576923 1.160000 7776 7787 12392
0.230769 0.576923 1.120000 7612 7935 12473
0.230769 0.576923 1.120000 7612 7935 12473
0.269231 0.692308 1.080000 7544 7955 12491
0.269231 0.730769 1.080000 7464 7932 12831
0.269231 0.807692 1.040000 7500 7864 13015
0.269231 0.807692 1.040000 7500 7864 13015
0.230769 0.961538 1.000000 7583 7786 13249
0.192308 1.000000 1.000000 7846 7579 14188
0.153846 1.115385 1.040000 7957 7532 14550
0.153846 1.115385 1.040000 7957 7532 14550
0.000000 1.307692 1.080000 7983 7613 14919
-0.038462 1.384615 1.120000 7672 8037 9874
-0.076923 1.461538 1.120000 7449 8205 9951
-0.076923 1.461538 1.120000 7449 8205 9951
-0.153846 1.692308 0.960000 7181 8360 10034
-0.192308 1.769231 0.880000 6471 8753 10398
-0.307692 1.846154 0.840000 6365 8741 10541
-0.307692 1.846154 0.840000 6365 8741 10541
-0.730769 2.038461 0.760000 6355 8605 10675
-0.884615 2.038461 0.800000 6985 7825 10948
-0.884615 2.038461 0.800000 6985 7825 10948
