0.923077 0.846154 1.160000 9126 8499 10472
0.846154 0.846154 1.200000 9113 8277 10955
0.846154 0.846154 1.200000 9113 8277 10955
0.461538 0.846154 1.440000 9184 8118 11309
0.307692 0.807692 1.480000 9030 7556 11802
0.307692 0.807692 1.480000 9030 7556 11802
0.384615 0.769231 1.440000 8792 7420 11651
0.423077 0.769231 1.360000 7555 7920 11307
0.461538 0.807692 1.280000 7213 8103 11371
0.461538 0.807692 1.280000 7213 8103 11371
0.500000 0.807692 1.040000 7013 8191 11535
0.461538 0.769231 1.040000 7285 7764 12707
0.461538 0.769231 1.040000 7285 7764 12707
0.153846 0.769231 1.040000 7524 7555 13095
0.115385 0.730769 1.080000 8019 7256 13668
0.115385 0.730769 1.080000 8019 7256 13668
0.038462 0.807692 1.120000 8078 7303 13838
0.038462 0.846154 1.120000 7948 7675 14521
0.076923 0.961538 1.120000 7908 7820 14840
0.076923 0.961538 1.120000 7908 7820 14840
0.076923 1.192308 1.160000 7836 8040 15265
0.038462 1.230769 1.160000 7285 8719 10077
-0.038462 1.346154 1.120000 7061 8734 10183
-0.038462 1.346154 1.120000 7061 8734 10183
-0.269231 1.576923 1.000000 6845 8742 10303
-0.423077 1.615385 0.960000 6277 8672 10646
-0.500000 1.653846 0.920000 6150 8595 10720
-0.500000 1.653846 0.920000 6150 8595 10720
-0.807692 1.615385 0.760000 6054 8551 10774
-0.884615 1.538462 0.720000 6320 8065 10796
-0.884615 1.538462 0.720000 6320 8065 10796
-1.115385 1.192308 0.680000 6483 7908 10773
-1.115385 1.115385 0.640000 6678 7814 10520
