1.038462 1.346154 0.960000 7841 7170 3103
1.076923 1.346154 0.920000 7773 7274 3514
1.076923 1.346154 0.920000 7773 7274 3514
1.384615 1.615385 0.880000 7764 7243 3882
1.538462 1.769231 0.880000 7582 7450 5489
1.538462 1.769231 0.880000 7582 7450 5489
2.192308 2.576923 1.000000 7383 7744 6127
2.692308 3.115385 1.000000 6537 8570 9261
3.461539 3.884615 1.000000 6120 8723 11299
3.461539 3.884615 1.000000 6120 8723 11299
4.192307 4.423077 0.520000 5985 8935 14612
3.461539 4.461538 0.640000 7086 9979 12660
3.461539 4.461538 0.640000 7086 9979 12660
-1.576923 4.538462 1.200000 6844 10822 13760
-2.615385 4.538462 1.120000 5581 7862 15094
-3.500000 4.576923 1.160000 5888 6892 14936
-3.500000 4.576923 1.160000 5888 6892 14936
-4.846154 4.615385 -0.360000 5630 7141 14526
-4.884615 4.576923 -0.320000 6964 11139 12891
-4.923077 4.384615 0.160000 7525 12424 12257
-4.923077 4.384615 0.160000 7525 12424 12257
-4.769231 1.923077 0.720000 7614 12533 11490
