1.461538 1.769231 0.600000 7933 7519 3879
1.653846 1.961538 0.560000 7729 7370 4715
1.653846 1.961538 0.560000 7729 7370 4715
2.346154 2.576923 0.160000 7688 7522 5594
2.461539 2.884615 0.040000 8105 8305 9840
2.500000 3.538461 0.120000 8651 8954 11434
2.500000 3.538461 0.120000 8651 8954 11434
3.615385 4.384615 0.360000 9137 9653 13373
3.961539 4.423077 0.440000 10271 10597 11145
3.961539 4.423077 0.440000 10271 10597 11145
0.538462 4.538462 1.200000 10458 10922 12255
-1.692308 4.538462 1.400000 9056 11789 15657
-1.692308 4.538462 1.400000 9056 11789 15657
-4.807693 4.576923 0.200000 8244 11189 16087
-4.884615 4.576923 0.160000 11868 8960 14877
-4.884615 4.576923 0.160000 11868 8960 14877
-4.923077 3.846154 0.400000 12243 12483 14084
-4.923077 2.692308 0.320000 7805 9856 11366
