149 147 150 7360 9117 7878
151 148 151 7580 9168 8461
153 147 152 7708 8969 9270
153 147 152 7708 8969 9270
147 144 154 7954 8880 10042
143 144 156 8382 8541 11760
141 144 159 8437 8443 11890
141 144 159 8437 8443 11890
154 154 169 8340 8450 11868
161 160 171 6705 8811 13176
161 160 171 6705 8811 13176
162 179 161 5825 8807 14572
155 185 158 4971 8225 10719
148 191 156 5313 7754 11053
148 191 156 5313 7754 11053
125 210 157 5870 7234 11371
116 212 157 7022 6652 12130
116 212 157 7022 6652 12130
94 202 155 7175 6905 12256
90 197 154 6505 8913 12130
81 186 149 5659 10694 11977
