0.961538 0.692308 0.920000 8553 7862 8699
1.038462 0.653846 0.880000 8499 7910 9066
1.038462 0.653846 0.880000 8499 7910 9066
0.846154 0.692308 0.840000 8542 7913 9539
0.769231 0.692308 0.880000 8802 8015 10569
0.692308 0.692308 0.880000 8864 8052 10740
0.692308 0.692308 0.880000 8864 8052 10740
0.615385 0.769231 1.040000 8880 8067 10811
0.615385 0.807692 1.040000 8484 8365 10964
0.615385 0.807692 1.040000 8484 8365 10964
0.615385 0.961538 0.960000 8346 8462 11092
0.615385 1.000000 0.960000 8063 8699 11754
0.615385 1.038462 0.960000 7981 8830 12056
0.615385 1.038462 0.960000 7981 8830 12056
0.500000 1.153846 0.960000 7891 9006 12381
0.500000 1.230769 0.920000 7768 9192 13373
0.500000 1.230769 0.920000 7768 9192 13373
0.500000 1.423077 0.880000 7781 9173 13751
0.423077 1.461538 0.880000 7767 9316 15228
0.423077 1.461538 0.880000 7767 9316 15228
0.192308 1.653846 0.880000 7607 9574 15776
0.115385 1.769231 0.880000 7014 10171 10173
0.000000 1.846154 0.880000 6926 10220 10301
0.000000 1.846154 0.880000 6926 10220 10301
-0.384615 2.000000 1.000000 6847 10209 10450
-0.538462 2.000000 0.960000 6562 9922 10811
-0.538462 2.000000 0.960000 6562 9922 10811
-0.884615 1.961538 0.920000 6448 9813 10864
-1.000000 1.884615 0.880000 6145 9620 10889
-1.076923 1.769231 0.840000 6070 9594 10844
-1.076923 1.769231 0.840000 6070 9594 10844
-1.230769 1.346154 0.720000 5987 9602 10769
-1.307692 1.230769 0.680000 5877 9565 10412
-1.307692 1.230769 0.680000 5877 9565 10412
-1.423077 1.000000 0.600000 5843 9457 10283
