0.884615 0.653846 0.920000 8532 8463 10923
0.923077 0.653846 0.920000 8357 8621 11335
0.846154 0.653846 0.880000 8290 8807 11816
0.846154 0.653846 0.880000 8290 8807 11816
0.461538 0.576923 0.880000 8236 9022 12210
0.346154 0.538462 0.880000 8088 9260 12481
0.307692 0.500000 0.920000 8146 9220 12223
0.307692 0.500000 0.920000 8146 9220 12223
0.538462 0.615385 1.120000 8246 9091 11876
0.576923 0.692308 1.160000 7889 9132 11544
0.576923 0.692308 1.160000 7889 9132 11544
0.653846 0.846154 1.080000 7695 9156 11655
0.615385 0.846154 1.040000 7441 9142 12481
0.576923 0.923077 1.040000 7507 9029 12808
0.576923 0.923077 1.040000 7507 9029 12808
0.384615 0.923077 1.040000 7562 8932 13107
0.307692 0.923077 1.080000 7355 9062 13582
0.307692 0.923077 1.080000 7355 9062 13582
0.230769 0.961538 1.000000 7261 9108 13627
0.230769 1.000000 0.960000 7065 8975 13841
0.192308 1.000000 0.960000 7035 8924 13998
0.192308 1.000000 0.960000 7035 8924 13998
0.115385 1.115385 0.920000 7042 8886 14209
0.038462 1.115385 0.880000 7223 8511 15200
0.000000 1.153846 0.880000 7389 8268 15662
0.000000 1.153846 0.880000 7389 8268 15662
-0.192308 1.269231 0.840000 7591 8008 9910
-0.307692 1.346154 0.840000 8265 7699 10220
-0.423077 1.384615 0.880000 8521 7579 10299
-0.423077 1.384615 0.880000 8521 7579 10299
-0.538462 1.461538 1.120000 8823 7345 10359
-0.538462 1.576923 1.160000 9034 7147 10436
-0.538462 1.576923 1.160000 9034 7147 10436
-0.730769 1.653846 1.160000 8777 7721 10480
-0.807692 1.576923 1.080000 7346 10134 10525
-0.884615 1.461538 1.000000 6984 10483 10488
-0.884615 1.461538 1.000000 6984 10483 10488
-1.000000 1.269231 0.880000 6806 10494 10420
