0.884615 1.115385 0.720000 8431 7500 2711
0.884615 1.269231 0.720000 8737 7366 2661
0.884615 1.269231 0.720000 8737 7366 2661
2.038461 2.807692 1.000000 8780 7315 2416
3.346154 3.538461 1.000000 8977 6844 3217
3.346154 3.538461 1.000000 8977 6844 3217
4.192307 4.384615 1.280000 8773 7008 6227
4.269231 4.461538 1.240000 7678 10122 11640
4.269231 4.461538 1.240000 7678 10122 11640
0.269231 4.538462 1.080000 7324 10432 12855
-0.846154 4.538462 0.880000 6145 10314 14346
-1.730769 4.538462 0.880000 6177 9980 14420
-1.730769 4.538462 0.880000 6177 9980 14420
-3.730769 4.615385 0.200000 6202 9737 14360
-4.423077 4.615385 -0.280000 5330 12586 13568
-4.807693 4.615385 -0.400000 5377 14238 13108
-4.807693 4.615385 -0.400000 5377 14238 13108
