1.846154 2.038461 0.960000 8061 8312 7354
1.884615 2.153846 0.960000 7766 8595 8602
1.807692 2.346154 0.960000 7512 8865 9905
1.807692 2.346154 0.960000 7512 8865 9905
2.000000 3.307692 0.960000 7249 9075 11174
2.269231 3.807692 1.000000 6781 9585 15499
2.576923 4.153846 1.120000 6596 9716 10248
2.576923 4.153846 1.120000 6596 9716 10248
2.000000 4.461538 1.320000 6332 9618 10908
0.653846 4.500000 1.320000 3492 11489 13552
-0.769231 4.500000 1.200000 2082 11732 14220
-0.769231 4.500000 1.200000 2082 11732 14220
-4.269231 4.538462 0.320000 824 11494 14647
-4.730769 4.538462 -0.080000 2089 7107 14323
-4.730769 4.538462 -0.080000 2089 7107 14323
-4.269231 3.884615 -0.360000 3994 6771 13779
-4.269231 3.346154 -0.720000 3671 12757 11874
-4.076923 2.615385 -0.800000 4423 12179 11306
