0.269231 0.384615 1.040000 8488 7726 10799
0.307692 0.384615 1.040000 8368 7821 10741
0.307692 0.384615 1.040000 8368 7821 10741
0.307692 0.461538 1.040000 8261 7881 10743
0.307692 0.461538 0.960000 8135 7695 10816
0.307692 0.461538 0.960000 8135 7695 10816
0.230769 0.538462 0.920000 8203 7674 10764
0.269231 0.576923 1.000000 8338 8041 10484
0.269231 0.576923 1.000000 8338 8041 10484
0.461538 0.692308 1.040000 8245 8180 10407
0.500000 0.769231 1.000000 8099 8029 10845
0.461538 0.807692 0.960000 8175 7910 11207
0.461538 0.807692 0.960000 8175 7910 11207
0.346154 0.884615 1.040000 8279 7839 11607
0.346154 0.884615 1.040000 8122 8108 12651
0.269231 0.923077 1.000000 7966 8232 12985
0.269231 0.923077 1.000000 7966 8232 12985
0.269231 1.038462 0.880000 7909 8299 13284
0.346154 1.115385 0.880000 7887 8722 14576
0.423077 1.269231 0.840000 7801 9005 15215
0.423077 1.269231 0.840000 7801 9005 15215
0.153846 1.538462 0.920000 7735 9277 9901
-0.076923 1.615385 1.000000 7666 9230 10494
-0.076923 1.615385 1.000000 7666 9230 10494
-0.461538 1.846154 0.960000 7643 9024 10636
-0.500000 2.000000 0.960000 7224 9242 10910
-0.615385 2.076923 0.960000 6939 9510 11042
-0.615385 2.076923 0.960000 6939 9510 11042
-1.230769 1.923077 1.000000 6737 9575 11142
-1.346154 1.769231 1.000000 6414 8964 11073
-1.346154 1.769231 1.000000 6414 8964 11073
-1.269231 1.269231 0.840000 6278 9000 10964
-1.192308 1.153846 0.760000 5432 9712 10527
-1.192308 1.038462 0.680000 5394 9726 10415
-1.192308 1.038462 0.680000 5394 9726 10415
-1.153846 0.846154 0.640000 5580 9601 10299
-1.192308 0.769231 0.640000 6316 9085 9982
-1.230769 0.692308 0.680000 6459 8959 9887
