0.692308 0.200000 0.923077 -46.650002 -2.800000 -37.849998
0.653846 0.200000 0.884615 -44.650002 -0.950000 -30.049999
0.653846 0.200000 0.884615 -44.650002 -0.950000 -30.049999
0.653846 0.280000 0.846154 0.000000 0.000000 0.000000
0.692308 0.280000 0.846154 7.400000 -10.200000 27.299999
0.692308 0.280000 0.846154 7.400000 -10.200000 27.299999
0.769231 0.440000 0.923077 0.000000 0.000000 0.000000
0.769231 0.520000 0.923077 6.100000 -3.150000 44.450001
0.769231 0.600000 0.923077 8.400000 -5.200000 60.900002
0.769231 0.600000 0.923077 8.400000 -5.200000 60.900002
0.692308 0.760000 0.923077 0.000000 0.000000 0.000000
0.692308 0.840000 0.923077 11.800000 -5.300000 55.299999
0.692308 0.840000 0.923077 11.800000 -5.300000 55.299999
0.500000 1.000000 1.000000 0.000000 0.000000 0.000000
0.423077 1.080000 1.038462 7.250000 0.000000 61.900002
0.346154 1.160000 1.038462 6.400000 -0.550000 80.150002
0.346154 1.160000 1.038462 6.400000 -0.550000 80.150002
0.153846 1.360000 1.038462 0.000000 0.000000 0.000000
0.076923 1.440000 1.038462 0.000000 8.600000 -1430.250000
0.076923 1.440000 1.038462 0.000000 8.600000 -1430.250000
-0.230769 1.680000 1.076923 0.000000 0.000000 0.000000
-0.230769 1.800000 1.115385 18.250000 -15.300000 51.500000
-0.230769 1.960000 1.153846 18.750000 -12.350000 68.250000
-0.230769 1.960000 1.153846 18.750000 -12.350000 68.250000
-0.576923 2.280000 1.500000 0.000000 0.000000 0.000000
-0.884615 2.160000 1.576923 -55.700001 50.700001 74.000000
-1.115385 2.000000 1.461538 -61.599998 46.700001 74.250000
-1.115385 2.000000 1.461538 -61.599998 46.700001 74.250000
