142 131 149 7351 8268 8626
142 132 150 7499 8306 8755
143 132 149 7441 8345 8868
143 132 149 7441 8345 8868
146 135 149 7534 8332 9016
147 136 149 7885 8083 9237
147 136 149 7885 8083 9237
152 141 149 7959 8089 9349
153 143 150 8087 8289 9993
153 144 152 8058 8384 10290
153 144 152 8058 8384 10290
153 150 151 8021 8365 10589
153 153 151 8398 8010 11413
153 153 151 8398 8010 11413
156 162 156 8601 7965 11812
154 165 157 8209 8517 13459
154 165 157 8209 8517 13459
146 174 151 7888 8668 14169
142 177 148 7921 8503 10126
142 177 148 7921 8503 10126
104 186 147 8472 8619 10403
