142 132 150 7682 7467 9993
142 131 150 7737 7415 10134
141 131 151 7837 7372 10324
141 131 151 7837 7372 10324
136 130 152 7864 7406 10525
136 130 153 8081 7313 10704
135 130 154 8120 7309 10745
135 130 154 8120 7309 10745
136 131 154 8089 7337 10786
136 131 154 8025 7406 11110
136 131 154 8025 7406 11110
133 131 152 8045 7481 11265
132 132 153 8308 7409 11437
132 132 153 8308 7409 11437
131 133 155 8438 7300 11423
132 134 155 8474 7383 11305
132 134 155 8474 7383 11305
134 137 155 8388 7524 11306
134 138 156 8203 7878 11571
134 138 156 8203 7878 11571
132 138 155 8224 7852 11702
132 139 154 8308 7724 12022
132 139 153 8304 7768 12087
132 139 153 8304 7768 12087
132 141 153 8309 7895 12156
131 142 153 8308 8315 12522
131 142 153 8308 8315 12522
128 142 155 8311 8359 12673
128 143 154 8191 8342 12932
127 143 153 8142 8389 12979
127 143 153 8142 8389 12979
124 144 154 8116 8452 13035
123 143 155 8234 8510 13341
123 143 155 8234 8510 13341
123 144 154 8248 8449 13393
123 145 154 7990 8733 13490
123 145 154 7990 8733 13490
121 145 155 7863 8929 13626
119 145 154 7457 9218 14099
119 145 154 7457 9218 14099
116 144 149 7385 9175 14132
117 145 149 7609 9035 14133
117 145 149 7609 9035 14133
118 147 154 7718 9068 14219
117 147 155 7548 9075 14953
116 148 155 7377 9015 15159
116 148 155 7377 9015 15159
106 145 154 7230 8952 15340
99 140 155 7118 8597 15302
99 140 155 7118 8597 15302
95 129 151 7147 8362 14840
97 129 149 7127 8083 12746
97 129 149 7127 8083 12746
102 128 148 7112 8255 12239
101 127 149 7086 8834 11155
100 125 149 7085 8819 10739
100 125 149 7085 8819 10739
103 126 150 7135 8654 10274
106 126 148 7287 8178 9521
107 126 147 7537 7679 9041
107 126 147 7537 7679 9041
