157 140 152 7659 8585 9552
153 139 152 7575 8797 10192
153 139 152 7575 8797 10192
140 134 158 7739 8906 10649
141 134 159 7949 8358 10605
144 135 159 7825 8343 10424
144 135 159 7825 8343 10424
152 142 160 7566 8549 10371
155 146 159 6799 8932 10722
155 146 159 6799 8932 10722
163 163 152 6753 8741 11017
164 168 151 7526 7441 12960
164 173 151 7902 7180 13961
164 173 151 7902 7180 13961
151 186 157 8157 7167 15111
143 191 156 7729 7963 10494
143 191 156 7729 7963 10494
103 197 153 7544 8224 10761
84 189 154 7826 8035 11296
84 189 154 7826 8035 11296
