139 128 160 7690 8008 9718
139 129 159 7664 8107 9702
141 128 157 7412 8237 9704
141 128 157 7412 8237 9704
144 131 160 7295 8432 9738
145 132 162 7226 8410 10088
145 132 162 7226 8410 10088
146 135 162 7259 8200 10340
146 137 161 7592 7335 11252
146 137 161 7592 7335 11252
145 140 160 7667 7162 11493
146 144 158 7760 7000 11955
147 146 157 7943 6893 12392
147 149 156 8001 6887 12748
147 149 156 8001 6887 12748
145 156 154 8049 6959 13143
143 157 154 8041 7516 14670
143 157 154 8041 7516 14670
124 156 154 8028 7682 15161
119 155 152 8523 7261 9884
119 155 152 8523 7261 9884
117 154 154 8792 7108 9863
116 153 155 8597 8116 15752
116 153 155 8597 8116 15752
113 152 156 8309 8466 15737
110 151 156 7812 8779 9856
108 150 155 7873 8469 15750
108 150 155 7873 8469 15750
106 144 155 7977 8198 15542
108 143 155 7852 8176 14427
108 143 155 7852 8176 14427
116 147 154 7645 8353 14115
118 147 154 7415 8623 14192
119 149 154 7347 8549 14434
119 149 154 7347 8549 14434
114 151 151 7349 8370 14761
110 150 151 7608 7829 15382
104 146 151 7692 7683 15334
