146 143 152 8903 7821 5914
148 144 151 8834 7939 6028
148 144 151 8834 7939 6028
156 149 153 8891 8072 6187
155 151 154 8634 8382 8036
155 151 154 8634 8382 8036
151 155 155 8592 8362 8674
149 156 155 8459 8390 10333
148 158 156 8381 8510 10760
148 158 156 8381 8510 10760
146 163 158 8248 8617 11262
146 166 158 7724 8914 12788
146 166 158 7724 8914 12788
147 175 158 7458 9090 13585
145 180 157 6456 9570 10010
143 185 158 6167 9600 10291
143 185 158 6167 9600 10291
124 197 156 5907 9475 10607
118 200 156 5368 8838 11291
118 200 156 5368 8838 11291
105 206 154 5177 8745 11428
103 206 153 4396 8954 11649
103 206 153 4396 8954 11649
94 201 147 4125 9089 11692
