160 160 153 9253 7884 6446
163 162 152 9129 8034 7207
166 163 152 9018 8122 8263
166 163 152 9018 8122 8263
162 167 153 8950 8238 9467
156 168 153 8540 8560 12921
156 168 153 8540 8560 12921
141 171 154 8389 8734 13794
137 171 154 7770 9408 15556
137 171 154 7770 9408 15556
131 175 153 7454 9658 9860
132 178 152 6597 10360 10103
132 178 152 6597 10360 10103
126 188 154 6359 10542 10221
122 190 153 5769 10059 10741
122 190 153 5769 10059 10741
111 199 154 5846 9571 10893
108 201 153 5720 8958 11277
108 201 153 5720 8958 11277
97 200 148 5452 9086 11378
95 199 147 5066 9238 11446
93 197 145 5154 9090 11424
93 197 145 5154 9090 11424
89 190 143 5258 9024 11403
86 186 143 4915 9576 11250
