151 142 160 7842 8215 8772
151 141 158 7609 8255 9474
151 141 158 7609 8255 9474
144 140 156 7588 8287 10067
140 139 156 7749 7925 11633
137 138 156 7866 7759 11842
137 138 156 7866 7759 11842
132 137 156 7952 7623 11923
132 137 157 7981 7737 11577
132 137 157 7981 7737 11577
133 140 158 7816 7980 11393
134 141 158 7270 8450 11079
134 141 158 7270 8450 11079
137 147 156 7130 8418 11106
138 149 155 7008 8295 11540
138 149 155 7008 8295 11540
139 155 157 7006 8301 11887
138 156 157 6641 8431 13505
138 156 157 6641 8431 13505
128 159 156 6435 8541 14113
125 160 156 6369 7974 15546
123 162 155 6538 7701 9858
123 162 155 6538 7701 9858
121 168 156 6605 7611 9931
122 171 156 6071 8025 10267
120 175 156 5738 8167 10465
120 175 156 5738 8167 10465
104 188 154 5407 8131 10703
95 191 153 5153 7300 11316
95 191 153 5153 7300 11316
