137 136 156 8393 7897 7781
138 136 155 8307 7963 7915
140 136 155 8325 8063 8087
140 136 155 8325 8063 8087
138 136 158 8338 8101 8403
137 136 160 8450 8001 9192
136 136 161 8388 7928 9368
136 136 161 8388 7928 9368
135 136 162 8283 7868 9484
134 136 162 7780 7856 9684
134 136 162 7780 7856 9684
136 137 160 7648 7844 9688
136 138 159 7538 7725 9703
136 139 159 7572 7626 9819
136 139 159 7572 7626 9819
136 141 159 7597 7536 9969
136 142 159 7494 7495 10394
136 142 159 7494 7495 10394
138 144 160 7383 7535 10551
137 144 159 6962 7552 11649
137 144 159 6962 7552 11649
130 144 156 6857 7488 12147
129 143 156 6571 7661 13111
127 143 156 6316 7994 13323
127 143 156 6316 7994 13323
122 141 156 6014 8308 13528
121 140 154 5407 8515 13931
121 140 154 5407 8515 13931
117 138 151 5298 8526 14024
117 138 150 5228 8347 13898
117 138 150 5228 8347 13898
118 138 148 5343 8229 13763
119 139 149 5746 8183 13588
119 139 149 5746 8183 13588
121 141 150 5865 8084 13685
121 143 151 6216 7644 14433
120 145 151 6291 7472 14791
120 145 151 6291 7472 14791
120 151 153 6376 7331 15145
120 153 153 6322 7230 9919
120 153 153 6322 7230 9919
112 156 152 6247 7137 10039
109 156 151 6305 6486 10294
109 156 151 6305 6486 10294
