154 143 155 8821 7796 7893
154 145 155 8646 7918 8276
154 145 155 8646 7918 8276
153 147 154 8477 8058 8653
151 148 153 8164 8419 9985
149 149 153 8228 8424 10398
149 149 153 8228 8424 10398
145 151 156 8364 8382 10757
143 151 156 8384 8411 11493
143 151 156 8384 8411 11493
141 156 156 8279 8483 11689
140 157 157 7913 8744 12351
140 159 156 7800 8806 12604
140 159 156 7800 8806 12604
138 167 158 7763 8813 12920
138 169 158 7807 8752 14171
138 169 158 7807 8752 14171
134 179 159 7709 8799 14797
132 182 159 7281 8951 10097
129 186 159 7078 9109 10284
129 186 159 7078 9109 10284
117 195 158 6821 9196 10465
114 197 156 6223 8947 10877
111 200 154 6148 8772 10989
111 200 154 6148 8772 10989
105 203 151 6063 8707 11080
102 202 150 5812 8732 11266
100 201 149 5711 8755 11308
100 201 149 5711 8755 11308
