154 128 154 7907 8713 8056
155 129 155 7853 8728 8344
157 129 156 7754 8664 8649
157 129 156 7754 8664 8649
160 131 160 7739 8449 9009
160 132 162 7557 8158 9788
160 133 163 7502 7972 9907
160 133 163 7502 7972 9907
168 142 163 7470 7597 9937
172 148 164 7568 6916 10664
172 152 165 7334 7151 11323
172 152 165 7334 7151 11323
158 160 163 7117 7233 12187
151 161 162 7316 6196 14589
142 160 160 7574 5797 15239
142 160 160 7574 5797 15239
106 150 157 7865 5548 15754
94 141 160 8951 5953 9940
94 141 160 8951 5953 9940
