146 125 151 7809 7353 8792
147 127 150 7746 7304 8812
147 127 150 7746 7304 8812
151 129 150 7750 7339 8899
152 130 150 7940 7117 9205
152 130 150 7940 7117 9205
152 131 154 8099 7028 9332
151 132 155 8398 6713 9810
151 133 154 8566 6489 9837
151 133 154 8566 6489 9837
152 141 156 8690 6446 9865
153 143 158 8878 7045 10331
154 144 160 8768 7354 10711
154 144 160 8768 7354 10711
147 144 159 8597 7673 11196
143 145 156 8198 7903 12313
140 147 154 8383 7789 12502
140 147 154 8383 7789 12502
134 154 156 8700 7557 12760
132 156 158 9328 7553 14230
126 156 159 9223 7793 14851
126 156 159 9223 7793 14851
97 147 159 9023 7981 15414
91 142 160 8976 7894 15100
