138 133 155 8227 7941 8715
138 133 155 8108 8113 8862
138 133 155 8040 8112 9039
138 133 155 8040 8112 9039
136 132 155 8002 8156 9245
135 132 155 7969 8076 9591
135 132 155 7969 8076 9591
135 134 156 7928 8086 9619
135 134 156 7682 8300 9758
135 134 156 7682 8300 9758
136 134 155 7599 8350 9857
135 134 155 7472 8306 10298
134 134 155 7487 8234 10517
134 134 155 7487 8234 10517
131 133 155 7526 8152 10710
133 133 155 7774 7870 11111
130 134 155 7812 7829 11203
130 134 155 7812 7829 11203
128 133 155 7797 7858 11304
127 133 156 7581 8006 11498
127 132 155 7481 8096 11501
127 132 155 7481 8096 11501
126 132 154 7386 8214 11477
126 132 153 7239 8375 11533
126 132 153 7263 8345 11536
126 132 153 7263 8345 11536
126 132 152 7311 8254 11505
126 132 152 7474 8045 11359
126 132 152 7487 8071 11318
126 132 152 7487 8071 11318
126 132 152 7505 8124 11340
125 132 153 7474 8295 11407
126 132 153 7414 8361 11376
126 132 153 7414 8361 11376
127 132 152 7336 8420 11317
127 132 152 7331 8395 11386
127 132 152 7331 8395 11386
126 131 152 7361 8338 11530
125 131 152 7355 8298 11844
125 131 152 7355 8298 11844
123 131 152 7347 8311 11841
123 131 152 7479 8124 11570
124 131 152 7559 8068 11548
124 131 152 7559 8068 11548
124 131 152 7553 8089 11560
124 131 152 7465 8246 11615
123 132 152 7450 8274 11606
123 132 152 7450 8274 11606
123 131 153 7476 8284 11610
122 131 153 7577 8143 11650
122 131 153 7590 8075 11654
122 131 153 7590 8075 11654
123 131 154 7599 8036 11648
123 130 154 7528 8106 11704
123 130 154 7528 8106 11704
123 131 153 7452 8141 11695
123 131 153 7324 8208 11664
123 131 153 7324 8208 11664
122 131 153 7281 8280 11728
122 131 153 7213 8313 11747
122 131 153 7219 8246 11749
122 131 153 7219 8246 11749
122 132 153 7233 8171 11770
122 132 154 7307 7983 12003
122 132 154 7314 7938 12113
122 132 154 7314 7938 12113
120 130 154 7340 7835 12193
120 130 153 7362 7469 12049
120 130 153 7362 7469 12049
122 133 153 7346 7408 11941
124 134 154 7273 7435 11914
125 137 155 7035 7708 12191
125 137 155 7035 7708 12191
121 138 153 6648 8034 12582
118 137 151 6218 8160 13474
118 137 151 6218 8160 13474
111 134 150 6397 7926 13580
110 133 150 7191 7556 13360
