135 133 160 7905 8591 9620
133 133 158 7793 8587 9587
133 132 158 7750 8642 9351
133 132 158 7750 8642 9351
135 134 158 7687 8647 9173
136 134 158 7472 8860 8830
136 134 158 7472 8860 8830
139 136 158 7381 8865 8857
140 136 157 7380 8467 9383
139 136 157 7423 8317 9715
139 136 157 7423 8317 9715
134 136 156 7478 8242 10077
132 135 156 7328 8413 10658
131 134 156 7235 8553 10702
131 134 156 7235 8553 10702
129 134 156 7121 8669 10700
129 133 156 6954 8731 10674
129 133 156 6954 8731 10674
129 133 155 6918 8701 10724
128 133 154 6894 8554 10916
128 133 154 6894 8554 10916
127 133 154 6892 8483 10976
126 132 154 6992 8358 11025
126 132 154 7012 8304 11088
126 132 154 7012 8304 11088
126 132 153 7028 8257 11094
126 132 152 7055 8103 10985
126 132 152 7055 8103 10985
126 132 152 7050 8110 10964
126 132 151 7034 8193 10826
126 132 151 7034 8193 10826
128 135 151 7053 8175 10761
129 136 151 7132 8308 10834
129 136 151 7132 8308 10834
126 135 154 7139 8402 10961
125 134 154 7128 8421 11392
124 134 154 7109 8317 11426
124 134 154 7109 8317 11426
123 132 153 7082 8204 11431
122 131 153 6883 8249 11430
122 130 153 6801 8315 11358
122 130 153 6801 8315 11358
123 130 151 6760 8329 11285
123 130 150 6956 8136 11153
123 130 150 7081 8047 11163
123 130 150 7081 8047 11163
124 132 151 7204 7970 11185
124 132 151 7314 7944 11318
124 132 151 7314 7944 11318
125 133 150 7227 8057 11297
125 134 149 7029 8390 11156
125 134 149 7029 8390 11156
123 133 151 7066 8476 11273
123 133 152 7179 8275 11472
123 133 152 7179 8275 11472
123 133 152 7225 8120 11467
122 133 153 7229 7906 11633
122 132 153 7191 7922 11712
122 132 153 7191 7922 11712
121 132 153 7145 7913 11777
121 133 153 7061 7809 11784
122 134 154 7067 7779 11863
122 134 154 7067 7779 11863
121 135 156 7083 7747 12096
120 135 156 6845 7674 12863
118 135 156 6700 7670 13043
118 135 156 6700 7670 13043
119 138 156 6579 7648 13169
119 140 156 6391 7567 13945
120 142 155 6206 7688 14280
120 142 155 6206 7688 14280
116 145 152 6026 7825 14693
112 145 152 5995 7675 15789
112 145 152 5995 7675 15789
103 138 151 6148 7492 9864
101 136 151 6195 7332 15402
99 132 149 6128 7525 14883
99 132 149 6128 7525 14883
