134 136 157 7381 7959 9545
133 135 156 7286 8038 9675
133 134 155 7255 8040 9749
133 134 155 7255 8040 9749
133 133 154 7239 8075 9872
132 132 155 7208 8235 10167
132 132 155 7208 8235 10167
129 131 155 7214 8167 10218
129 131 155 7358 7825 10156
129 130 155 7448 7735 10119
129 130 155 7448 7735 10119
127 130 157 7511 7681 10113
127 129 158 7458 7562 10045
126 129 157 7396 7538 9975
126 129 157 7396 7538 9975
126 129 156 7371 7465 9869
126 130 156 7474 7193 9568
127 130 155 7535 7111 9506
127 130 155 7535 7111 9506
130 132 154 7591 7052 9477
131 132 153 7622 7075 9524
131 132 153 7622 7075 9524
132 133 152 7611 7113 9584
133 133 152 7677 7197 9801
133 133 152 7697 7245 9969
133 133 152 7697 7245 9969
131 131 151 7714 7269 10120
130 131 151 7750 7292 10347
130 131 151 7752 7368 10361
130 131 151 7752 7368 10361
129 130 151 7769 7433 10389
129 130 151 7838 7594 10459
129 130 151 7838 7594 10459
129 130 151 7839 7642 10471
128 130 151 7909 7761 10492
128 130 151 7909 7761 10492
128 130 153 7967 7795 10500
128 130 153 8028 7836 10439
129 130 154 7995 7869 10455
129 130 154 7995 7869 10455
128 129 153 7953 7892 10452
129 130 153 7852 7851 10361
129 130 152 7834 7866 10326
129 130 152 7834 7866 10326
131 130 151 7806 7901 10287
131 130 151 7759 8100 10305
131 130 151 7759 8100 10305
132 131 151 7799 8133 10323
133 131 151 7910 8174 10521
132 131 151 7906 8216 10591
132 131 151 7906 8216 10591
131 131 152 7908 8260 10681
131 131 152 7982 8315 10896
131 131 152 7982 8315 10896
130 130 153 7967 8345 10978
130 130 153 7756 8576 11204
130 130 152 7696 8637 11292
130 130 152 7696 8637 11292
128 131 153 7686 8655 11389
128 131 153 7792 8669 11713
127 132 154 7826 8675 11821
127 132 154 7826 8675 11821
126 131 156 7850 8674 11944
126 130 157 7756 8604 12197
126 130 157 7756 8604 12197
126 129 156 7708 8497 12249
126 129 156 7604 8047 12111
126 128 154 7551 7936 11992
126 128 154 7551 7936 11992
127 128 151 7516 7885 11853
127 128 151 7500 8213 11582
127 128 151 7533 8342 11499
127 128 151 7533 8342 11499
129 128 152 7605 8354 11365
130 128 152 7953 7929 10904
131 130 153 7992 7918 10881
131 130 153 7992 7918 10881
132 132 154 7959 8031 10958
132 132 154 7624 8526 11384
132 132 154 7624 8526 11384
130 133 153 7541 8527 11489
130 134 152 7648 8206 11826
130 134 152 7658 8200 11975
130 134 152 7658 8200 11975
128 135 153 7638 8274 12158
127 135 153 7479 8593 12606
126 135 153 7471 8647 12749
126 135 153 7471 8647 12749
123 135 154 7424 8681 12916
123 135 153 7284 8549 13288
123 135 153 7284 8549 13288
121 136 152 7265 8529 13347
120 137 152 7129 8823 13665
