147 153 156 8165 7664 10668
147 153 154 7956 7823 11008
147 154 154 7846 7926 11327
147 154 154 7846 7926 11327
144 161 151 7739 8038 11652
143 164 151 7758 8242 12413
144 168 151 7831 8256 12596
144 168 151 7831 8256 12596
156 191 158 7843 8409 12812
162 202 162 6844 9820 15034
162 202 162 6844 9820 15034
175 235 160 6119 10133 9989
163 238 152 2547 10946 11662
141 240 145 1155 11172 12334
141 240 145 1155 11172 12334
66 243 119 6287 10699 12877
55 243 113 3280 7123 13148
55 243 113 3280 7123 13148
50 231 130 5696 6467 12881
