148 149 158 7505 7601 10132
146 149 156 7430 7587 10626
145 150 156 7442 7597 10965
145 150 156 7442 7597 10965
141 153 156 7389 7615 11347
140 154 156 7203 7744 12283
140 154 156 7203 7744 12283
138 160 156 7122 7815 12597
141 165 156 6710 8184 13239
144 171 157 6416 8510 13711
144 171 157 6416 8510 13711
145 189 157 6035 8814 14442
141 195 156 4958 9148 10166
141 195 156 4958 9148 10166
124 211 153 4826 8919 10395
117 215 152 4673 7861 11068
117 215 152 4673 7861 11068
98 218 149 4726 7453 11250
95 218 148 5177 6658 11527
93 218 147 5153 6822 11536
93 218 147 5153 6822 11536
83 215 144 5017 7176 11564
76 212 143 4367 8414 11568
68 207 141 4180 8661 11529
