142 135 152 8336 7366 8008
141 136 152 8304 7447 8189
141 136 152 8304 7447 8189
139 136 154 8264 7606 8299
138 136 154 8134 7752 8766
138 136 154 8134 7752 8766
140 137 153 8127 7748 8799
140 137 154 8268 7788 9311
139 138 154 8342 7734 9549
139 138 154 8342 7734 9549
136 138 155 8404 7673 9766
136 138 155 8444 7683 10185
136 138 155 8444 7683 10185
136 140 156 8374 7787 10288
136 140 156 8037 8129 10757
136 141 156 7946 8177 11036
136 141 156 7946 8177 11036
132 142 156 7878 8199 11346
131 142 156 7670 8208 11933
131 142 156 7670 8208 11933
131 144 155 7542 8263 12023
131 145 154 7138 8568 12300
132 145 154 7003 8667 12490
132 145 154 7003 8667 12490
130 147 152 6914 8753 12695
129 148 151 6765 8800 13338
129 149 151 6714 8818 13559
129 149 151 6714 8818 13559
127 151 149 6681 8874 13743
127 151 149 6590 8980 14363
127 151 149 6590 8980 14363
124 153 148 6603 9004 14626
122 153 149 6641 9081 15548
120 153 149 6706 8950 15787
120 153 149 6706 8950 15787
115 152 150 6796 8800 9865
113 151 151 6905 8538 9936
112 150 151 6892 8502 9927
112 150 151 6892 8502 9927
111 148 151 6862 8488 9917
111 149 151 6710 8545 9872
111 149 151 6710 8545 9872
111 150 149 6679 8534 9886
110 151 149 6695 8424 9979
110 151 149 6695 8424 9979
107 153 148 6666 8472 10015
105 153 148 6513 8592 10100
104 153 148 6506 8610 10111
104 153 148 6506 8610 10111
