153 149 153 8942 7524 9075
153 151 152 8957 7637 9514
153 151 152 8957 7637 9514
152 155 153 8900 7824 9925
152 156 154 8842 8336 11244
152 156 154 8842 8336 11244
150 163 156 8806 8424 11692
149 166 156 8382 8803 12810
149 170 157 8251 8941 13269
149 170 157 8251 8941 13269
143 184 159 8151 9045 13875
141 189 160 7904 9155 9869
139 195 160 7745 9270 10039
139 195 160 7745 9270 10039
129 211 161 7431 9502 10225
122 215 159 6187 9930 10912
122 215 159 6187 9930 10912
104 225 154 5825 9939 11113
99 226 152 4726 10017 11484
94 225 149 4413 9940 11532
94 225 149 4413 9940 11532
90 220 142 4186 9855 11521
88 218 141 4157 9562 11420
