0.807692 0.200000 0.961538 -90.949997 -48.750000 -107.300003
0.807692 0.200000 0.923077 -89.699997 -48.000000 -90.300003
0.807692 0.200000 0.923077 -89.699997 -48.000000 -90.300003
0.769231 0.240000 0.846154 0.000000 0.000000 0.000000
0.730769 0.240000 0.807692 14.700000 -3.300000 41.750000
0.653846 0.240000 0.807692 5.500000 8.200000 48.700001
0.653846 0.240000 0.807692 5.500000 8.200000 48.700001
0.615385 0.360000 0.884615 0.000000 0.000000 0.000000
0.692308 0.440000 0.884615 -3.250000 14.850000 10.500000
0.692308 0.440000 0.884615 -3.250000 14.850000 10.500000
0.692308 0.520000 0.923077 0.000000 0.000000 0.000000
0.615385 0.560000 0.961538 5.250000 -11.200000 53.400002
0.615385 0.560000 0.961538 5.250000 -11.200000 53.400002
0.384615 0.560000 0.923077 0.000000 0.000000 0.000000
0.307692 0.560000 0.923077 15.100000 -17.400000 37.450001
0.307692 0.560000 0.923077 15.100000 -17.400000 37.450001
0.115385 0.600000 0.961538 0.000000 0.000000 0.000000
0.076923 0.600000 1.038462 0.000000 8.050000 10.300000
0.076923 0.600000 1.038462 0.000000 8.050000 10.300000
-0.115385 0.600000 1.115385 0.000000 0.000000 0.000000
-0.153846 0.560000 1.115385 -16.850000 10.450000 1.500000
-0.153846 0.560000 1.115385 -16.850000 10.450000 1.500000
-0.192308 0.560000 0.923077 0.000000 0.000000 0.000000
-0.192308 0.600000 0.923077 0.000000 7.750000 -11.100000
-0.115385 0.600000 0.923077 2.600000 8.650000 -13.750000
-0.115385 0.600000 0.923077 2.600000 8.650000 -13.750000
-0.115385 0.800000 1.000000 0.000000 0.000000 0.000000
-0.153846 0.880000 1.038462 2.050000 -1.550000 27.350000
-0.153846 0.880000 1.038462 2.050000 -1.550000 27.350000
-0.269231 1.000000 1.115385 0.000000 0.000000 0.000000
-0.346154 1.000000 1.115385 -4.400000 -6.550000 53.250000
-0.346154 1.000000 1.115385 -4.400000 -6.550000 53.250000
-0.653846 0.920000 1.038462 0.000000 0.000000 0.000000
-0.653846 0.920000 0.923077 -11.900000 -6.850000 294.700012
-0.653846 0.920000 0.923077 -11.900000 -6.850000 294.700012
-1.000000 0.760000 0.923077 0.000000 0.000000 0.000000
-1.153846 0.640000 0.961538 -6.750000 25.500000 -27.750000
