0.769231 0.846154 1.120000 7858 8193 11392
0.692308 0.807692 1.120000 7757 8144 11712
0.576923 0.730769 1.120000 7675 8116 11946
0.576923 0.730769 1.120000 7675 8116 11946
0.500000 0.653846 1.040000 7623 7982 12057
0.500000 0.653846 1.040000 7345 8203 12225
0.461538 0.653846 1.040000 7326 8276 12399
0.461538 0.653846 1.040000 7326 8276 12399
0.230769 0.576923 1.080000 7383 8290 12626
0.153846 0.576923 1.080000 7509 7972 13002
0.153846 0.615385 1.040000 7529 7911 12923
0.153846 0.615385 1.040000 7529 7911 12923
0.461538 0.846154 1.000000 7492 8009 12857
0.538462 0.923077 1.000000 7086 8592 13463
0.576923 1.038462 0.920000 7030 8602 13986
0.576923 1.038462 0.920000 7030 8602 13986
0.269231 1.269231 0.920000 7154 8469 14742
0.153846 1.307692 0.920000 7735 7853 10026
0.038462 1.384615 0.920000 7788 7903 10093
0.038462 1.384615 0.920000 7788 7903 10093
-0.115385 1.576923 0.920000 7700 8133 10153
-0.153846 1.653846 0.960000 7167 9167 10355
-0.192308 1.730769 1.000000 7007 9261 10451
-0.192308 1.730769 1.000000 7007 9261 10451
-0.461538 1.923077 0.840000 6910 9113 10550
-0.615385 1.961538 0.840000 6840 8629 10805
-0.846154 1.961538 0.880000 6803 8657 10867
-0.846154 1.961538 0.880000 6803 8657 10867
-1.423077 1.538462 0.840000 6724 8647 10890
-1.500000 1.384615 0.760000 6523 8434 10632
-1.576923 1.230769 0.720000 6588 8456 10494
-1.576923 1.230769 0.720000 6588 8456 10494
