152 142 152 8304 7855 6558
152 145 152 8360 8081 6763
152 145 152 8360 8081 6763
163 166 153 8357 8068 7002
177 182 155 8297 8484 7742
202 201 161 7942 9058 8676
202 201 161 7942 9058 8676
237 237 183 7718 8949 11057
224 239 188 6879 9016 12361
176 241 188 5971 8863 13534
176 241 188 5971 8863 13534
60 243 170 5095 8469 14265
40 243 159 4346 7525 14203
28 243 134 3731 8823 13757
28 243 134 3731 8823 13757
6 233 117 3834 10659 13260
5 204 125 6557 12281 11803
12 179 127 6284 11248 11123
12 179 127 6284 11248 11123
