1.192308 0.520000 0.653846 -104.849998 54.750000 -202.500000
1.230769 0.560000 0.653846 -98.449997 56.000000 -186.699997
1.192308 0.520000 0.615385 -97.150002 64.199997 -167.300003
1.192308 0.520000 0.615385 -97.150002 64.199997 -167.300003
1.076923 0.560000 0.653846 0.000000 0.000000 0.000000
1.076923 0.640000 0.653846 12.850000 3.500000 42.599998
1.076923 0.720000 0.653846 20.150000 3.250000 57.849998
1.076923 0.720000 0.653846 20.150000 3.250000 57.849998
1.038462 0.920000 0.769231 0.000000 0.000000 0.000000
1.000000 1.040000 0.807692 4.950000 -1.350000 71.000000
1.000000 1.040000 0.807692 4.950000 -1.350000 71.000000
0.769231 1.280000 0.884615 0.000000 0.000000 0.000000
0.692308 1.400000 0.961538 15.500000 -18.049999 78.099998
0.692308 1.400000 0.961538 15.500000 -18.049999 78.099998
0.576923 1.880000 0.961538 0.000000 0.000000 0.000000
0.500000 2.000000 0.923077 3.050000 -14.750000 120.250000
0.500000 2.000000 0.923077 3.050000 -14.750000 120.250000
-0.230769 2.280000 1.115385 0.000000 0.000000 0.000000
-0.500000 2.240000 1.192308 24.850000 -27.000000 87.750000
-0.730769 2.200000 1.230769 31.850000 -39.599998 91.750000
-0.730769 2.200000 1.230769 31.850000 -39.599998 91.750000
-1.307692 1.840000 1.346154 0.000000 0.000000 0.000000
-1.461538 1.640000 1.384615 -31.400000 70.199997 -87.750000
-1.461538 1.640000 1.384615 -31.400000 70.199997 -87.750000
-1.461538 1.320000 1.307692 0.000000 0.000000 0.000000
-1.423077 1.280000 1.192308 -35.900002 30.500000 -89.000000
-1.423077 1.280000 1.192308 -35.900002 30.500000 -89.000000
-1.153846 1.160000 1.038462 0.000000 0.000000 0.000000
