148 149 150 8888 6461 5230
150 150 147 8814 6237 5356
150 150 147 8814 6237 5356
157 156 142 8984 6043 5491
157 160 141 9181 5927 6188
159 164 139 9121 6201 6131
159 164 139 9121 6201 6131
171 201 140 8934 6861 5838
186 221 142 6950 9110 4636
212 233 144 6120 9829 5614
212 233 144 6120 9829 5614
237 241 155 5426 10354 8516
209 242 155 7354 8758 12123
160 242 159 8217 8031 13391
160 242 159 8217 8031 13391
29 244 163 8799 7602 14360
8 245 166 9050 8927 15474
3 244 167 9143 8924 15074
3 244 167 9143 8924 15074
1 245 158 9172 9258 14294
1 221 156 6632 14918 12088
1 221 156 6632 14918 12088
40 177 139 5406 14525 11378
