0.100177 0.850426 -0.004959 0.077256 
0.100177 0.850426 -0.004959 0.077256 
-0.250186 0.805810 0.031372 0.195912 
-0.250186 0.805810 0.031372 0.195912 
-0.367107 0.831009 0.066732 0.225377 
0.019981 0.779833 0.250803 0.565700 
0.382201 0.921833 0.449227 0.622478 
0.382201 0.921833 0.449227 0.622478 
0.124535 0.029125 0.225322 0.800944 
-0.250187 0.805810 0.031370 0.195911 
-0.249937 0.805786 0.031608 0.196022 
-0.249937 0.805786 0.031608 0.196022 
0.086334 0.799283 -0.146561 -0.231899 
0.399196 0.833256 -0.102740 -0.202237 
0.277957 0.843093 -0.204867 -0.281932 
0.277957 0.843093 -0.204867 -0.281932 
-0.042154 0.887705 -0.192579 -0.246764 
0.172796 0.816846 -0.079280 -0.105225 
0.172796 0.816846 -0.079280 -0.105225 
0.172796 0.816846 -0.079280 -0.105225 
0.172796 0.816846 -0.079280 -0.105225 
0.828448 0.089603 0.156804 0.065207 
0.878699 0.004831 0.093102 -0.095971 
0.878699 0.004831 0.093102 -0.095971 
0.149570 0.081783 0.361941 0.118827 
0.027635 -0.017513 0.839776 -0.064511 
0.052412 0.223662 0.852474 0.093296 
0.052412 0.223662 0.852474 0.093296 
-0.052981 0.271420 0.829523 -0.031140 
0.096304 0.044111 0.830434 0.118170 
0.096304 0.044111 0.830434 0.118170 
0.096304 0.044111 0.830434 0.118170 
0.096304 0.044111 0.830434 0.118170 
0.096304 0.044111 0.830434 0.118170 
0.096304 0.044111 0.830434 0.118170 
0.096304 0.044111 0.830434 0.118170 
0.096304 0.044111 0.830434 0.118170 
0.096304 0.044111 0.830434 0.118170 
0.096304 0.044111 0.830434 0.118170 
-0.022946 -0.118306 0.817312 -0.050264 
-0.013746 0.102123 0.833768 0.020130 
0.022529 -0.240940 0.830436 -0.136988 
0.022529 -0.240940 0.830436 -0.136988 
-0.011462 -0.323273 0.802505 -0.209076 
0.453318 0.022064 0.218896 0.331457 
-0.059516 0.808991 -0.075423 0.115799 
-0.059516 0.808991 -0.075423 0.115799 
0.100177 0.850426 -0.004959 0.077256 
-0.101166 0.846553 -0.127010 -0.111115 
0.097665 0.878828 0.193938 0.287071 
0.097665 0.878828 0.193938 0.287071 
0.100181 0.850427 -0.004964 0.077248 
0.273258 0.860649 -0.095243 -0.226091 
0.273258 0.860649 -0.095243 -0.226091 
0.273258 0.860649 -0.095243 -0.226091 
0.273256 0.860649 -0.095243 -0.226092 
0.273256 0.860649 -0.095243 -0.226092 
