0.100177 0.850426 -0.004959 0.077256 
0.100177 0.850426 -0.004959 0.077256 
0.100177 0.850426 -0.004959 0.077256 
0.100177 0.850426 -0.004959 0.077256 
0.172796 0.816846 -0.079280 -0.105225 
0.172796 0.816846 -0.079280 -0.105225 
0.172796 0.816846 -0.079280 -0.105225 
0.100177 0.850426 -0.004959 0.077256 
0.100177 0.850426 -0.004959 0.077256 
0.100177 0.850426 -0.004959 0.077256 
0.100177 0.850426 -0.004959 0.077256 
0.100177 0.850426 -0.004959 0.077256 
0.100480 0.850963 -0.006929 0.074380 
0.100480 0.850963 -0.006929 0.074380 
-0.007857 0.868760 -0.221888 -0.374901 
-0.007857 0.868760 -0.221888 -0.374901 
0.045875 0.817802 -0.154828 -0.123668 
0.045875 0.817802 -0.154828 -0.123668 
0.427517 0.348653 0.225707 0.220710 
0.086334 0.799283 -0.146561 -0.231899 
0.100177 0.850426 -0.004959 0.077256 
0.100177 0.850426 -0.004959 0.077256 
0.100177 0.850426 -0.004959 0.077256 
0.273409 -0.141725 0.703875 0.570548 
0.136047 -0.210535 0.768226 0.191109 
0.136047 -0.210535 0.768226 0.191109 
0.099903 -0.129093 0.816743 0.059502 
-0.084287 -0.022863 0.835654 -0.080405 
-0.029762 0.017012 0.820978 -0.129182 
-0.029762 0.017012 0.820978 -0.129182 
-0.029766 -0.126856 0.783455 -0.305363 
0.096304 0.044111 0.830434 0.118170 
0.096304 0.044111 0.830434 0.118170 
0.096304 0.044111 0.830434 0.118170 
0.096304 0.044111 0.830434 0.118170 
0.096304 0.044111 0.830434 0.118170 
0.096304 0.044111 0.830434 0.118170 
0.096304 0.044111 0.830434 0.118170 
0.096304 0.044111 0.830434 0.118170 
0.093082 0.040422 0.830175 0.114431 
0.096304 0.044111 0.830434 0.118170 
0.096304 0.044111 0.830434 0.118170 
0.096304 0.044111 0.830434 0.118170 
-0.077603 -0.103583 0.840293 -0.089613 
0.053699 0.230556 0.852698 0.095896 
0.053699 0.230556 0.852698 0.095896 
0.027635 -0.017513 0.839776 -0.064511 
-0.060724 0.098864 0.100923 0.822107 
-0.048588 -0.086186 -0.103307 0.725791 
-0.048588 -0.086186 -0.103307 0.725791 
0.045247 0.251169 -0.039201 0.653262 
-0.059994 0.796301 0.264558 0.349875 
0.045836 0.897553 0.326576 0.441048 
0.045836 0.897553 0.326576 0.441048 
0.098230 0.878896 0.194233 0.287413 
-0.007857 0.868760 -0.221888 -0.374901 
-0.007857 0.868760 -0.221888 -0.374901 
-0.007857 0.868760 -0.221888 -0.374901 
0.273256 0.860649 -0.095243 -0.226091 
0.100177 0.850426 -0.004959 0.077256 
0.100177 0.850426 -0.004959 0.077256 
