0.100177 0.850426 -0.004959 0.077256 
0.100177 0.850426 -0.004959 0.077256 
-0.250187 0.805810 0.031370 0.195911 
-0.250187 0.805810 0.031370 0.195911 
-0.141189 0.794275 0.148155 0.224126 
0.098032 0.878872 0.194130 0.287293 
0.098032 0.878872 0.194130 0.287293 
0.100177 0.850426 -0.004959 0.077256 
0.100177 0.850426 -0.004959 0.077256 
-0.250160 0.805812 0.031358 0.195904 
-0.250160 0.805812 0.031358 0.195904 
0.086334 0.799283 -0.146561 -0.231899 
0.273258 0.860649 -0.095243 -0.226091 
0.273258 0.860649 -0.095243 -0.226091 
0.273258 0.860649 -0.095243 -0.226091 
0.674103 0.819245 0.251851 -0.296441 
-0.007857 0.868760 -0.221888 -0.374901 
-0.007857 0.868760 -0.221888 -0.374901 
-0.059516 0.808991 -0.075423 0.115799 
-0.141182 0.794274 0.148144 0.224110 
0.100177 0.850426 -0.004959 0.077256 
0.100177 0.850426 -0.004959 0.077256 
0.100177 0.850426 -0.004959 0.077256 
0.453317 0.022064 0.218896 0.331457 
0.135914 -0.209618 0.768589 0.193752 
0.135914 -0.209618 0.768589 0.193752 
0.082013 -0.081715 0.828991 0.075549 
0.051806 0.221321 0.852385 0.091715 
-0.082852 -0.025029 0.836674 -0.080730 
-0.082852 -0.025029 0.836674 -0.080730 
-0.029760 0.017014 0.820977 -0.129183 
0.081305 -0.082659 0.829090 0.075003 
-0.022946 -0.118306 0.817312 -0.050264 
-0.022946 -0.118306 0.817312 -0.050264 
0.096304 0.044111 0.830434 0.118170 
0.096304 0.044111 0.830434 0.118170 
0.096304 0.044111 0.830434 0.118170 
0.096304 0.044111 0.830434 0.118170 
0.096311 0.044103 0.830435 0.118165 
0.096304 0.044111 0.830434 0.118170 
0.081880 -0.081899 0.829011 0.075449 
0.081880 -0.081899 0.829011 0.075449 
0.082013 -0.081715 0.828991 0.075549 
0.082012 -0.081727 0.828990 0.075544 
-0.015881 -0.044612 0.815762 -0.152950 
-0.015881 -0.044612 0.815762 -0.152950 
-0.077603 -0.103582 0.840293 -0.089614 
0.099903 -0.129093 0.816743 0.059502 
0.099903 -0.129093 0.816743 0.059502 
0.240171 -0.043198 0.751881 0.471422 
0.045343 0.251358 -0.039440 0.653016 
0.045343 0.251358 -0.039440 0.653016 
0.100177 0.850426 -0.004959 0.077256 
0.045824 0.897573 0.326682 0.441169 
0.045343 0.251358 -0.039440 0.653016 
0.045343 0.251358 -0.039440 0.653016 
0.100177 0.850426 -0.004959 0.077256 
0.100177 0.850426 -0.004959 0.077256 
0.100177 0.850426 -0.004959 0.077256 
0.052398 0.797153 -0.113384 -0.178995 
0.189794 0.876702 -0.305061 -0.387208 
0.189794 0.876702 -0.305061 -0.387208 
