-0.019944 0.101171 0.760377 0.401762 
0.999999 0.999994 1.000000 0.999986 
0.768727 0.915772 -0.071432 -0.037354 
0.768727 0.915772 -0.071432 -0.037354 
0.768727 0.915772 -0.071432 -0.037354 
0.768727 0.915772 -0.071432 -0.037354 
0.768727 0.915772 -0.071432 -0.037354 
-0.200465 0.989806 -0.879936 0.478263 
0.915137 0.437885 0.089425 -0.166081 
0.915137 0.437885 0.089425 -0.166081 
0.915137 0.437885 0.089425 -0.166081 
0.954159 -0.031507 -0.019546 -0.003872 
0.802696 -0.132804 0.854704 0.145760 
0.802696 -0.132804 0.854704 0.145760 
0.972492 0.006671 -0.039276 0.010996 
0.972492 0.006671 -0.039276 0.010996 
0.972492 0.006671 -0.039276 0.010996 
0.726329 -0.168543 0.867271 0.126400 
0.960410 -0.029879 0.009170 -0.008744 
0.960410 -0.029879 0.009170 -0.008744 
0.960410 -0.029879 0.009170 -0.008744 
0.726329 -0.168543 0.867271 0.126400 
0.960410 -0.029879 0.009170 -0.008744 
0.726175 -0.179940 0.860309 0.135798 
0.726175 -0.179940 0.860309 0.135798 
0.005095 -0.103143 0.849884 0.094717 
0.777077 0.130427 0.161802 -0.117089 
0.777077 0.130427 0.161802 -0.117089 
0.481888 0.473635 0.128543 0.000066 
-0.041208 0.780284 0.712138 -0.825926 
-0.041208 0.780284 0.712135 -0.825926 
-0.041208 0.780284 0.712135 -0.825926 
0.296784 0.026730 -0.260528 -0.405700 
-0.465889 0.357893 0.894109 0.135059 
0.005127 -0.103196 0.849872 0.094781 
0.005127 -0.103196 0.849872 0.094781 
0.619012 -0.863672 0.270122 0.911756 
0.007701 -0.009105 0.900721 0.018194 
0.007701 -0.009105 0.900721 0.018194 
