0.980144 0.310820 0.454924 -0.104252 
0.977066 0.228958 0.447197 -0.094031 
0.977066 0.228958 0.447197 -0.094031 
0.980144 0.310820 0.454924 -0.104252 
0.977066 0.228958 0.447197 -0.094031 
0.986700 -0.215592 0.084125 0.032375 
0.987813 -0.255101 0.026689 0.048976 
0.987813 -0.255101 0.026689 0.048976 
0.987813 -0.255100 0.026689 0.048976 
0.983820 -0.005948 -0.003708 0.004854 
0.983820 -0.005948 -0.003708 0.004854 
0.983820 -0.005948 -0.003708 0.004854 
0.983819 -0.005886 -0.003709 0.004847 
0.989500 0.089591 0.343765 0.139572 
0.989500 0.089591 0.343765 0.139572 
0.991630 0.138924 0.498822 0.208349 
0.902143 0.030061 -0.006721 0.002440 
0.902143 0.030061 -0.006721 0.002440 
0.247107 -0.391255 0.611250 0.659944 
0.247107 -0.391255 0.611250 0.659944 
0.247107 -0.391255 0.611250 0.659944 
0.247107 -0.391255 0.611250 0.659944 
0.205446 -0.378090 0.594335 0.672962 
-0.122891 -0.042982 0.593449 0.679305 
0.885737 0.281112 0.587714 -0.483277 
0.885737 0.281112 0.587714 -0.483277 
0.886415 0.275937 0.588149 -0.482534 
0.894057 0.309117 0.847087 -0.671970 
0.894057 0.309118 0.847087 -0.671971 
0.894057 0.309114 0.847087 -0.671970 
0.894057 0.309114 0.847087 -0.671970 
