0.727348 0.995606 0.092699 0.308702 
0.727348 0.995606 0.092699 0.308702 
0.727348 0.995606 0.092699 0.308702 
0.828422 0.995929 0.073088 0.322091 
0.900368 0.997129 0.133485 0.479982 
0.900368 0.997129 0.133484 0.479981 
0.900368 0.997129 0.133484 0.479981 
0.790401 0.987012 0.017702 0.177054 
0.976836 0.604124 0.158831 0.159896 
0.976836 0.604124 0.158831 0.159896 
0.976836 0.604124 0.158831 0.159896 
0.976836 0.604124 0.158831 0.159896 
0.975369 0.510059 0.079206 -0.012834 
0.975369 0.510059 0.079206 -0.012834 
0.975369 0.510059 0.079206 -0.012834 
0.853265 0.931305 0.057361 0.101236 
0.853265 0.931305 0.057361 0.101236 
0.583623 0.885995 0.704338 -0.802286 
0.583623 0.885995 0.704338 -0.802286 
0.583623 0.885995 0.704338 -0.802286 
0.583623 0.885995 0.704338 -0.802286 
0.118407 0.212176 -0.198925 -0.958749 
0.557408 -0.396272 -0.231273 -0.959389 
0.557408 -0.396272 -0.231273 -0.959389 
-0.745162 -0.545457 0.556403 -0.644890 
-0.122484 -0.874920 -0.892162 -0.888759 
0.144269 -0.726806 -0.812357 -0.794956 
0.144269 -0.726806 -0.812357 -0.794956 
-0.526546 0.262334 -0.174810 -0.958142 
