0.626053 0.964396 0.232863 0.964579 
0.944363 0.971087 -0.801526 0.955878 
0.904771 0.988553 -0.618580 0.870562 
0.904771 0.988553 -0.618580 0.870562 
0.799633 0.998016 0.066123 0.567369 
0.891876 0.995160 0.212504 0.431555 
0.891876 0.995160 0.212504 0.431555 
0.967199 0.957906 0.384841 0.315527 
0.956689 0.833882 0.263066 -0.002481 
0.956689 0.833882 0.263066 -0.002481 
0.956689 0.833882 0.263066 -0.002481 
0.976836 0.604124 0.158831 0.159896 
0.976836 0.604124 0.158831 0.159896 
0.976836 0.604124 0.158831 0.159896 
0.976836 0.604124 0.158831 0.159896 
0.863869 0.923177 -0.197708 0.090652 
0.917884 0.929503 -0.107391 0.121587 
0.917884 0.929503 -0.107391 0.121587 
0.904172 0.721048 0.093586 0.084914 
0.583623 0.885995 0.704338 -0.802286 
0.583623 0.885995 0.704338 -0.802286 
0.520387 0.834351 0.546547 -0.772709 
0.520489 0.834445 0.546724 -0.772599 
0.524499 0.793257 0.136895 -0.894362 
0.524499 0.793257 0.136895 -0.894362 
-0.579312 -0.558768 -0.560576 -0.984963 
-0.712343 -0.908774 -0.848086 -0.995677 
-0.712343 -0.908774 -0.848086 -0.995677 
-0.834833 -0.963153 -0.982978 -0.987264 
-0.674619 0.024296 0.511562 -0.278092 
-0.465889 0.357893 0.894109 0.135059 
-0.465889 0.357893 0.894109 0.135059 
