0.766271 0.997645 0.119369 0.317297 
0.812490 0.996340 0.218259 0.316819 
0.812591 0.996336 0.218494 0.316818 
0.812591 0.996336 0.218494 0.316818 
0.890780 0.997417 0.275811 0.475450 
0.900368 0.997129 0.133485 0.479982 
0.896012 0.997051 0.128836 0.468639 
0.896012 0.997051 0.128836 0.468639 
0.869861 0.987961 -0.002043 0.191418 
0.912367 0.981036 -0.049774 0.130247 
0.985945 0.624509 0.030899 0.158277 
0.985945 0.624509 0.030899 0.158277 
0.952631 0.949166 -0.157701 0.286503 
0.985945 0.624509 0.030899 0.158277 
0.985945 0.624509 0.030899 0.158277 
0.976836 0.604124 0.158831 0.159896 
-0.231646 0.997244 0.651197 -0.795698 
-0.247497 0.997314 0.660322 -0.807298 
-0.247497 0.997314 0.660322 -0.807298 
0.146686 0.910944 0.716520 -0.808872 
0.147062 0.910829 0.716623 -0.808871 
0.147062 0.910829 0.716623 -0.808871 
-0.342178 -0.750659 -0.658472 -0.982356 
0.557408 -0.396272 -0.231273 -0.959389 
-0.789741 -0.763370 -0.779412 -0.994434 
-0.789741 -0.763370 -0.779412 -0.994434 
-0.712343 -0.908774 -0.848086 -0.995677 
-0.986917 -0.954051 -0.410063 -0.997474 
-0.986917 -0.954051 -0.410063 -0.997474 
