0.775660 0.998189 0.090969 0.451213 
0.775660 0.998189 0.090969 0.451213 
0.820163 0.997186 0.190626 0.450791 
0.820163 0.997186 0.190626 0.450791 
0.835547 0.996868 0.044473 0.455456 
0.837922 0.996902 0.152828 0.468457 
0.956689 0.833882 0.263066 -0.002481 
0.956689 0.833882 0.263066 -0.002481 
0.976836 0.604124 0.158831 0.159896 
0.976836 0.604124 0.158831 0.159896 
0.976836 0.604124 0.158831 0.159896 
0.958914 0.481259 0.098797 -0.027695 
0.918025 0.929370 -0.110116 0.121694 
0.918025 0.929370 -0.110116 0.121694 
0.918025 0.929370 -0.110116 0.121694 
0.904444 0.746363 0.218222 0.040488 
0.666583 0.930566 0.637513 -0.796730 
0.692803 0.917829 0.660853 -0.796808 
0.692803 0.917829 0.660853 -0.796808 
0.795492 0.513298 0.521851 -0.776215 
0.910790 0.337816 -0.065094 0.063111 
-0.160645 0.875126 0.835210 0.317053 
-0.160645 0.875126 0.835210 0.317053 
-0.128619 -0.799139 -0.034747 0.817335 
-0.831349 -0.905381 0.011982 -0.883731 
-0.831349 -0.905381 0.011982 -0.883731 
-0.669489 0.429616 -0.009911 -0.964406 
