0.538765 0.820132 -0.145654 0.944620 
0.631596 0.954165 -0.010368 0.970940 
0.633160 0.961901 0.206895 0.966196 
0.633160 0.961901 0.206895 0.966196 
0.637877 0.962305 0.309015 0.967278 
0.635875 0.997459 0.138783 0.303863 
0.703209 0.996060 0.236449 0.303383 
0.703209 0.996060 0.236449 0.303383 
0.727348 0.995606 0.092700 0.308702 
0.727348 0.995606 0.092699 0.308702 
0.681853 0.989024 0.005862 0.108381 
0.681853 0.989024 0.005862 0.108381 
0.921590 0.945242 -0.138387 0.272798 
0.976471 0.600657 0.050613 0.143748 
0.976471 0.600657 0.050613 0.143748 
0.976471 0.600657 0.050613 0.143748 
0.976471 0.600657 0.050613 0.143748 
0.553930 0.978791 -0.185438 0.200503 
0.553930 0.978791 -0.185438 0.200503 
0.452137 0.974694 -0.280291 0.187155 
0.488461 0.909490 0.416868 -0.779536 
0.488461 0.909490 0.416868 -0.779536 
0.902718 0.718425 -0.015669 0.068482 
0.665131 0.916738 0.488189 -0.766913 
0.166530 -0.760096 0.489422 -0.606840 
0.166530 -0.760096 0.489422 -0.606840 
-0.955928 -0.958531 -0.781323 -0.985621 
-0.961070 -0.978289 -0.725110 -0.990813 
-0.961070 -0.978289 -0.725110 -0.990813 
