0.921590 0.945242 -0.138387 0.272798 
0.921590 0.945242 -0.138387 0.272798 
0.921590 0.945242 -0.138387 0.272798 
0.921590 0.945242 -0.138387 0.272798 
0.976471 0.600657 0.050613 0.143748 
0.772590 0.978285 0.002886 0.352172 
0.721408 0.985634 -0.092989 0.352611 
0.721408 0.985634 -0.092989 0.352611 
0.311635 0.899530 0.479369 -0.779361 
0.217212 0.804858 -0.465567 -0.910456 
-0.139268 0.176193 -0.179046 -0.959850 
-0.139268 0.176193 -0.179046 -0.959850 
-0.644524 -0.873500 -0.833749 -0.993464 
-0.276738 -0.252571 -0.081288 -0.967205 
-0.745162 -0.545457 0.556403 -0.644890 
-0.745162 -0.545457 0.556403 -0.644890 
0.538800 0.064346 -0.309036 -0.180368 
-0.752601 -0.924938 -0.985477 -0.986906 
-0.752601 -0.924938 -0.985477 -0.986906 
-0.619671 -0.705870 -0.726628 -0.987180 
-0.465889 0.357893 0.894109 0.135059 
