0.900368 0.997129 0.133485 0.479982 
0.900368 0.997129 0.133485 0.479982 
0.900368 0.997129 0.133485 0.479982 
0.900368 0.997129 0.133485 0.479982 
0.837920 0.996902 0.152827 0.468458 
0.933947 0.890479 0.204708 0.043778 
0.933947 0.890479 0.204708 0.043778 
0.933947 0.890479 0.204708 0.043778 
0.962241 0.656301 0.017617 0.033436 
0.972492 0.006671 -0.039276 0.010996 
0.972492 0.006671 -0.039276 0.010996 
0.960410 -0.029879 0.009170 -0.008744 
0.881372 0.385970 0.501364 -0.803065 
0.881372 0.385970 0.501364 -0.803065 
0.881372 0.385970 0.501364 -0.803065 
0.635185 0.802339 0.562007 -0.787933 
0.796458 0.579392 0.663589 -0.804974 
0.796458 0.579392 0.663589 -0.804974 
0.796458 0.579392 0.663589 -0.804974 
-0.254934 0.506556 0.458630 -0.922522 
-0.254934 0.506556 0.458630 -0.922522 
-0.254934 0.506556 0.458630 -0.922522 
-0.041208 0.780284 0.712138 -0.825926 
0.481888 0.473635 0.128543 0.000066 
