0.837920 0.996902 0.152827 0.468458 
0.837920 0.996902 0.152827 0.468458 
0.837920 0.996902 0.152827 0.468458 
0.837920 0.996902 0.152827 0.468458 
0.884778 0.848070 0.145533 -0.144166 
0.976836 0.604124 0.158831 0.159896 
0.976836 0.604124 0.158831 0.159896 
0.976836 0.604124 0.158831 0.159896 
0.976836 0.604124 0.158831 0.159896 
0.918025 0.929370 -0.110116 0.121694 
0.918025 0.929370 -0.110116 0.121694 
0.964528 0.482510 0.127147 -0.032564 
0.959397 0.571553 0.070734 -0.032267 
0.959397 0.571553 0.070734 -0.032267 
0.792042 0.593475 0.658011 -0.804956 
0.796458 0.579392 0.663589 -0.804974 
0.795503 0.513256 0.521870 -0.776215 
0.795503 0.513256 0.521870 -0.776215 
0.795503 0.513256 0.521870 -0.776215 
0.630540 0.283292 0.188727 -0.046189 
0.630540 0.283292 0.188727 -0.046189 
-0.311495 -0.501171 -0.335180 -0.972011 
-0.803637 -0.860937 -0.864542 -0.995259 
0.144269 -0.726806 -0.812357 -0.794956 
0.144269 -0.726806 -0.812357 -0.794956 
-0.465889 0.357893 0.894109 0.135059 
