0.741613 0.986831 -0.045974 0.288009 
0.744700 0.986624 -0.065353 0.288724 
0.794668 0.979279 0.036041 0.288247 
0.794668 0.979279 0.036041 0.288247 
0.915137 0.437885 0.089425 -0.166081 
0.688987 -0.170126 0.859973 0.131192 
0.688987 -0.170126 0.859973 0.131192 
0.688987 -0.170126 0.859973 0.131192 
0.694728 -0.168669 0.856274 0.129764 
0.954159 -0.031507 -0.019546 -0.003872 
0.954159 -0.031507 -0.019546 -0.003872 
0.954159 -0.031507 -0.019546 -0.003872 
0.954159 -0.031507 -0.019546 -0.003872 
0.970050 -0.249618 0.042185 -0.050117 
0.982086 -0.213483 0.022459 -0.035276 
0.982086 -0.213483 0.022459 -0.035276 
0.982086 -0.213483 0.022459 -0.035276 
0.982086 -0.213483 0.022459 -0.035276 
0.982086 -0.213483 0.022459 -0.035276 
0.982086 -0.213483 0.022459 -0.035276 
0.960410 -0.029879 0.009170 -0.008744 
0.960389 -0.029408 0.009088 -0.008686 
0.946887 0.628543 0.068833 0.011511 
0.946887 0.628543 0.068833 0.011511 
0.929612 0.129466 0.036934 0.062581 
0.865602 0.519105 -0.126268 0.109047 
0.381708 0.626829 0.027114 0.000598 
0.381708 0.626829 0.027114 0.000598 
-0.928469 0.033060 0.790818 -0.953088 
-0.654522 -0.810365 0.398766 -0.712986 
0.242170 -0.756428 -0.711695 -0.773530 
0.242170 -0.756428 -0.711695 -0.773530 
0.777077 0.130427 0.161802 -0.117089 
0.777077 0.130427 0.161802 -0.117089 
0.777077 0.130427 0.161802 -0.117089 
0.777077 0.130427 0.161802 -0.117089 
0.777077 0.130427 0.161802 -0.117089 
0.777077 0.130427 0.161802 -0.117089 
