0.794668 0.979279 0.036041 0.288247 
0.794668 0.979279 0.036041 0.288247 
0.794668 0.979279 0.036041 0.288247 
0.794668 0.979279 0.036041 0.288247 
0.794668 0.979279 0.036041 0.288247 
0.935397 0.830182 0.222223 0.160129 
0.915139 0.437938 0.089437 -0.166051 
0.915139 0.437938 0.089437 -0.166051 
0.954159 -0.031507 -0.019546 -0.003872 
0.954159 -0.031507 -0.019546 -0.003872 
0.954159 -0.031507 -0.019546 -0.003872 
0.954159 -0.031507 -0.019546 -0.003872 
0.954159 -0.031507 -0.019546 -0.003872 
0.954159 -0.031507 -0.019546 -0.003872 
0.954159 -0.031507 -0.019546 -0.003872 
0.954159 -0.031507 -0.019546 -0.003872 
0.970050 -0.249618 0.042185 -0.050117 
0.970050 -0.249618 0.042185 -0.050117 
0.958914 0.481259 0.098797 -0.027696 
0.958914 0.481259 0.098797 -0.027696 
0.974162 -0.248090 0.070810 -0.054976 
0.884944 0.184285 0.270118 -0.029004 
0.928332 0.229603 0.262335 -0.037172 
0.928332 0.229603 0.262335 -0.037172 
0.929612 0.129466 0.036934 0.062581 
0.005095 -0.103143 0.849884 0.094717 
0.005095 -0.103143 0.849884 0.094717 
0.005095 -0.103143 0.849884 0.094717 
0.005095 -0.103143 0.849884 0.094717 
0.481888 0.473635 0.128543 0.000066 
0.481888 0.473635 0.128543 0.000066 
0.776042 0.036751 -0.056994 -0.040800 
0.777077 0.130427 0.161802 -0.117089 
0.777077 0.130427 0.161802 -0.117089 
0.777077 0.130427 0.161802 -0.117089 
0.777077 0.130427 0.161802 -0.117089 
