0.980422 -0.155580 -0.347109 -0.266127 -1592.899821 5277.000158 4790.650157 
0.983364 -0.178526 -0.401841 -0.337708 -1739.399821 5186.850157 4759.550157 
0.983916 -0.031249 0.327287 -0.467376 -1871.249827 5097.200155 4727.750158 
0.983916 -0.031249 0.327287 -0.467376 -2003.099833 5007.550153 4695.950159 
0.994789 -0.121333 0.050376 0.016033 -2003.099833 5007.550153 4695.950159 
0.946379 -0.031436 -0.074321 -0.019958 -1941.049834 5021.850154 4691.700159 
0.961045 -0.122271 0.044835 -0.052011 -1855.899832 5033.000153 4684.500159 
0.961045 -0.122271 0.044835 -0.052011 -1770.749831 5044.150153 4677.300159 
0.994912 -0.035261 -0.035234 0.043426 -1770.749831 5044.150153 4677.300159 
0.932431 -0.120550 -0.095822 -0.127682 -1719.849829 5048.500153 4681.450159 
0.883609 0.069306 -0.032459 -0.046117 -1657.249831 5059.000153 4685.500159 
0.883609 0.069306 -0.032459 -0.046117 -1594.649832 5069.500153 4689.550159 
0.977249 0.017891 0.012397 -0.039801 -1594.649832 5069.500153 4689.550159 
0.950498 -0.246422 -0.178144 0.215571 -1553.999831 5079.350153 4683.850160 
0.950498 -0.246422 -0.178144 0.215571 -1513.349829 5089.200154 4678.150160 
0.810740 -0.037273 -0.004950 0.093510 -1513.349829 5089.200154 4678.150160 
0.866737 -0.133709 -0.069957 0.002742 -1457.499831 5085.550153 4677.550160 
0.866737 -0.133709 -0.069957 0.002742 -1401.649832 5081.900153 4676.950160 
0.072264 -0.059881 -0.230012 0.844216 -1401.649832 5081.900153 4676.950160 
0.929925 0.050815 0.018850 0.013867 -2723.899832 5107.050153 4723.050158 
0.929925 0.050815 0.018850 0.013867 -4046.149832 5132.200153 4769.150157 
-0.130080 0.190443 0.045762 0.773446 -4046.149832 5132.200153 4769.150157 
0.867518 -0.268233 0.232972 0.630834 -3979.649832 5112.400153 4791.700156 
0.889781 -0.349483 0.502287 0.593360 -3887.899832 5088.700153 4816.050156 
0.889781 -0.349483 0.502287 0.593360 -3796.149832 5065.000152 4840.400157 
0.114804 0.063893 -0.076885 0.660641 -3796.149832 5065.000152 4840.400157 
0.925206 0.269473 -0.023845 -0.347516 -3772.149832 5065.650152 4851.000157 
0.229683 0.747993 -0.309383 0.044411 -3771.399832 5060.350152 4872.000157 
0.229683 0.747993 -0.309383 0.044411 -3770.649832 5055.050151 4893.000157 
