0.794668 0.979279 0.036041 0.288247 
0.794668 0.979279 0.036041 0.288247 
0.756041 0.945432 -0.057299 0.070986 
0.756041 0.945432 -0.057299 0.070986 
0.688984 -0.170117 0.859973 0.131193 
0.688987 -0.170126 0.859973 0.131192 
0.688987 -0.170126 0.859973 0.131192 
0.688987 -0.170126 0.859973 0.131192 
0.976471 0.600657 0.050613 0.143748 
0.976471 0.600657 0.050613 0.143748 
0.976471 0.600657 0.050613 0.143748 
0.976471 0.600657 0.050613 0.143748 
0.976471 0.600657 0.050613 0.143748 
0.661733 0.963579 -0.230130 0.205622 
0.661733 0.963579 -0.230130 0.205622 
0.661733 0.963579 -0.230130 0.205622 
0.887855 0.717741 -0.044460 0.073330 
0.576641 0.862531 0.497538 -0.779745 
0.576641 0.862531 0.497538 -0.779745 
0.353164 -0.427969 -0.212499 -0.960555 
0.353164 -0.427969 -0.212499 -0.960555 
0.353164 -0.427969 -0.212499 -0.960555 
0.538800 0.064346 -0.309036 -0.180368 
0.688112 -0.489062 -0.681615 -0.432410 
0.688112 -0.489062 -0.681615 -0.432410 
-0.927385 -0.936285 -0.520127 -0.969263 
