0.824970 0.988851 0.062873 0.297055 
0.825018 0.988846 0.062670 0.297329 
0.824953 0.988853 0.062944 0.296959 
0.824953 0.988853 0.062944 0.296959 
0.674491 0.944907 -0.199686 -0.031956 
0.915137 0.437885 0.089425 -0.166081 
0.915137 0.437885 0.089425 -0.166081 
0.915137 0.437885 0.089425 -0.166081 
0.680116 0.978256 -0.028582 -0.020551 
0.937303 0.634020 0.037344 0.018582 
0.937303 0.634020 0.037344 0.018582 
0.937303 0.634020 0.037344 0.018582 
0.976471 0.600657 0.050613 0.143748 
0.976836 0.604124 0.158831 0.159896 
0.976836 0.604124 0.158831 0.159896 
0.976836 0.604124 0.158831 0.159896 
0.976836 0.604124 0.158831 0.159896 
0.958914 0.481259 0.098797 -0.027695 
0.865864 0.923977 -0.090569 0.107020 
0.865864 0.923977 -0.090569 0.107020 
0.941024 0.452826 0.146595 -0.047392 
0.844660 0.746960 0.322021 -0.006555 
0.904646 0.763365 0.304211 0.008313 
0.904646 0.763365 0.304211 0.008313 
0.728416 0.873288 0.562044 -0.767132 
0.929612 0.129466 0.036934 0.062581 
0.929612 0.129466 0.036934 0.062581 
0.929612 0.129466 0.036934 0.062581 
-0.874630 -0.598719 0.746117 -0.963435 
-0.985443 -0.958682 -0.353854 -0.998595 
-0.989179 -0.940513 -0.530376 -0.999043 
-0.989179 -0.940513 -0.530376 -0.999043 
