0.602122 0.966222 0.428310 0.956377 
-0.018870 0.996883 0.892183 0.433955 
-0.018870 0.996883 0.892183 0.433955 
0.766269 0.997645 0.119365 0.317297 
0.828422 0.995929 0.073088 0.322091 
0.828422 0.995929 0.073088 0.322091 
0.828422 0.995929 0.073088 0.322091 
0.828422 0.995929 0.073088 0.322091 
0.828415 0.995928 0.073102 0.322081 
0.911957 0.961722 0.275588 0.181929 
0.911957 0.961722 0.275588 0.181929 
0.884779 0.848070 0.145533 -0.144165 
0.915137 0.437886 0.089425 -0.166080 
0.948665 0.468229 0.069803 -0.151588 
0.948665 0.468229 0.069803 -0.151588 
0.972492 0.006671 -0.039276 0.010996 
0.972492 0.006671 -0.039276 0.010996 
0.972492 0.006671 -0.039276 0.010996 
0.972492 0.006671 -0.039276 0.010996 
0.972492 0.006671 -0.039276 0.010996 
0.972492 0.006671 -0.039276 0.010996 
0.960410 -0.029879 0.009170 -0.008744 
0.960410 -0.029879 0.009170 -0.008744 
0.960398 -0.029765 0.009311 -0.009030 
0.960398 -0.029765 0.009311 -0.009030 
0.881372 0.385970 0.501364 -0.803065 
0.960410 -0.029879 0.009170 -0.008744 
0.960410 -0.029879 0.009170 -0.008744 
0.777077 0.130427 0.161802 -0.117089 
0.777077 0.130427 0.161802 -0.117089 
0.777077 0.130427 0.161802 -0.117089 
0.777077 0.130427 0.161802 -0.117089 
0.777077 0.130427 0.161802 -0.117089 
0.777077 0.130427 0.161802 -0.117089 
0.776692 0.095692 0.080949 -0.088766 
0.776692 0.095692 0.080949 -0.088766 
0.777077 0.130427 0.161802 -0.117089 
0.777077 0.130427 0.161802 -0.117089 
0.777077 0.130427 0.161802 -0.117089 
