0.663864 0.997176 -0.009167 0.309184 
0.727348 0.995606 0.092699 0.308702 
0.727348 0.995606 0.092699 0.308702 
0.727348 0.995606 0.092699 0.308702 
0.727348 0.995606 0.092699 0.308702 
0.911953 0.961722 0.275590 0.181928 
0.911953 0.961722 0.275590 0.181928 
0.954159 -0.031507 -0.019546 -0.003872 
0.954159 -0.031507 -0.019546 -0.003872 
0.937303 0.634020 0.037344 0.018582 
0.937303 0.634020 0.037344 0.018582 
0.958914 0.481259 0.098797 -0.027695 
0.975369 0.510059 0.079206 -0.012834 
0.975369 0.510059 0.079206 -0.012834 
0.975369 0.510059 0.079206 -0.012834 
0.982086 -0.213483 0.022459 -0.035276 
0.964528 0.482510 0.127147 -0.032564 
0.904646 0.763365 0.304211 0.008313 
0.904646 0.763365 0.304211 0.008313 
0.796458 0.579392 0.663589 -0.804974 
0.729637 0.893934 0.694248 -0.796925 
0.729637 0.893934 0.694248 -0.796925 
0.929612 0.129466 0.036934 0.062581 
0.630540 0.283292 0.188727 -0.046189 
0.481888 0.473635 0.128543 0.000066 
0.481888 0.473635 0.128543 0.000066 
0.005095 -0.103143 0.849884 0.094717 
0.776042 0.036751 -0.056994 -0.040800 
0.776058 0.038184 -0.053657 -0.041965 
0.776058 0.038184 -0.053657 -0.041965 
