0.722147 0.987974 0.082586 0.283343 
0.795084 0.988566 0.069524 0.292415 
0.722147 0.987974 0.082586 0.283343 
0.722147 0.987974 0.082586 0.283343 
0.674455 0.944915 -0.199492 -0.031964 
0.915137 0.437885 0.089425 -0.166081 
0.954154 -0.031406 -0.019524 -0.003905 
0.954154 -0.031406 -0.019524 -0.003905 
0.958914 0.481259 0.098797 -0.027695 
0.976471 0.600657 0.050613 0.143748 
0.976471 0.600657 0.050613 0.143748 
0.976471 0.600657 0.050613 0.143748 
0.791410 0.975896 -0.144942 0.357306 
0.795769 0.974195 -0.171546 0.377875 
0.935771 0.792362 0.016677 0.256581 
0.935771 0.792362 0.016677 0.256581 
0.545716 0.980192 -0.158959 0.177569 
0.311634 0.899531 0.479369 -0.779361 
0.137171 0.892140 0.513994 -0.786955 
0.137171 0.892140 0.513994 -0.786955 
-0.493281 -0.754374 -0.856453 -0.993279 
-0.234291 -0.937826 -0.881758 -0.994786 
-0.234291 -0.937826 -0.881758 -0.994786 
-0.783752 -0.874350 -0.846935 -0.997362 
-0.986752 -0.947665 -0.334030 -0.998930 
-0.986752 -0.947665 -0.334030 -0.998930 
-0.985062 -0.967357 -0.290478 -0.998990 
