1.230769 0.960000 0.846154 6812 7560 10397
1.192308 1.040000 0.769231 6686 8148 11328
1.192308 1.120000 0.807692 6529 8677 12108
1.192308 1.120000 0.807692 6529 8677 12108
1.000000 1.360000 1.115385 6243 9416 12866
1.038462 1.520000 1.230769 5694 9958 14707
1.038462 1.640000 1.269231 5491 9626 15627
1.038462 1.640000 1.269231 5491 9626 15627
0.307692 1.720000 1.115385 5384 9353 10006
-0.038462 1.680000 1.038462 5755 7474 10445
-0.269231 1.640000 1.000000 6163 6874 10465
-0.269231 1.640000 1.000000 6163 6874 10465
-1.000000 1.480000 0.923077 6548 6431 10465
-1.269231 1.360000 0.692308 6907 6322 10375
-1.653846 1.160000 0.538462 7058 6801 10304
-1.653846 1.160000 0.538462 7058 6801 10304
-2.576923 0.560000 0.615385 7350 7180 10195
-2.846154 0.320000 0.653846 8137 6995 14853
-3.038461 0.120000 0.615385 8091 6945 13828
-3.038461 0.120000 0.615385 8091 6945 13828
-3.269231 -0.120000 0.461538 8088 6975 12594
-3.192308 -0.120000 0.500000 8536 6859 8964
-3.038461 -0.120000 0.500000 8630 6954 7885
-3.038461 -0.120000 0.500000 8630 6954 7885
-2.692308 0.000000 0.500000 8632 7111 6869
-2.538461 0.120000 0.538462 8948 7468 3790
-2.307692 0.280000 0.576923 9090 7530 2735
-2.307692 0.280000 0.576923 9090 7530 2735
-1.807692 0.720000 0.653846 9176 7704 1893
-1.576923 0.840000 0.653846 9548 7847 6320
-1.576923 0.840000 0.653846 9548 7847 6320
-1.192308 1.280000 0.807692 9657 7868 6202
-0.961538 1.440000 0.846154 9929 7914 5871
-0.769231 1.560000 0.884615 9948 7930 5816
-0.769231 1.560000 0.884615 9948 7930 5816
-0.038462 2.080000 1.038462 9914 7935 5785
0.230769 2.240000 1.153846 9616 7913 5959
0.500000 2.320000 1.230769 9481 7928 6110
0.500000 2.320000 1.230769 9481 7928 6110
1.038462 2.280000 1.538462 9228 8032 6295
1.230769 2.240000 1.615385 8253 7890 2038
1.346154 2.160000 1.653846 7901 7957 2960
1.346154 2.160000 1.653846 7901 7957 2960
1.653846 2.000000 1.500000 7498 8008 3908
1.769231 1.960000 1.423077 6701 7417 6878
1.846154 1.880000 1.269231 6570 7184 8127
1.846154 1.880000 1.269231 6570 7184 8127
1.615385 1.760000 0.961538 6409 7187 9571
1.384615 1.760000 0.961538 6592 7221 13660
1.153846 1.760000 0.923077 6774 7104 14811
1.153846 1.760000 0.923077 6774 7104 14811
0.576923 1.960000 1.038462 6917 6940 9837
0.538462 2.080000 1.000000 7691 5932 10358
0.538462 2.080000 1.000000 7691 5932 10358
-0.076923 2.120000 0.653846 7811 6020 10563
-0.384615 2.120000 0.653846 8097 6746 11001
-0.384615 2.120000 0.653846 8097 6746 11001
