0.884615 0.880000 0.769231 6976 7683 10556
0.884615 0.920000 0.846154 7064 7727 11058
0.884615 0.920000 0.846154 7064 7727 11058
0.846154 1.120000 1.076923 7238 7722 11562
0.884615 1.160000 1.115385 7614 7527 13191
0.884615 1.160000 1.115385 7614 7527 13191
0.846154 1.440000 1.192308 7590 7593 13923
0.692308 1.520000 1.115385 6988 7882 10028
0.500000 1.560000 1.000000 6888 8043 10206
0.500000 1.560000 1.000000 6888 8043 10206
-0.192308 1.680000 0.884615 6894 8217 10366
-0.461538 1.640000 0.923077 7396 7901 10603
-0.730769 1.600000 0.923077 7564 7547 10597
-0.730769 1.600000 0.923077 7564 7547 10597
-1.384615 1.400000 0.692308 7736 7219 10575
-1.692308 1.240000 0.692308 8391 7547 10455
-1.961538 1.000000 0.769231 8586 7777 10337
-1.961538 1.000000 0.769231 8586 7777 10337
-2.730769 0.400000 1.000000 8660 7955 10172
-2.961539 0.200000 0.961538 8051 8554 14229
-3.115385 -0.040000 0.961538 7815 8674 12809
-3.115385 -0.040000 0.961538 7815 8674 12809
-3.153846 -0.040000 0.769231 7659 8635 11278
-3.000000 0.000000 0.730769 7553 8578 7004
-2.884615 0.040000 0.692308 7728 8489 5841
-2.884615 0.040000 0.692308 7728 8489 5841
-2.384615 0.360000 0.653846 7900 8457 4724
-2.269231 0.440000 0.692308 8299 8241 2220
-2.115385 0.520000 0.692308 8622 8163 1529
-2.115385 0.520000 0.692308 8622 8163 1529
-1.769231 0.840000 0.730769 8695 8097 719
-1.615385 1.000000 0.807692 9164 7445 6102
-1.461538 1.160000 0.807692 9179 7236 5970
-1.461538 1.160000 0.807692 9179 7236 5970
-0.923077 1.640000 0.769231 9181 7126 5856
-0.692308 1.760000 0.692308 9107 7067 5698
-0.500000 1.800000 0.730769 9110 7258 5723
-0.500000 1.800000 0.730769 9110 7258 5723
-0.153846 1.960000 0.846154 9034 7443 5763
0.000000 2.120000 0.923077 8737 7497 5869
0.269231 2.240000 0.961538 8709 7245 5952
0.269231 2.240000 0.961538 8709 7245 5952
1.000000 2.280000 1.076923 8883 7094 6111
1.115385 2.200000 1.230769 8698 7705 1668
1.230769 2.080000 1.307692 8536 7760 2706
1.230769 2.080000 1.307692 8536 7760 2706
1.538462 2.040000 1.461538 8293 7799 3653
1.653846 2.000000 1.423077 6717 8476 6580
1.730769 1.960000 1.307692 6206 8806 7718
1.730769 1.960000 1.307692 6206 8806 7718
1.615385 1.920000 1.000000 5947 9045 8982
1.500000 1.880000 0.923077 6310 8549 12870
1.307692 1.920000 0.923077 6717 8195 14201
1.307692 1.920000 0.923077 6717 8195 14201
0.615385 2.120000 1.115385 7129 7814 15508
0.461538 2.200000 1.153846 7971 6969 10479
0.307692 2.280000 1.115385 7919 6907 10690
0.307692 2.280000 1.115385 7919 6907 10690
-0.269231 2.600000 0.923077 7640 6725 10877
-0.384615 2.600000 0.961538 7305 7926 11435
-0.500000 2.240000 1.038462 7204 8228 11604
