1.230769 1.120000 0.884615 6455 7871 10029
1.192308 1.160000 0.807692 6428 7936 10803
1.192308 1.160000 0.769231 6626 7869 11545
1.192308 1.160000 0.769231 6626 7869 11545
1.230769 1.440000 1.115385 6889 7723 12350
1.192308 1.560000 1.346154 7101 7660 15335
1.192308 1.560000 1.346154 7101 7660 15335
0.307692 1.680000 1.230769 6721 7785 9987
0.076923 1.640000 1.153846 5863 7764 10382
-0.038462 1.600000 1.038462 6075 7126 10408
-0.038462 1.600000 1.038462 6075 7126 10408
-0.384615 1.760000 0.846154 6502 6391 10443
-0.615385 1.680000 0.884615 7697 5882 10622
-0.884615 1.640000 0.884615 7965 5972 10609
-0.884615 1.640000 0.884615 7965 5972 10609
-1.500000 1.280000 0.846154 8173 6139 10557
-1.692308 1.200000 0.846154 8289 7262 10275
-1.692308 1.200000 0.846154 8289 7262 10275
-2.500000 0.680000 0.846154 8291 7886 10142
-2.730769 0.480000 0.846154 8117 9091 14692
-2.923077 0.360000 0.846154 8038 9256 13444
-2.923077 0.360000 0.846154 8038 9256 13444
-2.961539 0.160000 0.923077 8065 9137 12060
-2.846154 0.160000 0.884615 8236 8198 8234
-2.692308 0.120000 0.769231 8235 8001 7063
-2.692308 0.120000 0.769231 8235 8001 7063
-2.230769 0.360000 0.692308 8299 7823 5927
-2.038461 0.480000 0.653846 8592 7541 2915
-1.846154 0.640000 0.692308 8639 7691 2141
-1.846154 0.640000 0.692308 8639 7691 2141
-1.346154 0.880000 0.807692 8759 7749 1506
-1.307692 0.920000 0.807692 9012 7987 6424
-1.230769 1.040000 0.884615 9141 7934 6303
-1.230769 1.040000 0.884615 9141 7934 6303
-1.153846 1.360000 0.961538 9277 7795 6188
-1.000000 1.560000 0.884615 9419 7149 5810
-0.807692 1.760000 0.846154 9472 7027 5734
-0.807692 1.760000 0.846154 9472 7027 5734
-0.076923 2.000000 0.884615 9565 7002 5720
0.076923 1.960000 1.000000 9197 7982 5940
0.192308 1.960000 1.115385 8931 8291 6044
0.192308 1.960000 1.115385 8931 8291 6044
0.423077 2.040000 1.192308 8652 8439 6143
0.576923 2.080000 1.153846 8292 7830 6410
0.807692 2.080000 1.153846 8221 7539 665
0.807692 2.080000 1.153846 8221 7539 665
1.461538 2.000000 1.153846 8109 7446 1492
1.615385 1.920000 1.192308 7345 7916 4748
1.615385 1.920000 1.192308 7345 7916 4748
1.653846 1.680000 1.153846 7191 8130 6082
1.653846 1.640000 1.076923 6697 8283 9682
1.653846 1.640000 1.076923 6697 8283 9682
1.423077 1.800000 1.076923 6577 8350 10869
1.346154 1.920000 1.115385 6412 8333 14586
1.269231 2.040000 1.115385 6380 8193 9871
1.269231 2.040000 1.115385 6380 8193 9871
0.500000 2.360000 1.115385 6297 8213 10173
0.192308 2.400000 1.115385 6605 7390 10847
0.192308 2.400000 1.115385 6605 7390 10847
-0.384615 2.520000 1.153846 6670 7010 10949
-0.423077 2.600000 1.153846 7677 5476 11055
-0.423077 2.600000 1.153846 7677 5476 11055
