0.000000 0.000000 0.000000 0 0 0
0.615385 0.160000 1.230769 0 0 0
0.692308 0.200000 1.115385 16383 16383 16383
0.692308 0.240000 1.000000 16383 16383 16383
0.692308 0.240000 1.000000 16383 16383 16383
0.692308 0.240000 0.769231 16383 16383 16383
0.692308 0.240000 0.769231 16383 16383 16383
0.500000 0.280000 0.230769 69 75 9899
0.423077 0.320000 0.115385 6241 8064 12733
0.423077 0.320000 0.115385 6241 8064 12733
0.307692 0.400000 -0.153846 6386 8217 13083
0.269231 0.400000 -0.230769 7134 8504 12758
0.192308 0.480000 -0.307692 7484 8517 12270
0.192308 0.480000 -0.307692 7484 8517 12270
-0.115385 0.640000 -0.423077 7918 8492 13365
-0.307692 0.640000 -0.384615 9296 8582 14198
-0.500000 0.640000 -0.307692 9763 8523 14385
-0.500000 0.640000 -0.307692 9763 8523 14385
-1.038462 0.560000 -0.153846 10250 8393 14542
-1.192308 0.480000 -0.153846 11435 7880 14302
-1.192308 0.480000 -0.153846 11435 7880 14302
-1.807692 0.320000 -0.076923 11821 7783 14048
-1.923077 0.320000 0.076923 13199 7447 12531
-2.038461 0.320000 0.307692 13581 7418 11918
-2.038461 0.320000 0.307692 13581 7418 11918
-2.346154 0.240000 0.961538 13870 7314 11206
-2.346154 0.320000 1.038462 13991 6599 8554
-2.346154 0.400000 1.115385 13940 6497 7562
-2.346154 0.400000 1.115385 13940 6497 7562
-2.192308 0.760000 1.461538 13918 6413 6764
-2.115385 0.920000 1.615385 13502 6558 4410
-2.115385 0.920000 1.615385 13502 6558 4410
-1.692308 1.400000 2.192308 13372 6481 3730
-1.538462 1.520000 2.346154 12304 5819 2174
-1.384615 1.640000 2.500000 11882 5463 1836
-1.384615 1.640000 2.500000 11882 5463 1836
-0.730769 2.120000 2.730769 11426 5066 1544
-0.500000 2.240000 2.730769 9521 4389 1188
-0.269231 2.360000 2.769231 8670 4390 1377
-0.269231 2.360000 2.769231 8670 4390 1377
0.346154 2.480000 2.461539 7863 4439 1682
0.500000 2.400000 2.269231 5516 4328 3259
0.538462 2.320000 2.038461 4872 4255 3961
0.538462 2.320000 2.038461 4872 4255 3961
0.615385 2.000000 1.423077 4402 4188 4560
0.615385 1.920000 1.153846 3401 4128 6268
0.653846 1.840000 1.000000 3307 4143 6804
0.653846 1.840000 1.000000 3307 4143 6804
0.923077 1.640000 0.653846 3253 4147 7302
1.000000 1.560000 0.538462 3113 4570 9117
1.076923 1.520000 0.423077 3078 4814 9836
1.076923 1.520000 0.423077 3078 4814 9836
1.038462 1.200000 0.000000 3008 5194 10606
0.923077 1.080000 -0.192308 3094 6286 12797
0.769231 0.960000 -0.346154 3343 6562 13386
0.769231 0.960000 -0.346154 3343 6562 13386
