0.807692 0.120000 1.192308 6499 8082 8512
0.730769 0.120000 1.115385 6404 8175 8690
0.769231 0.160000 1.076923 6303 8005 8937
0.769231 0.160000 1.076923 6303 8005 8937
0.884615 0.360000 1.115385 6221 7931 9201
0.923077 0.320000 1.076923 5980 7782 9930
1.000000 0.280000 1.038462 5823 7719 10315
1.000000 0.280000 1.038462 5823 7719 10315
1.000000 0.400000 0.730769 5664 7742 10693
0.846154 0.400000 0.653846 5139 8264 12047
0.730769 0.360000 0.423077 5134 7950 12450
0.730769 0.360000 0.423077 5134 7950 12450
0.461538 0.280000 0.000000 5402 8012 12715
0.384615 0.280000 -0.115385 6566 7784 13476
0.384615 0.280000 -0.115385 6566 7784 13476
0.076923 0.280000 -0.307692 7002 7809 13740
-0.038462 0.280000 -0.346154 8304 7883 14211
-0.192308 0.320000 -0.346154 8741 7823 14260
-0.192308 0.320000 -0.346154 8741 7823 14260
-0.500000 0.400000 -0.423077 9284 7709 14315
-0.653846 0.440000 -0.384615 10767 7672 14538
-0.846154 0.480000 -0.423077 11215 7669 14526
-0.846154 0.480000 -0.423077 11215 7669 14526
-1.576923 0.400000 -0.307692 11747 7697 14402
-1.653846 0.480000 -0.192308 13565 7026 12750
-1.730769 0.560000 -0.038462 14067 7016 12046
-1.730769 0.560000 -0.038462 14067 7016 12046
-2.000000 0.600000 0.576923 14403 7160 11313
-1.961538 0.600000 0.730769 14622 7715 8975
-2.000000 0.680000 0.846154 14467 7558 8318
-2.000000 0.680000 0.846154 14467 7558 8318
-2.000000 0.840000 1.038462 14425 7324 7650
-1.923077 0.960000 1.115385 14702 6071 5405
-1.807692 1.040000 1.192308 14584 5868 4708
-1.807692 1.040000 1.192308 14584 5868 4708
-1.769231 1.480000 1.461538 14316 5824 4131
-1.653846 1.680000 1.615385 13870 5235 2320
-1.461538 1.840000 1.730769 13679 4754 1872
-1.461538 1.840000 1.730769 13679 4754 1872
-0.846154 2.320000 2.038461 13446 4316 1603
-0.692308 2.400000 2.192308 12191 3299 1540
-0.423077 2.520000 2.230769 11539 2711 1659
-0.423077 2.520000 2.230769 11539 2711 1659
0.038462 2.800000 2.153846 10659 2409 1904
0.115385 2.800000 2.076923 7978 2647 2848
0.230769 2.880000 2.000000 7232 2751 3145
0.230769 2.880000 2.000000 7232 2751 3145
0.615385 2.920000 1.730769 6383 2868 3548
0.692308 2.880000 1.576923 4185 3433 5466
0.692308 2.880000 1.576923 4185 3433 5466
0.615385 2.480000 1.038462 3553 3611 6260
0.615385 2.360000 0.884615 2710 3718 8317
0.615385 2.240000 0.730769 2469 3872 8877
0.615385 2.240000 0.730769 2469 3872 8877
0.846154 1.960000 0.269231 2227 4148 9282
1.000000 1.920000 0.192308 1583 5511 10523
1.000000 1.920000 0.192308 1583 5511 10523
1.500000 1.880000 0.000000 1438 5987 11151
1.500000 1.920000 -0.192308 858 7499 14246
1.307692 1.840000 -0.500000 823 7984 15514
1.307692 1.840000 -0.500000 823 7984 15514
