0.230769 -0.576923 0.840000 8028 7354 7348
0.307692 -0.500000 0.880000 8025 7414 7404
0.307692 -0.500000 0.880000 8025 7414 7404
0.500000 -0.423077 0.920000 7774 7585 7511
0.538462 -0.423077 0.920000 7677 7308 7908
0.538462 -0.423077 0.920000 7677 7308 7908
0.769231 -0.153846 0.960000 7776 7028 8049
0.846154 -0.076923 0.960000 7540 7215 8643
0.923077 0.000000 0.960000 7302 7453 8925
0.923077 0.000000 0.960000 7302 7453 8925
0.961538 0.230769 0.840000 7027 7696 9339
0.961538 0.269231 0.720000 6539 7909 10922
0.846154 0.346154 0.640000 6567 7723 11519
0.846154 0.346154 0.640000 6567 7723 11519
0.423077 0.423077 0.400000 6636 7512 12171
0.230769 0.461538 0.360000 6885 7368 13748
0.230769 0.461538 0.360000 6885 7368 13748
-0.346154 0.384615 0.160000 6942 7376 14155
-0.461538 0.384615 0.080000 7372 7056 14420
-0.461538 0.384615 0.080000 7372 7056 14420
-0.730769 0.461538 0.000000 7606 7131 14394
-0.884615 0.423077 0.000000 8165 7670 14494
-0.884615 0.423077 0.000000 8165 7670 14494
-1.192308 0.269231 0.040000 8473 7495 14371
-1.192308 0.269231 0.080000 9979 6101 13329
-1.192308 0.269231 0.120000 10318 5892 12964
-1.192308 0.269231 0.120000 10318 5892 12964
-1.307692 0.230769 0.280000 10501 5972 12686
-1.346154 0.192308 0.280000 10672 6258 11565
-1.423077 0.192308 0.280000 10849 6152 11133
-1.423077 0.192308 0.280000 10849 6152 11133
-1.500000 0.346154 0.480000 11108 6004 10675
-1.500000 0.384615 0.560000 11853 5666 9520
-1.538462 0.423077 0.640000 12061 5464 9188
-1.538462 0.423077 0.640000 12061 5464 9188
-1.653846 0.615385 0.840000 12232 5253 8802
-1.692308 0.653846 0.920000 12459 5250 7680
-1.692308 0.653846 0.920000 12459 5250 7680
-1.846154 0.807692 1.280000 12478 5409 7186
-1.846154 0.846154 1.320000 12047 5889 5514
-1.846154 0.846154 1.320000 12047 5889 5514
-1.730769 1.038462 1.320000 11887 5938 4970
-1.615385 1.153846 1.320000 11761 5642 3463
-1.538462 1.269231 1.360000 11849 5471 3025
-1.538462 1.269231 1.360000 11849 5471 3025
-1.153846 1.461538 1.640000 11939 5328 2678
-1.038462 1.423077 1.680000 11606 5088 2081
-0.961538 1.423077 1.720000 11352 5058 2013
-0.961538 1.423077 1.720000 11352 5058 2013
-0.846154 1.461538 1.800000 11135 4932 1926
-0.692308 1.500000 1.880000 10649 4474 1468
-0.576923 1.538462 1.960000 10135 4912 1399
-0.576923 1.538462 1.960000 10135 4912 1399
-0.576923 1.538462 2.000000 9381 5697 1468
-0.461538 1.615385 2.000000 8257 5993 1035
-0.307692 1.769231 2.000000 8237 5437 863
-0.307692 1.769231 2.000000 8237 5437 863
0.269231 2.115385 2.080000 8170 4973 831
0.538462 2.153846 2.120000 7060 4699 1729
0.692308 2.115385 2.160000 6289 5161 2425
0.692308 2.115385 2.160000 6289 5161 2425
0.730769 1.807692 1.720000 5509 5555 3246
0.769231 1.692308 1.600000 4724 5206 4846
0.769231 1.576923 1.480000 4665 5046 5276
0.769231 1.576923 1.480000 4665 5046 5276
0.884615 1.346154 1.320000 4608 4946 5693
0.884615 1.307692 1.280000 4181 5265 6766
0.884615 1.269231 1.240000 4095 5335 7167
0.884615 1.269231 1.240000 4095 5335 7167
0.807692 1.076923 1.040000 4028 5346 7659
0.769231 1.038462 0.960000 3926 5228 8848
0.769231 1.000000 0.920000 3934 5181 9220
0.769231 1.000000 0.920000 3934 5181 9220
0.653846 0.807692 0.720000 3927 5225 9604
0.576923 0.769231 0.640000 3785 5693 10702
0.538462 0.692308 0.560000 3773 5804 10945
0.538462 0.692308 0.560000 3773 5804 10945
0.423077 0.538462 0.280000 3846 5849 11180
0.346154 0.500000 0.240000 4227 6175 11835
0.269231 0.461538 0.160000 4357 6269 11962
0.269231 0.461538 0.160000 4357 6269 11962
0.115385 0.269231 0.040000 4524 6365 12103
0.038462 0.192308 0.000000 5024 6560 12340
0.038462 0.192308 0.000000 5024 6560 12340
-0.230769 0.000000 -0.120000 5274 6567 12409
-0.307692 -0.076923 -0.120000 6065 6864 12533
-0.384615 -0.153846 -0.040000 6309 6932 12425
-0.384615 -0.153846 -0.040000 6309 6932 12425
-0.692308 -0.384615 -0.040000 6533 7026 12316
-0.807692 -0.538462 0.000000 7008 7526 11930
