0.192308 -0.615385 0.840000 8798 7213 7076
0.307692 -0.576923 0.840000 8581 7333 7127
0.384615 -0.538462 0.840000 8438 7515 7151
0.384615 -0.538462 0.840000 8438 7515 7151
0.538462 -0.384615 0.920000 8325 7610 7270
0.692308 -0.269231 0.920000 8616 6781 7342
0.807692 -0.153846 0.960000 8517 6777 7457
0.807692 -0.153846 0.960000 8517 6777 7457
1.076923 0.153846 1.080000 8281 7060 7625
1.153846 0.269231 1.080000 7407 8072 8634
1.153846 0.269231 1.080000 7407 8072 8634
1.269231 0.500000 1.000000 7237 8034 9200
1.153846 0.576923 0.880000 6698 7938 11623
1.000000 0.615385 0.760000 6611 7857 12477
1.000000 0.615385 0.760000 6611 7857 12477
0.346154 0.692308 0.400000 6610 7778 13219
0.153846 0.692308 0.360000 6811 7785 14865
-0.076923 0.653846 0.320000 6916 7757 15279
-0.076923 0.653846 0.320000 6916 7757 15279
-0.615385 0.576923 0.120000 7056 7660 15561
-0.730769 0.615385 0.040000 7679 7310 15586
-0.730769 0.615385 0.040000 7679 7310 15586
-1.153846 0.576923 0.000000 8054 7369 15564
-1.307692 0.500000 0.080000 9197 7650 15369
-1.423077 0.384615 0.200000 9615 7298 14950
-1.423077 0.384615 0.200000 9615 7298 14950
-1.461538 0.346154 0.320000 9963 6844 14368
-1.500000 0.307692 0.320000 10165 6717 13047
-1.576923 0.269231 0.320000 10196 6827 12634
-1.576923 0.269231 0.320000 10196 6827 12634
-1.692308 0.230769 0.400000 10335 6732 12137
-1.730769 0.307692 0.480000 10919 6160 10561
-1.807692 0.346154 0.600000 11030 6045 10077
-1.807692 0.346154 0.600000 11030 6045 10077
-1.884615 0.461538 0.680000 11136 5822 9574
-1.923077 0.461538 0.720000 11633 4867 8158
-1.923077 0.500000 0.760000 11733 4609 7591
-1.923077 0.500000 0.760000 11733 4609 7591
-1.730769 0.807692 0.920000 11862 4427 6950
-1.653846 0.884615 1.000000 11758 4963 5279
-1.538462 0.923077 1.000000 11650 5157 4877
-1.538462 0.923077 1.000000 11650 5157 4877
-1.307692 1.000000 1.040000 11629 5192 4553
-1.230769 1.038462 1.040000 11690 5003 3675
-1.115385 1.038462 1.080000 11724 4977 3394
-1.115385 1.038462 1.080000 11724 4977 3394
-0.923077 1.153846 1.280000 11719 5012 3174
-0.846154 1.192308 1.400000 11702 5142 2728
-0.846154 1.230769 1.520000 11376 5700 2656
-0.846154 1.230769 1.520000 11376 5700 2656
-1.153846 1.269231 1.960000 11064 6184 2620
-1.115385 1.384615 2.160000 10861 5472 1704
-1.000000 1.500000 2.280000 10575 5149 1224
-1.000000 1.500000 2.280000 10575 5149 1224
-0.423077 1.923077 2.320000 10105 5020 829
-0.269231 2.000000 2.320000 8959 4436 622
-0.076923 2.038461 2.360000 8554 4253 757
-0.076923 2.038461 2.360000 8554 4253 757
0.461538 2.115385 2.160000 7917 4318 948
0.538462 2.038461 2.040000 6048 4955 2425
0.538462 1.961538 1.960000 5816 4871 2986
0.538462 1.961538 1.960000 5816 4871 2986
0.615385 1.615385 1.680000 5586 4716 3616
0.615385 1.500000 1.520000 4620 4761 4852
0.615385 1.423077 1.400000 4419 4870 5176
0.615385 1.423077 1.400000 4419 4870 5176
0.692308 1.230769 1.160000 4274 5012 5515
0.730769 1.153846 1.120000 4167 5269 6527
0.769231 1.115385 1.080000 4220 5168 6873
0.769231 1.115385 1.080000 4220 5168 6873
0.846154 1.000000 0.960000 4280 5101 7264
0.807692 0.961538 0.920000 4296 5299 8547
0.807692 0.961538 0.920000 4296 5299 8547
0.730769 0.807692 0.760000 4267 5421 8934
0.692308 0.807692 0.720000 4201 5838 9870
0.653846 0.769231 0.640000 4234 6014 10121
0.653846 0.769231 0.640000 4234 6014 10121
0.615385 0.692308 0.480000 4221 6208 10343
0.653846 0.653846 0.400000 4392 6384 11124
0.576923 0.653846 0.360000 4470 6533 11450
0.576923 0.653846 0.360000 4470 6533 11450
0.384615 0.500000 0.200000 4508 6783 11786
0.307692 0.423077 0.160000 4718 7056 12414
0.269231 0.346154 0.080000 4855 7062 12521
0.269231 0.346154 0.080000 4855 7062 12521
0.000000 0.230769 0.000000 5017 7112 12643
-0.153846 0.153846 -0.080000 5451 7381 13115
-0.307692 0.076923 -0.120000 5660 7472 13117
-0.307692 0.076923 -0.120000 5660 7472 13117
-0.615385 -0.153846 -0.120000 5902 7608 13055
-0.692308 -0.230769 -0.120000 6489 8137 12542
