0.000000 0.000000 0.000000 0 0 0
0.961538 -0.423077 0.600000 0 0 0
0.961538 -0.423077 0.600000 0 0 0
0.961538 -0.423077 0.680000 16383 16383 16383
0.961538 -0.423077 0.680000 16383 16383 16383
0.961538 -0.423077 0.680000 16383 16383 16383
1.000000 -0.307692 0.640000 16383 16383 16383
0.961538 -0.269231 0.680000 16383 16383 16383
0.961538 -0.269231 0.680000 16383 16383 16383
0.961538 -0.076923 0.680000 66 72 9807
0.923077 0.000000 0.640000 6940 8081 12576
0.923077 0.000000 0.640000 6940 8081 12576
0.769231 0.153846 0.560000 6847 8164 13033
0.653846 0.192308 0.520000 6605 8367 12600
0.653846 0.192308 0.520000 6605 8367 12600
0.307692 0.307692 0.360000 6562 8295 13089
0.230769 0.346154 0.280000 7017 7260 14089
0.230769 0.346154 0.280000 7017 7260 14089
-0.153846 0.538462 0.080000 7186 7218 14378
-0.346154 0.576923 0.080000 7510 8190 15282
-0.576923 0.538462 0.080000 7641 8347 15399
-0.576923 0.538462 0.080000 7641 8347 15399
-0.884615 0.500000 -0.040000 7876 8287 15317
-0.884615 0.538462 0.000000 9055 7711 14768
-0.884615 0.538462 0.000000 9055 7711 14768
-1.115385 0.576923 0.160000 9399 7682 14794
-1.230769 0.576923 0.160000 9867 7798 14873
-1.230769 0.576923 0.160000 9867 7798 14873
-1.884615 0.346154 0.320000 10054 7820 14850
-2.000000 0.230769 0.360000 10854 7093 13897
-2.000000 0.230769 0.360000 10854 7093 13897
-2.076923 0.153846 0.560000 11119 6767 13213
-2.115385 0.153846 0.640000 11209 6845 11498
-2.192308 0.076923 0.720000 11042 7026 11033
-2.192308 0.076923 0.720000 11042 7026 11033
-2.346154 -0.038462 0.640000 10825 7070 10479
-2.346154 -0.038462 0.640000 11139 6114 8413
-2.346154 -0.038462 0.640000 11139 6114 8413
-2.038461 0.115385 0.880000 11616 5617 7583
-2.076923 0.192308 1.040000 11887 4857 5952
-2.038461 0.346154 1.120000 11879 4695 5329
-2.038461 0.346154 1.120000 11879 4695 5329
-1.884615 0.346154 1.240000 11234 4816 4735
-1.769231 0.384615 1.240000 10947 4945 3177
-1.769231 0.384615 1.240000 10947 4945 3177
-1.153846 0.576923 1.520000 10913 4900 2545
-0.884615 0.576923 1.520000 10618 4060 1683
-0.884615 0.576923 1.520000 10618 4060 1683
-0.269231 0.423077 1.600000 10478 3776 1819
-0.230769 0.384615 1.640000 9699 4088 2671
-0.230769 0.384615 1.640000 9699 4088 2671
-0.115385 0.346154 1.840000 9367 4104 2813
-0.038462 0.423077 1.840000 8527 3848 2368
-0.038462 0.423077 1.840000 8527 3848 2368
0.461538 0.692308 1.840000 8114 4134 2116
0.653846 0.846154 1.840000 6651 5725 1601
0.846154 1.000000 1.880000 6355 5820 1662
0.846154 1.000000 1.880000 6355 5820 1662
1.346154 1.153846 1.840000 6089 5864 1927
1.384615 1.153846 1.760000 5392 5564 3671
1.384615 1.153846 1.760000 5392 5564 3671
1.307692 0.846154 1.600000 5291 5286 4290
1.192308 0.730769 1.520000 4803 4829 5741
1.115385 0.769231 1.400000 4628 4667 5800
1.115385 0.769231 1.400000 4628 4667 5800
1.346154 1.115385 1.040000 4398 4661 5744
1.500000 1.230769 0.920000 3582 5576 6624
1.500000 1.230769 0.920000 3582 5576 6624
1.346154 1.192308 0.560000 3339 6098 7571
1.230769 1.115385 0.440000 3531 6359 10439
1.230769 1.115385 0.440000 3531 6359 10439
0.846154 0.923077 0.040000 3814 6069 11277
0.769231 0.846154 -0.080000 4595 6194 13029
0.615385 0.769231 -0.160000 4686 6589 13553
0.615385 0.769231 -0.160000 4686 6589 13553
