0.653846 0.230769 0.400000 5460 9141 13233
0.461538 0.230769 0.280000 5514 8489 13809
0.461538 0.230769 0.280000 5514 8489 13809
0.038462 0.384615 0.040000 5842 7801 14164
-0.076923 0.461538 0.000000 6629 7098 15152
-0.076923 0.461538 0.000000 6629 7098 15152
-0.384615 0.500000 0.040000 6686 7249 15444
-0.500000 0.500000 -0.040000 6891 7264 15692
-0.769231 0.500000 -0.160000 7157 7065 15667
-0.807692 0.538462 -0.160000 8162 6564 15466
-0.807692 0.538462 -0.160000 8162 6564 15466
-1.076923 0.576923 -0.120000 8600 6526 15491
-1.192308 0.576923 -0.200000 9402 6663 15477
-1.192308 0.576923 -0.200000 9402 6663 15477
-1.538462 0.461538 0.080000 9780 6767 15406
-1.653846 0.423077 0.160000 10671 6537 14707
-1.653846 0.423077 0.160000 10671 6537 14707
-1.807692 0.384615 0.160000 10756 6280 14351
-1.923077 0.346154 0.240000 11209 6071 13198
-1.923077 0.346154 0.240000 11209 6071 13198
-2.192308 0.192308 0.600000 11373 6183 12770
-2.153846 0.230769 0.600000 11237 6019 10853
-2.153846 0.230769 0.600000 11237 6019 10853
-2.153846 0.307692 0.760000 11231 5826 10233
-2.192308 0.269231 0.880000 11457 5231 8713
-2.192308 0.269231 0.880000 11457 5231 8713
-2.192308 0.307692 1.040000 11436 4904 8111
-2.076923 0.384615 1.080000 11612 3463 5997
-2.076923 0.384615 1.080000 11612 3463 5997
-1.730769 0.538462 1.280000 11612 3147 5336
-1.576923 0.576923 1.360000 11157 3188 3833
-1.500000 0.538462 1.480000 10999 3367 3407
-1.500000 0.538462 1.480000 10999 3367 3407
-1.000000 0.576923 1.560000 10850 3262 2955
-0.846154 0.538462 1.480000 9966 3338 1979
-0.692308 0.500000 1.520000 9765 3560 1806
-0.692308 0.500000 1.520000 9765 3560 1806
-0.384615 0.538462 1.600000 9606 3631 1638
-0.269231 0.615385 1.560000 9307 2631 1172
-0.269231 0.615385 1.560000 9307 2631 1172
0.192308 0.884615 1.680000 9040 2751 1009
0.384615 1.000000 1.720000 7945 3731 750
0.384615 1.000000 1.720000 7945 3731 750
0.961538 1.384615 1.480000 7688 3640 805
1.230769 1.576923 1.480000 7103 3539 1586
1.461538 1.615385 1.680000 6507 4501 2229
1.461538 1.615385 1.680000 6507 4501 2229
1.461538 1.576923 1.560000 5642 5444 3141
1.423077 1.500000 1.400000 4147 5880 5266
1.384615 1.384615 1.280000 4043 5842 5971
1.384615 1.384615 1.280000 4043 5842 5971
1.192308 1.038462 1.000000 4049 5744 6643
1.076923 0.961538 0.920000 4131 5737 8132
1.076923 0.961538 0.920000 4131 5737 8132
0.923077 0.769231 0.680000 4075 5833 8463
0.923077 0.692308 0.600000 4066 6194 8950
0.923077 0.653846 0.560000 4062 6357 9074
0.923077 0.653846 0.560000 4062 6357 9074
1.000000 0.615385 0.320000 4018 6508 9202
1.000000 0.615385 0.240000 4122 6728 9877
1.000000 0.615385 0.240000 4122 6728 9877
0.961538 0.500000 0.080000 4335 6774 10290
0.961538 0.538462 0.040000 4783 7048 11183
1.000000 0.576923 -0.080000 5008 6702 11677
1.000000 0.576923 -0.080000 5008 6702 11677
0.576923 0.576923 -0.320000 5484 6389 12379
0.269231 0.500000 -0.360000 7264 6008 14923
0.269231 0.500000 -0.360000 7264 6008 14923
-0.538462 0.115385 -0.120000 7996 5990 15484
-0.615385 0.038462 0.040000 9613 6107 15116
-0.615385 0.038462 0.040000 9613 6107 15116
-0.576923 0.000000 0.360000 9810 6373 14832
