0.884615 -0.423077 0.560000 8306 7358 7279
0.846154 -0.423077 0.600000 8379 7304 7450
0.846154 -0.423077 0.600000 8379 7304 7450
0.769231 -0.461538 0.760000 8306 7330 7565
0.807692 -0.423077 0.760000 7913 7701 7269
0.807692 -0.423077 0.760000 7913 7701 7269
1.230769 -0.153846 0.920000 7712 7948 7145
1.307692 -0.115385 0.960000 6582 9202 7585
1.307692 -0.115385 0.960000 6582 9202 7585
1.461538 0.192308 0.560000 6083 9369 7948
1.538462 0.307692 0.440000 5811 9151 9277
1.576923 0.423077 0.320000 5977 9115 9950
1.576923 0.423077 0.320000 5977 9115 9950
1.461538 0.615385 0.280000 6167 9270 10690
1.230769 0.615385 0.360000 6858 9388 13543
1.230769 0.615385 0.360000 6858 9388 13543
0.461538 0.653846 0.280000 7163 8967 14418
0.192308 0.653846 0.240000 7949 7936 9839
0.192308 0.653846 0.240000 7949 7936 9839
-0.384615 0.576923 0.040000 8077 8040 9872
-0.500000 0.576923 0.080000 8759 8506 15566
-0.500000 0.576923 0.080000 8759 8506 15566
-0.807692 0.653846 0.160000 9018 8531 15499
-0.961538 0.653846 0.200000 9930 8044 15297
-0.961538 0.653846 0.200000 9930 8044 15297
-1.384615 0.500000 0.360000 10217 7978 15122
-1.384615 0.461538 0.320000 10913 7354 13734
-1.384615 0.423077 0.320000 11029 7231 13270
-1.384615 0.423077 0.320000 11029 7231 13270
-1.500000 0.384615 0.440000 11206 7144 12836
-1.615385 0.307692 0.640000 12199 6934 11747
-1.615385 0.307692 0.640000 12199 6934 11747
-1.807692 0.230769 1.200000 12487 6556 11225
-1.846154 0.230769 1.360000 12466 5844 9411
-1.846154 0.230769 1.360000 12466 5844 9411
-1.807692 0.346154 1.760000 12176 5744 8766
-1.807692 0.307692 1.840000 10861 6354 7024
-1.807692 0.307692 1.840000 10861 6354 7024
-1.961538 0.230769 2.000000 10539 6383 6620
-1.884615 0.269231 2.000000 10123 5045 4963
-1.846154 0.269231 1.840000 9905 4696 4320
-1.846154 0.269231 1.840000 9905 4696 4320
-1.423077 0.346154 1.640000 9763 4476 3605
-1.346154 0.346154 1.600000 8852 5585 1666
-1.230769 0.423077 1.560000 8428 6325 1029
-1.230769 0.423077 1.560000 8428 6325 1029
-0.615385 0.615385 1.440000 8146 6912 6474
-0.384615 0.692308 1.480000 8496 7323 6284
-0.384615 0.692308 1.480000 8496 7323 6284
0.076923 0.615385 1.640000 8695 7155 6334
0.076923 0.576923 1.720000 8672 6948 1127
0.076923 0.576923 1.720000 8672 6948 1127
0.230769 0.884615 2.080000 8586 6861 1354
0.346154 1.000000 2.120000 7987 6716 1459
0.346154 1.000000 2.120000 7987 6716 1459
0.769231 1.346154 2.240000 7671 6733 1526
0.884615 1.423077 2.160000 6703 6251 2405
0.884615 1.423077 2.160000 6703 6251 2405
0.961538 1.538462 2.080000 6440 6085 2832
0.923077 1.538462 2.040000 5571 5651 4551
0.923077 1.538462 2.040000 5571 5651 4551
1.038462 1.423077 1.600000 5299 5418 4992
1.038462 1.307692 1.400000 4126 5627 6384
1.038462 1.153846 1.240000 3905 5746 6834
1.038462 1.153846 1.240000 3905 5746 6834
0.923077 0.807692 0.840000 3831 5835 7243
0.884615 0.730769 0.800000 4148 5806 8193
0.884615 0.730769 0.800000 4148 5806 8193
0.846154 0.692308 0.760000 4330 5727 8435
0.807692 0.692308 0.760000 4429 5863 9369
0.807692 0.730769 0.680000 4375 5942 9670
0.807692 0.730769 0.680000 4375 5942 9670
0.807692 0.769231 0.520000 4314 6046 9988
0.846154 0.807692 0.480000 4136 6479 10796
0.846154 0.807692 0.480000 4136 6479 10796
0.923077 0.923077 0.160000 4004 6662 11107
0.884615 0.961538 0.000000 3966 6741 12561
0.846154 1.000000 -0.160000 4159 6517 13307
0.846154 1.000000 -0.160000 4159 6517 13307
0.384615 0.923077 -0.680000 4565 6152 14046
0.038462 0.769231 -0.840000 6937 5578 9908
0.038462 0.769231 -0.840000 6937 5578 9908
