0.461538 -0.730769 0.520000 8058 7701 6733
0.538462 -0.730769 0.520000 8138 7520 6546
0.615385 -0.653846 0.560000 8288 7271 6316
0.615385 -0.653846 0.560000 8288 7271 6316
1.038462 -0.346154 0.680000 8373 7111 6042
1.230769 -0.153846 0.680000 8024 7445 5411
1.230769 -0.153846 0.680000 8024 7445 5411
1.807692 0.307692 0.800000 7779 7727 5553
2.000000 0.461538 0.760000 6963 8051 7581
2.000000 0.461538 0.760000 6963 8051 7581
2.038461 0.884615 0.520000 6833 8056 8796
1.769231 0.961538 0.520000 6727 8274 13766
1.346154 1.000000 0.480000 6808 8130 15216
1.346154 1.000000 0.480000 6808 8130 15216
0.307692 1.115385 0.400000 7013 7833 9937
0.000000 1.192308 0.320000 7573 6737 10295
-0.307692 1.230769 0.200000 7749 6513 10354
-0.307692 1.230769 0.200000 7749 6513 10354
-1.038462 1.230769 -0.200000 8041 6364 10382
-1.269231 1.153846 -0.120000 9919 6518 10302
-1.423077 1.038462 0.040000 10712 6434 10185
-1.423077 1.038462 0.040000 10712 6434 10185
-1.307692 1.076923 0.400000 11289 6419 10028
-1.307692 1.115385 0.520000 11133 8112 14950
-1.307692 1.115385 0.520000 11133 8112 14950
-1.730769 0.923077 0.680000 10782 8597 14816
-1.923077 0.807692 0.680000 10927 7379 14654
-2.115385 0.692308 0.800000 11298 6567 14333
-2.115385 0.692308 0.800000 11298 6567 14333
-2.423077 0.346154 1.080000 11513 5901 13775
-2.576923 0.269231 1.080000 10544 6013 11538
-2.576923 0.269231 1.080000 10544 6013 11538
-2.653846 0.076923 1.000000 10357 5992 10654
-2.692308 0.038462 1.120000 10638 5516 7907
-2.692308 0.076923 1.240000 10647 5332 6884
-2.692308 0.076923 1.240000 10647 5332 6884
-2.307692 0.423077 1.360000 10539 5184 5860
-2.115385 0.538462 1.440000 10486 4444 3081
-1.884615 0.653846 1.560000 10377 4236 2484
-1.884615 0.653846 1.560000 10377 4236 2484
-1.307692 0.846154 1.400000 10251 3958 1929
-1.076923 0.884615 1.360000 10249 2927 6504
-1.076923 0.884615 1.360000 10249 2927 6504
-0.461538 0.846154 1.160000 10131 2887 6431
-0.346154 0.692308 1.080000 9039 5008 6336
-0.307692 0.576923 1.080000 8746 5867 6352
-0.307692 0.576923 1.080000 8746 5867 6352
0.038462 0.500000 1.000000 8671 6105 6368
0.115385 0.500000 1.040000 9268 4862 609
0.115385 0.500000 1.040000 9268 4862 609
0.269231 0.730769 1.480000 9262 4934 970
0.307692 0.884615 1.640000 8826 5030 1371
0.307692 0.884615 1.640000 8826 5030 1371
0.692308 1.461538 1.960000 8473 5204 1326
0.846154 1.615385 1.960000 7323 5550 1670
1.038462 1.807692 1.920000 7260 4979 2060
1.038462 1.807692 1.920000 7260 4979 2060
1.346154 1.961538 2.000000 7142 4580 2674
1.423077 2.000000 1.880000 6539 4194 4268
1.461538 1.961538 1.760000 5626 4288 5760
1.461538 1.961538 1.760000 5626 4288 5760
1.230769 1.576923 1.360000 5131 4538 6669
1.192308 1.461538 1.200000 3968 5040 8148
1.153846 1.307692 1.040000 3699 5320 8469
1.153846 1.307692 1.040000 3699 5320 8469
1.038462 1.038462 0.640000 3475 5561 8722
1.038462 1.000000 0.440000 3330 6035 9470
1.038462 1.000000 0.440000 3330 6035 9470
0.807692 0.769231 0.360000 3405 6560 9825
0.807692 0.730769 0.400000 4013 7332 10604
0.807692 0.730769 0.400000 4013 7332 10604
0.730769 0.769231 0.360000 4104 7225 10818
0.692308 0.730769 0.240000 4066 7547 11758
0.615385 0.730769 0.120000 4140 7589 12059
0.615385 0.730769 0.120000 4140 7589 12059
0.500000 0.692308 -0.080000 4281 7730 12338
0.500000 0.653846 -0.120000 4959 7902 13245
0.500000 0.653846 -0.120000 4959 7902 13245
0.153846 0.423077 -0.480000 5271 7695 13698
0.000000 0.384615 -0.600000 6143 7718 14734
0.000000 0.384615 -0.600000 6143 7718 14734
-0.769231 -0.076923 -0.560000 6620 7908 14983
