0.692308 -0.384615 1.120000 8133 6931 4907
0.807692 -0.307692 1.080000 7750 7267 4916
0.961538 -0.230769 1.080000 7578 7273 5041
0.961538 -0.230769 1.080000 7578 7273 5041
1.307692 0.076923 1.160000 7578 7064 5235
1.423077 0.153846 1.200000 7166 6934 6310
1.423077 0.153846 1.200000 7166 6934 6310
1.500000 0.346154 0.920000 6702 7223 6798
1.538462 0.423077 0.840000 5796 7863 8123
1.576923 0.461538 0.760000 5737 7898 8624
1.576923 0.461538 0.760000 5737 7898 8624
1.500000 0.576923 0.600000 5693 7985 9182
1.384615 0.576923 0.520000 5409 8369 11156
1.307692 0.615385 0.360000 5368 8418 11887
1.307692 0.615385 0.360000 5368 8418 11887
0.846154 0.576923 -0.040000 5430 8407 12613
0.653846 0.538462 -0.160000 5844 8603 14407
0.653846 0.538462 -0.160000 5844 8603 14407
0.153846 0.500000 -0.440000 6069 8674 14755
-0.076923 0.461538 -0.480000 7194 8484 15445
-0.076923 0.461538 -0.480000 7194 8484 15445
-0.423077 0.538462 -0.560000 7699 8264 15489
-0.461538 0.653846 -0.520000 9368 7873 15469
-0.461538 0.653846 -0.520000 9368 7873 15469
-1.000000 0.730769 -0.280000 9757 8027 15722
-1.230769 0.615385 -0.040000 11220 7576 9971
-1.230769 0.615385 -0.040000 11220 7576 9971
-1.230769 0.538462 0.000000 11677 6672 9918
-1.423077 0.500000 0.080000 12030 6648 15585
-1.653846 0.307692 0.200000 11906 7176 15153
-1.653846 0.307692 0.200000 11906 7176 15153
-1.923077 0.153846 0.320000 11695 7470 14462
-1.884615 0.192308 0.400000 12232 6769 11902
-1.884615 0.192308 0.400000 12232 6769 11902
-2.115385 0.346154 0.920000 12254 6603 11253
-2.423077 0.269231 1.480000 12238 5325 8273
-2.423077 0.269231 1.480000 12238 5325 8273
-2.192308 0.346154 1.640000 12035 5022 7368
-2.115385 0.384615 1.720000 11593 4885 5035
-2.115385 0.384615 1.720000 11593 4885 5035
-1.538462 0.615385 1.880000 11462 4728 4297
-1.346154 0.615385 1.880000 10741 4544 2929
-1.153846 0.615385 1.800000 10479 4486 2739
-1.153846 0.615385 1.800000 10479 4486 2739
-0.884615 0.538462 1.680000 10173 4664 2641
-0.730769 0.538462 1.640000 9757 4686 1868
-0.730769 0.538462 1.640000 9757 4686 1868
-0.192308 0.653846 1.680000 9584 4814 1642
-0.192308 0.615385 1.720000 8490 6474 1715
-0.192308 0.615385 1.720000 8490 6474 1715
-0.115385 0.730769 1.760000 8029 7289 1751
-0.076923 0.769231 1.800000 7470 8553 1832
-0.076923 0.769231 1.800000 7470 8553 1832
0.038462 1.000000 2.120000 7593 8435 1985
0.038462 1.076923 2.200000 7479 7528 2635
0.038462 1.076923 2.200000 7479 7528 2635
0.153846 1.384615 2.240000 7164 7389 2803
0.230769 1.461538 2.200000 6186 6728 3233
0.230769 1.461538 2.200000 6186 6728 3233
0.538462 1.538462 2.160000 5841 6595 3551
0.615385 1.538462 2.120000 4714 6014 5012
0.692308 1.461538 2.000000 4150 6005 5645
0.692308 1.461538 2.000000 4150 6005 5645
0.461538 1.153846 1.400000 3550 6154 6253
0.423077 1.076923 1.240000 2471 6808 6966
0.461538 0.961538 1.120000 2369 6932 6974
0.461538 0.961538 1.120000 2369 6932 6974
0.653846 0.807692 0.880000 2439 6897 7012
0.730769 0.769231 0.720000 2589 6596 7652
0.730769 0.769231 0.720000 2589 6596 7652
0.730769 0.576923 0.360000 2703 6448 8123
0.692308 0.500000 0.280000 3195 6265 9459
0.653846 0.423077 0.200000 3446 6103 9808
0.653846 0.423077 0.200000 3446 6103 9808
0.615385 0.307692 0.040000 3714 5907 10105
0.576923 0.269231 0.000000 4411 5619 11043
0.576923 0.269231 0.000000 4411 5619 11043
0.384615 0.153846 -0.360000 4525 5669 11392
0.307692 0.115385 -0.400000 5235 5877 12417
0.307692 0.115385 -0.400000 5235 5877 12417
