0.461538 -0.576923 0.920000 7844 6881 6918
0.538462 -0.500000 0.840000 7771 7002 7069
0.538462 -0.500000 0.840000 7471 7558 7240
0.538462 -0.500000 0.840000 7471 7558 7240
0.500000 -0.461538 0.880000 7211 8131 7258
0.692308 -0.346154 0.840000 7244 7350 6681
0.923077 -0.230769 0.800000 7262 7146 6755
0.923077 -0.230769 0.800000 7262 7146 6755
1.269231 0.000000 0.680000 7137 7265 7078
1.192308 0.038462 0.560000 6448 7362 9161
1.192308 0.038462 0.560000 6448 7362 9161
0.769231 0.192308 0.240000 6545 7086 9906
0.692308 0.269231 0.160000 7024 6850 12039
0.615385 0.346154 0.040000 7052 7067 12431
0.615385 0.346154 0.040000 7052 7067 12431
0.269231 0.615385 -0.160000 7116 7365 12932
0.076923 0.653846 -0.200000 7602 7766 14730
0.076923 0.653846 -0.200000 7602 7766 14730
-0.461538 0.769231 -0.200000 8003 7497 15114
-0.615385 0.846154 -0.240000 9038 7033 9847
-0.615385 0.846154 -0.240000 9038 7033 9847
-1.269231 0.807692 -0.400000 9281 7146 9895
-1.538462 0.692308 -0.360000 10547 7336 9906
-1.538462 0.692308 -0.360000 10547 7336 9906
-2.076923 0.346154 0.240000 11190 7235 15760
-2.230769 0.269231 0.440000 11890 7210 14161
-2.423077 0.192308 0.520000 11906 7116 13540
-2.423077 0.192308 0.520000 11906 7116 13540
-2.692308 0.076923 0.880000 11970 6962 12790
-2.692308 0.000000 1.000000 12079 6715 10445
-2.692308 0.000000 1.000000 12079 6715 10445
-2.576923 0.000000 1.120000 11918 6603 9667
-2.576923 0.000000 1.200000 12006 5717 7547
-2.500000 0.076923 1.280000 12132 5147 6824
-2.500000 0.076923 1.280000 12132 5147 6824
-2.076923 0.346154 1.320000 12163 4672 6072
-1.923077 0.423077 1.360000 11763 4652 4106
-1.769231 0.461538 1.400000 11607 4859 3653
-1.769231 0.461538 1.400000 11607 4859 3653
-1.461538 0.384615 1.440000 11359 5127 3260
-1.384615 0.346154 1.440000 10882 5235 2391
-1.384615 0.346154 1.440000 10882 5235 2391
-1.038462 0.346154 1.480000 10858 5032 2109
-0.961538 0.384615 1.520000 10405 4829 1733
-0.961538 0.384615 1.520000 10405 4829 1733
-0.576923 0.769231 1.800000 10340 4695 1591
-0.384615 0.923077 1.960000 9358 5289 903
-0.384615 0.923077 1.960000 9358 5289 903
0.269231 1.538462 2.120000 8814 5632 706
0.461538 1.653846 2.160000 7874 5721 1025
0.461538 1.653846 2.160000 7874 5721 1025
0.807692 1.923077 2.280000 7500 5680 1521
0.961538 1.961538 2.240000 5941 5729 3152
1.076923 1.961538 2.120000 5399 5778 3846
1.076923 1.961538 2.120000 5399 5778 3846
1.076923 1.653846 1.720000 4915 5895 4656
1.076923 1.500000 1.560000 4335 5202 6817
1.076923 1.346154 1.400000 4140 5147 7392
1.076923 1.346154 1.400000 4140 5147 7392
0.807692 0.961538 0.920000 3852 5291 7948
0.769231 0.884615 0.720000 3308 5766 8777
0.769231 0.884615 0.720000 3308 5766 8777
0.884615 0.769231 0.400000 3441 5830 8929
0.884615 0.692308 0.360000 3969 6399 9894
0.884615 0.692308 0.360000 3969 6399 9894
0.653846 0.423077 0.200000 4057 6584 10328
0.538462 0.346154 0.160000 4537 6772 11320
0.500000 0.269231 0.160000 4852 6713 11511
0.500000 0.269231 0.160000 4852 6713 11511
0.423077 0.192308 0.080000 5064 6702 11702
0.269231 0.115385 0.000000 5079 7285 12643
0.115385 0.038462 -0.120000 5047 7586 12858
0.115385 0.038462 -0.120000 5047 7586 12858
-0.307692 -0.230769 -0.280000 5183 7758 12882
-0.384615 -0.269231 -0.240000 6343 7516 12563
-0.384615 -0.269231 -0.240000 6343 7516 12563
