0.653846 -0.423077 0.960000 7830 7453 5970
0.692308 -0.384615 0.880000 7693 7578 6222
0.807692 -0.346154 0.880000 7663 7643 6330
0.807692 -0.346154 0.880000 7663 7643 6330
1.076923 -0.038462 0.960000 7655 7604 6601
1.115385 0.038462 0.960000 7299 7692 7557
1.192308 0.153846 0.920000 7161 7741 8009
1.192308 0.153846 0.920000 7161 7741 8009
1.230769 0.269231 0.920000 7035 7801 8514
1.192308 0.384615 0.840000 6580 7961 9715
1.115385 0.423077 0.720000 6003 8173 10968
1.115385 0.423077 0.720000 6003 8173 10968
0.923077 0.538462 0.400000 5848 8213 11591
0.653846 0.615385 0.160000 5967 8113 12807
0.500000 0.653846 0.120000 6374 7976 14068
0.500000 0.653846 0.120000 6374 7976 14068
-0.192308 0.576923 -0.120000 6609 7845 14642
-0.384615 0.538462 -0.120000 7675 7428 15566
-0.384615 0.538462 -0.120000 7675 7428 15566
-0.923077 0.346154 -0.040000 8050 7352 15642
-1.038462 0.346154 -0.080000 8876 7162 15029
-1.038462 0.346154 -0.080000 8876 7162 15029
-1.346154 0.192308 0.160000 9184 7213 14824
-1.461538 0.115385 0.240000 9887 7200 14415
-1.538462 0.076923 0.200000 10038 6916 14084
-1.538462 0.076923 0.200000 10038 6916 14084
-1.730769 -0.076923 0.160000 10184 6803 13703
-1.807692 -0.153846 0.200000 10563 7251 12450
-1.807692 -0.153846 0.200000 10563 7251 12450
-2.038461 -0.269231 0.320000 10591 7462 11911
-2.115385 -0.307692 0.440000 10834 7849 10388
-2.192308 -0.269231 0.480000 10981 7715 9763
-2.192308 -0.269231 0.480000 10981 7715 9763
-2.230769 -0.076923 0.920000 11118 7602 9122
-2.230769 0.000000 1.040000 11556 6694 7297
-2.230769 0.000000 1.040000 11556 6694 7297
-2.038461 0.153846 1.280000 11613 6361 6813
-1.961538 0.153846 1.360000 11356 6180 5576
-1.884615 0.192308 1.400000 11237 6164 5165
-1.884615 0.192308 1.400000 11237 6164 5165
-1.615385 0.192308 1.440000 11144 6106 4783
-1.500000 0.192308 1.400000 10824 5864 3740
-1.500000 0.192308 1.400000 10824 5864 3740
-1.000000 0.230769 1.320000 10819 5561 3375
-0.884615 0.230769 1.280000 10428 5754 2873
-0.807692 0.230769 1.280000 10347 5862 2722
-0.807692 0.230769 1.280000 10347 5862 2722
-0.538462 0.307692 1.400000 10333 5875 2629
-0.423077 0.346154 1.440000 10194 5692 2475
-0.423077 0.346154 1.440000 10194 5692 2475
-0.192308 0.615385 1.640000 10064 5701 2448
-0.038462 0.692308 1.800000 9721 5644 2195
-0.038462 0.692308 1.800000 9721 5644 2195
0.269231 0.884615 2.240000 9310 5952 2317
0.346154 0.961538 2.280000 8080 6049 2790
0.346154 0.961538 2.280000 8080 6049 2790
0.615385 1.192308 2.320000 7770 5873 3076
0.653846 1.269231 2.320000 6739 5526 4006
0.653846 1.269231 2.320000 6739 5526 4006
0.846154 1.461538 2.200000 6215 5672 4302
1.000000 1.461538 2.080000 4765 5934 5063
1.076923 1.461538 1.960000 4355 5994 5571
1.076923 1.461538 1.960000 4355 5994 5571
1.000000 1.269231 1.440000 4025 6010 6217
0.923077 1.115385 1.280000 3504 5920 8211
0.807692 1.038462 1.120000 3485 5843 8737
0.807692 1.038462 1.120000 3485 5843 8737
0.576923 0.730769 0.720000 3524 5791 9168
0.538462 0.653846 0.640000 3615 6193 9943
0.538462 0.653846 0.640000 3615 6193 9943
0.384615 0.576923 0.360000 3583 6356 10132
0.346154 0.538462 0.200000 3371 6808 10556
0.346154 0.538462 0.200000 3371 6808 10556
0.346154 0.423077 -0.200000 3426 6950 10666
0.346154 0.384615 -0.280000 4092 7250 11050
0.346154 0.384615 -0.280000 4092 7250 11050
0.307692 0.269231 -0.360000 4431 7320 11272
0.269231 0.192308 -0.360000 5555 7100 12300
0.269231 0.192308 -0.360000 5555 7100 12300
-0.307692 -0.076923 -0.360000 5952 7024 12713
-0.500000 -0.192308 -0.280000 7227 6862 13187
