0.423077 -0.461538 0.400000 9203 8245 4890
0.538462 -0.461538 0.400000 9166 8474 5136
0.769231 -0.461538 0.400000 9067 8940 5343
0.769231 -0.461538 0.400000 9067 8940 5343
1.115385 -0.269231 0.600000 8971 9420 5844
1.038462 -0.153846 0.640000 8709 9491 7895
1.038462 -0.153846 0.640000 8709 9491 7895
1.307692 0.192308 1.120000 9172 8568 8421
1.307692 0.230769 1.320000 9284 7286 10189
1.307692 0.230769 1.320000 9284 7286 10189
1.192308 0.423077 1.320000 8688 7479 10690
1.192308 0.500000 1.200000 7083 7893 12009
1.192308 0.500000 1.200000 7083 7893 12009
0.884615 0.692308 0.840000 6878 7705 12630
0.653846 0.692308 0.720000 6761 7198 14786
0.423077 0.692308 0.600000 6805 7295 15361
0.423077 0.692308 0.600000 6805 7295 15361
-0.192308 0.730769 0.240000 6838 7429 15771
-0.461538 0.730769 0.200000 7161 7724 9986
-0.769231 0.653846 0.240000 7385 7694 10024
-0.769231 0.653846 0.240000 7385 7694 10024
-1.307692 0.576923 0.160000 7597 7444 10002
-1.423077 0.538462 0.080000 7989 7041 15720
-1.423077 0.538462 0.080000 7989 7041 15720
-1.653846 0.423077 0.160000 8263 7092 15415
-1.769231 0.384615 0.280000 9009 7543 14441
-1.769231 0.384615 0.280000 9009 7543 14441
-2.000000 0.269231 0.200000 9073 7464 14083
-2.038461 0.230769 0.240000 10032 6263 12749
-2.153846 0.153846 0.360000 10349 6009 12348
-2.153846 0.153846 0.360000 10349 6009 12348
-2.346154 0.038462 0.520000 10439 5815 11734
-2.346154 0.076923 0.440000 10186 5036 9598
-2.346154 0.076923 0.440000 10186 5036 9598
-2.269231 0.192308 0.520000 10342 4771 8831
-2.230769 0.269231 0.560000 10728 4395 6535
-2.115385 0.346154 0.680000 10796 4421 5741
-2.115385 0.346154 0.680000 10796 4421 5741
-1.846154 0.500000 1.000000 10832 4548 5001
-1.730769 0.538462 1.120000 10872 4332 3231
-1.730769 0.538462 1.120000 10872 4332 3231
-1.230769 0.692308 1.520000 10936 4085 2620
-1.000000 0.769231 1.640000 10600 4294 1042
-0.730769 0.807692 1.680000 10332 4527 697
-0.730769 0.807692 1.680000 10332 4527 697
-0.115385 0.730769 1.640000 10105 4711 640
-0.115385 0.653846 1.640000 9622 5310 1131
-0.115385 0.653846 1.640000 9622 5310 1131
-0.038462 0.692308 1.880000 9361 5993 1101
0.115385 0.807692 1.920000 8404 7773 682
0.115385 0.807692 1.920000 8404 7773 682
0.307692 1.038462 2.200000 8011 8429 677
0.346154 1.076923 2.360000 7363 8724 1406
0.461538 1.115385 2.520000 7506 7773 1879
0.461538 1.115385 2.520000 7506 7773 1879
0.807692 1.153846 2.560000 7576 6511 2474
0.961538 1.192308 2.400000 7585 2032 4823
1.038462 1.269231 2.160000 7230 1490 5646
1.038462 1.269231 2.160000 7230 1490 5646
0.961538 1.038462 1.520000 6497 2016 6398
1.000000 0.961538 1.280000 4322 4698 7083
1.076923 0.923077 1.080000 4099 5121 7190
1.076923 0.923077 1.080000 4099 5121 7190
1.384615 0.846154 0.680000 4066 5300 7386
1.384615 0.807692 0.560000 4636 5008 8913
1.346154 0.730769 0.480000 4775 5141 9600
1.346154 0.730769 0.480000 4775 5141 9600
1.038462 0.461538 0.360000 4877 5367 10213
0.923077 0.346154 0.360000 5085 6246 11223
0.923077 0.346154 0.360000 5085 6246 11223
0.807692 0.153846 0.200000 5105 6500 11326
0.769231 0.153846 0.160000 5393 6906 11345
0.769231 0.153846 0.080000 5492 7174 11443
0.730769 0.153846 0.040000 5600 7472 11619
0.730769 0.153846 0.040000 5600 7472 11619
0.384615 0.038462 0.000000 5762 7709 11848
0.192308 -0.038462 -0.040000 6239 8354 12246
0.192308 -0.038462 -0.040000 6239 8354 12246
-0.153846 -0.153846 0.000000 6375 8619 12112
-0.153846 -0.153846 0.080000 6586 9373 11535
-0.153846 -0.153846 0.080000 6586 9373 11535
-0.115385 -0.153846 0.080000 6575 9552 11412
