0.269231 -0.400000 0.961538 113.400002 86.750000 -274.750000
0.269231 -0.400000 0.961538 115.099998 78.650002 -270.149994
0.307692 -0.360000 1.000000 117.150002 75.199997 -262.850006
0.307692 -0.360000 1.000000 117.150002 75.199997 -262.850006
0.307692 -0.360000 0.923077 0.000000 0.000000 0.000000
0.307692 -0.360000 0.923077 -9.650000 3.450000 16.950001
0.307692 -0.360000 0.923077 -10.900000 3.050000 21.450001
0.307692 -0.360000 0.923077 -10.900000 3.050000 21.450001
0.230769 -0.360000 0.846154 0.000000 0.000000 0.000000
0.192308 -0.400000 0.846154 -2.350000 0.500000 15.050000
0.192308 -0.400000 0.846154 -2.350000 0.500000 15.050000
0.153846 -0.440000 0.846154 0.000000 0.000000 0.000000
0.153846 -0.440000 0.846154 -2.100000 -4.600000 9.300000
0.153846 -0.440000 0.846154 -2.100000 -4.600000 9.300000
0.038462 -0.480000 0.846154 0.000000 0.000000 0.000000
0.038462 -0.440000 0.846154 0.000000 -11.500000 1.000000
0.038462 -0.440000 0.846154 0.000000 -11.500000 1.000000
0.115385 -0.400000 0.730769 0.000000 0.000000 0.000000
0.153846 -0.360000 0.692308 6.850000 -12.900000 6.250000
0.153846 -0.360000 0.692308 6.850000 -12.900000 6.250000
0.153846 -0.320000 0.653846 0.000000 0.000000 0.000000
0.076923 -0.280000 0.653846 6.250000 8.150000 19.000000
0.076923 -0.280000 0.653846 6.250000 8.150000 19.000000
-0.038462 -0.280000 0.615385 0.000000 0.000000 0.000000
-0.038462 -0.240000 0.615385 9.900000 3.250000 -1.450000
-0.038462 -0.240000 0.615385 9.900000 3.250000 -1.450000
-0.076923 -0.120000 0.615385 0.000000 0.000000 0.000000
-0.115385 -0.120000 0.615385 7.800000 6.000000 9.950000
-0.115385 -0.120000 0.615385 7.800000 6.000000 9.950000
-0.307692 -0.160000 0.538462 0.000000 0.000000 0.000000
-0.346154 -0.200000 0.538462 19.250000 -5.050000 -3.100000
-0.346154 -0.160000 0.576923 25.500000 -0.950000 -7.950000
-0.346154 -0.160000 0.576923 25.500000 -0.950000 -7.950000
-0.384615 -0.200000 0.576923 0.000000 0.000000 0.000000
-0.384615 -0.160000 0.538462 7.750000 10.150000 -15.600000
-0.384615 -0.160000 0.538462 7.750000 10.150000 -15.600000
-0.461538 -0.120000 0.692308 0.000000 0.000000 0.000000
-0.500000 -0.120000 0.730769 21.100000 -8.900000 -3.100000
-0.500000 -0.120000 0.730769 21.100000 -8.900000 -3.100000
-0.576923 -0.160000 0.769231 0.000000 0.000000 0.000000
-0.500000 -0.120000 0.769231 16.350000 -18.200001 -24.299999
-0.500000 -0.120000 0.769231 16.350000 -18.200001 -24.299999
-0.384615 0.040000 0.846154 0.000000 0.000000 0.000000
-0.384615 0.040000 0.923077 0.000000 22.250000 -6.550000
-0.384615 0.040000 0.923077 0.000000 22.250000 -6.550000
-0.461538 0.120000 1.038462 0.000000 0.000000 0.000000
-0.500000 0.160000 1.038462 20.750000 -38.099998 -1.800000
-0.500000 0.200000 1.076923 23.049999 -45.000000 -7.150000
-0.500000 0.200000 1.076923 23.049999 -45.000000 -7.150000
-0.461538 0.320000 1.115385 0.000000 0.000000 0.000000
-0.500000 0.320000 1.115385 -25.650000 32.500000 -13.900000
-0.500000 0.320000 1.115385 -25.650000 32.500000 -13.900000
-0.653846 0.280000 1.076923 0.000000 0.000000 0.000000
-0.653846 0.320000 1.115385 -2.900000 -5.000000 -15.400000
-0.653846 0.320000 1.115385 -2.900000 -5.000000 -15.400000
-0.692308 0.320000 1.076923 0.000000 0.000000 0.000000
-0.692308 0.320000 1.038462 -9.500000 -1.350000 -25.750000
-0.692308 0.320000 1.038462 -9.500000 -1.350000 -25.750000
-0.692308 0.400000 1.038462 0.000000 0.000000 0.000000
-0.653846 0.440000 1.038462 -3.850000 -8.800000 -30.200001
-0.653846 0.440000 1.038462 -3.850000 -8.800000 -30.200001
-0.538462 0.560000 1.038462 0.000000 0.000000 0.000000
-0.538462 0.560000 1.038462 5.050000 -18.150000 -19.299999
-0.500000 0.600000 1.076923 4.250000 -21.250000 -23.450001
-0.500000 0.600000 1.076923 4.250000 -21.250000 -23.450001
-0.423077 0.680000 1.192308 0.000000 0.000000 0.000000
-0.384615 0.720000 1.230769 -10.050000 -7.350000 -20.850000
-0.384615 0.720000 1.230769 -10.050000 -7.350000 -20.850000
-0.307692 0.760000 1.346154 0.000000 0.000000 0.000000
-0.269231 0.760000 1.346154 -26.650000 16.200001 -7.000000
-0.269231 0.760000 1.346154 -26.650000 16.200001 -7.000000
-0.192308 0.720000 1.384615 0.000000 0.000000 0.000000
-0.153846 0.680000 1.423077 -15.050000 -17.200001 2.450000
-0.115385 0.680000 1.423077 -24.250000 -14.700000 2.300000
-0.115385 0.680000 1.423077 -24.250000 -14.700000 2.300000
-0.115385 0.600000 1.384615 0.000000 0.000000 0.000000
-0.076923 0.600000 1.346154 -40.650002 32.000000 -8.100000
-0.038462 0.600000 1.307692 -44.500000 27.500000 -10.350000
-0.038462 0.600000 1.307692 -44.500000 27.500000 -10.350000
0.076923 0.560000 1.307692 0.000000 0.000000 0.000000
0.076923 0.560000 1.307692 -16.850000 3.950000 14.250000
0.076923 0.560000 1.307692 -16.850000 3.950000 14.250000
0.076923 0.480000 1.230769 0.000000 0.000000 0.000000
0.076923 0.400000 1.192308 -17.799999 4.950000 13.750000
0.076923 0.400000 1.192308 -17.799999 4.950000 13.750000
0.000000 0.360000 1.153846 0.000000 0.000000 0.000000
0.000000 0.320000 1.153846 0.700000 -20.200001 1.200000
0.000000 0.320000 1.153846 0.700000 -20.200001 1.200000
0.076923 0.320000 1.076923 0.000000 0.000000 0.000000
0.076923 0.320000 1.076923 -8.450000 -0.800000 6.550000
0.115385 0.280000 1.038462 -9.700000 -2.850000 10.650000
0.115385 0.280000 1.038462 -9.700000 -2.850000 10.650000
0.115385 0.240000 1.038462 0.000000 0.000000 0.000000
0.115385 0.200000 1.038462 -2.950000 -5.650000 11.150000
0.115385 0.200000 1.038462 -2.950000 -5.650000 11.150000
0.192308 0.240000 1.038462 0.000000 0.000000 0.000000
0.192308 0.240000 1.038462 -4.950000 2.700000 19.450001
0.192308 0.240000 1.038462 -4.950000 2.700000 19.450001
0.153846 0.160000 1.000000 0.000000 0.000000 0.000000
0.153846 0.120000 1.000000 -0.550000 -2.700000 29.549999
0.153846 0.120000 1.000000 -0.550000 -2.700000 29.549999
0.076923 0.000000 0.923077 0.000000 0.000000 0.000000
0.076923 -0.040000 0.884615 6.850000 -7.000000 17.549999
0.076923 -0.040000 0.884615 6.850000 -7.000000 17.549999
0.153846 -0.080000 0.884615 0.000000 0.000000 0.000000
0.153846 -0.120000 0.846154 1.600000 13.650000 12.650000
0.153846 -0.120000 0.846154 1.600000 13.650000 12.650000
0.153846 -0.120000 0.846154 0.000000 0.000000 0.000000
0.153846 -0.160000 0.846154 7.050000 -3.250000 12.450000
0.153846 -0.160000 0.807692 8.100000 0.950000 16.049999
0.153846 -0.160000 0.807692 8.100000 0.950000 16.049999
0.269231 -0.160000 0.769231 0.000000 0.000000 0.000000
0.269231 -0.160000 0.730769 2.600000 10.800000 7.400000
0.269231 -0.160000 0.730769 2.600000 10.800000 7.400000
0.269231 -0.200000 0.730769 0.000000 0.000000 0.000000
0.269231 -0.200000 0.692308 7.900000 4.100000 20.049999
0.269231 -0.200000 0.692308 7.900000 4.100000 20.049999
0.192308 -0.240000 0.615385 0.000000 0.000000 0.000000
0.192308 -0.240000 0.653846 10.250000 6.750000 11.300000
0.192308 -0.240000 0.653846 10.250000 6.750000 11.300000
0.153846 -0.240000 0.615385 0.000000 0.000000 0.000000
0.115385 -0.280000 0.615385 4.250000 6.900000 22.000000
0.115385 -0.280000 0.615385 4.250000 6.900000 22.000000
