0.269231 -0.461538 1.040000 8020 7686 7080
0.346154 -0.423077 1.040000 8038 7262 7258
0.346154 -0.423077 1.040000 8038 7262 7258
0.576923 -0.269231 1.000000 8015 6942 7544
0.576923 -0.307692 1.000000 7513 7094 8639
0.538462 -0.269231 0.920000 7283 7251 8926
0.538462 -0.269231 0.920000 7283 7251 8926
0.500000 -0.269231 0.760000 7115 7446 9128
0.500000 -0.230769 0.680000 6272 8314 9258
0.500000 -0.230769 0.680000 6272 8314 9258
0.615385 -0.076923 0.440000 5901 8872 9169
0.692308 -0.038462 0.360000 5387 9469 9086
0.730769 0.038462 0.280000 5499 9200 9384
0.730769 0.038462 0.280000 5499 9200 9384
0.576923 0.230769 0.160000 5764 8718 9898
0.384615 0.192308 0.080000 6589 7078 12460
0.115385 0.192308 0.000000 6926 6526 13160
0.115385 0.192308 0.000000 6926 6526 13160
-0.423077 0.076923 -0.160000 7342 6182 13644
-0.538462 0.115385 -0.120000 8750 6190 13959
-0.538462 0.115385 -0.120000 8750 6190 13959
-0.923077 0.000000 0.120000 8978 6762 13967
-1.000000 -0.038462 0.160000 9130 7731 13574
-1.000000 -0.038462 0.160000 9130 7731 13574
-1.192308 -0.269231 0.080000 9011 7999 13388
-1.307692 -0.346154 0.080000 8742 9340 12673
-1.307692 -0.346154 0.080000 8742 9340 12673
-1.538462 -0.346154 0.080000 8783 9681 12339
-1.615385 -0.307692 0.160000 9685 9033 11537
-1.615385 -0.307692 0.160000 9685 9033 11537
-1.692308 -0.153846 0.320000 10100 8489 11359
-1.769231 -0.153846 0.400000 10660 7819 11137
-1.923077 -0.115385 0.480000 10603 7968 10960
-1.923077 -0.115385 0.480000 10603 7968 10960
-2.269231 -0.038462 0.600000 10578 7983 10628
-2.230769 0.000000 0.640000 10972 6978 9108
-2.153846 0.038462 0.680000 11104 6567 8566
-2.153846 0.038462 0.680000 11104 6567 8566
-1.961538 0.192308 0.760000 11138 6455 8075
-1.923077 0.230769 0.800000 11016 6258 6834
-1.846154 0.269231 0.840000 11061 5973 6415
-1.846154 0.269231 0.840000 11061 5973 6415
-1.500000 0.346154 0.800000 11169 5542 6081
-1.346154 0.346154 0.840000 11672 3672 5346
-1.230769 0.307692 0.960000 11838 3210 5267
-1.230769 0.307692 0.960000 11838 3210 5267
-1.038462 0.115385 1.040000 11784 3046 5164
-1.038462 0.038462 1.040000 10828 2903 4886
-1.038462 0.038462 1.040000 10828 2903 4886
-0.807692 0.038462 1.160000 10758 2777 4621
-0.692308 0.192308 1.120000 10555 2222 3352
-0.692308 0.192308 1.120000 10555 2222 3352
-0.461538 0.500000 1.240000 10420 2464 2950
-0.346154 0.807692 1.600000 9992 3875 2055
-0.192308 1.076923 1.720000 9741 4009 928
0.038462 1.346154 1.800000 9534 3867 6488
0.038462 1.346154 1.800000 9534 3867 6488
0.692308 1.846154 2.080000 9127 4083 6424
0.884615 1.923077 2.160000 7388 5352 880
0.884615 1.923077 2.160000 7388 5352 880
1.192308 1.846154 2.080000 6766 5514 1576
1.153846 1.807692 1.960000 5170 5590 4163
1.153846 1.807692 1.960000 5170 5590 4163
0.923077 1.500000 1.680000 4763 5530 5048
0.846154 1.384615 1.520000 3757 5378 6984
0.846154 1.384615 1.520000 3757 5378 6984
0.653846 1.153846 1.080000 3408 5585 7282
0.692308 1.076923 0.920000 2723 6394 7585
0.692308 1.076923 0.920000 2723 6394 7585
0.846154 0.884615 0.600000 2704 6612 7675
0.884615 0.807692 0.520000 3070 6797 8525
0.884615 0.807692 0.520000 3070 6797 8525
0.884615 0.615385 0.320000 3359 6553 8944
0.884615 0.538462 0.280000 4358 5577 10289
0.846154 0.500000 0.200000 4676 5362 10759
0.846154 0.500000 0.200000 4676 5362 10759
0.769231 0.384615 0.040000 4881 5346 11200
0.692308 0.346154 0.040000 5044 6232 12378
0.692308 0.346154 0.040000 5044 6232 12378
0.423077 0.153846 -0.040000 5037 6595 12656
0.346154 0.076923 -0.040000 5312 7137 12911
0.346154 0.076923 -0.040000 5312 7137 12911
0.307692 0.076923 -0.200000 5393 7256 12704
0.230769 0.000000 -0.200000 5371 8898 12283
0.230769 0.000000 -0.200000 5371 8898 12283
0.038462 -0.076923 -0.160000 5331 9408 12264
-0.038462 -0.153846 -0.200000 5680 9426 12753
