0.461538 -0.461538 0.920000 9145 6990 5812
0.576923 -0.346154 1.040000 8926 7135 5687
0.576923 -0.346154 1.040000 8926 7135 5687
1.153846 0.115385 1.200000 8526 7419 5666
1.346154 0.230769 1.320000 7181 8649 6634
1.346154 0.230769 1.320000 7181 8649 6634
1.615385 0.576923 1.280000 6785 8782 7419
1.500000 0.615385 1.160000 6208 7841 10885
1.500000 0.615385 1.160000 6208 7841 10885
1.000000 0.730769 0.880000 6242 7437 12058
0.769231 0.730769 0.840000 6699 6524 14995
0.769231 0.730769 0.840000 6699 6524 14995
0.076923 0.807692 0.680000 6721 6494 15729
-0.192308 0.769231 0.560000 6413 6638 10128
-0.461538 0.730769 0.400000 6332 6674 10160
-0.461538 0.730769 0.400000 6332 6674 10160
-1.153846 0.461538 -0.080000 6445 6702 10145
-1.346154 0.307692 -0.160000 8077 6680 9954
-1.346154 0.307692 -0.160000 8077 6680 9954
-1.153846 0.230769 0.000000 8831 6640 15587
-1.115385 0.269231 0.080000 10216 6970 13886
-1.153846 0.307692 0.160000 10170 7364 13695
-1.153846 0.307692 0.160000 10170 7364 13695
-1.576923 0.307692 0.240000 10089 7669 13593
-1.730769 0.269231 0.240000 10310 7197 12769
-1.807692 0.423077 0.360000 10858 7036 11370
-1.807692 0.423077 0.360000 10858 7036 11370
-2.038461 0.307692 0.440000 10825 7241 11127
-2.192308 0.269231 0.400000 10812 7152 10371
-2.269231 0.230769 0.400000 10982 7031 9798
-2.269231 0.230769 0.400000 10982 7031 9798
-2.423077 0.230769 0.720000 11216 6973 9119
-2.346154 0.269231 0.760000 11478 6640 6769
-2.346154 0.269231 0.760000 11478 6640 6769
-2.115385 0.500000 1.080000 11554 6419 6086
-2.076923 0.538462 1.200000 11625 5745 4433
-2.076923 0.538462 1.200000 11625 5745 4433
-1.500000 0.730769 1.240000 11581 5394 3762
-1.230769 0.769231 1.240000 11235 5077 2063
-1.000000 0.807692 1.280000 11081 5293 1791
-1.000000 0.807692 1.280000 11081 5293 1791
-0.538462 0.730769 1.240000 10896 5521 1620
-0.538462 0.653846 1.280000 10433 6466 1670
-0.538462 0.653846 1.280000 10433 6466 1670
-0.384615 0.615385 1.400000 10376 6474 1689
-0.192308 0.615385 1.440000 10604 5270 1767
-0.038462 0.615385 1.440000 10527 5099 2141
-0.038462 0.615385 1.440000 10527 5099 2141
-0.307692 0.500000 1.800000 10368 5124 2738
-0.307692 0.538462 1.880000 9762 4562 3395
-0.230769 0.692308 1.920000 9633 4183 3144
-0.230769 0.692308 1.920000 9633 4183 3144
0.230769 1.153846 2.080000 9208 4263 2843
0.346154 1.307692 2.000000 7347 5513 2763
0.346154 1.307692 2.000000 7347 5513 2763
0.884615 1.576923 1.920000 6933 5733 2920
1.038462 1.576923 1.880000 6362 5402 4360
1.038462 1.576923 1.880000 6362 5402 4360
1.230769 1.423077 1.560000 6219 5108 5095
1.192308 1.307692 1.480000 5497 5241 7384
1.192308 1.307692 1.480000 5497 5241 7384
0.923077 0.961538 1.200000 5201 5496 7937
0.846154 0.884615 1.080000 4455 6141 8831
0.846154 0.884615 1.080000 4455 6141 8831
0.769231 0.730769 0.840000 4359 6294 9026
0.730769 0.692308 0.800000 4467 6415 9621
0.730769 0.692308 0.800000 4467 6415 9621
0.653846 0.653846 0.640000 4444 6468 9834
0.615385 0.615385 0.560000 4157 6742 10513
0.576923 0.576923 0.480000 4129 6909 10744
0.576923 0.576923 0.480000 4129 6909 10744
0.538462 0.461538 0.280000 4107 7070 10959
0.500000 0.423077 0.240000 4089 7675 11667
0.423077 0.384615 0.200000 4016 7946 11975
0.423077 0.384615 0.200000 4016 7946 11975
0.192308 0.192308 -0.040000 3970 8102 12274
0.076923 0.153846 -0.120000 4647 7674 12933
0.076923 0.153846 -0.120000 4647 7674 12933
-0.192308 0.038462 -0.200000 4842 7947 13130
-0.346154 -0.076923 -0.240000 4652 9684 13387
-0.346154 -0.076923 -0.240000 4652 9684 13387
-0.576923 -0.307692 -0.200000 4570 10154 13283
-0.576923 -0.269231 -0.200000 5369 9008 12594
-0.576923 -0.269231 -0.200000 5369 9008 12594
-0.807692 -0.346154 -0.280000 5686 8558 12596
