0.576923 -0.153846 0.920000 9020 6525 4511
0.692308 -0.038462 0.920000 8819 6640 4684
0.692308 -0.038462 0.920000 8819 6640 4684
1.192308 0.346154 1.120000 8746 6629 4886
1.384615 0.461538 1.200000 8152 6854 6003
1.538462 0.576923 1.320000 7595 7201 6682
1.538462 0.576923 1.320000 7595 7201 6682
1.730769 0.769231 1.200000 6920 7538 7536
1.653846 0.807692 1.040000 5308 7803 10794
1.653846 0.807692 1.040000 5308 7803 10794
1.115385 0.807692 0.600000 5103 7650 11928
0.846154 0.769231 0.440000 5052 7378 15108
0.615385 0.769231 0.360000 5051 7442 15791
0.615385 0.769231 0.360000 5051 7442 15791
-0.076923 0.807692 0.120000 5088 7364 9955
-0.346154 0.807692 0.080000 5684 6594 10224
-0.576923 0.769231 0.040000 6124 6190 10275
-0.576923 0.769231 0.040000 6124 6190 10275
-1.192308 0.615385 -0.440000 6678 5743 10297
-1.384615 0.500000 -0.520000 9311 5303 10139
-1.576923 0.384615 -0.400000 10444 5475 10028
-1.576923 0.384615 -0.400000 10444 5475 10028
-1.653846 0.153846 0.240000 11371 5613 9865
-1.615385 0.192308 0.320000 11916 5855 13863
-1.615385 0.192308 0.320000 11916 5855 13863
-1.884615 0.269231 0.200000 11643 6159 13422
-2.038461 0.230769 0.360000 11624 7075 12185
-2.038461 0.230769 0.360000 11624 7075 12185
-2.192308 0.230769 0.800000 11752 7020 11586
-2.192308 0.230769 0.880000 11711 6321 9654
-2.230769 0.269231 1.000000 11619 6119 9087
-2.230769 0.269231 1.000000 11619 6119 9087
-2.153846 0.307692 1.240000 11505 5847 8438
-2.038461 0.346154 1.200000 10864 5434 6292
-1.923077 0.423077 1.240000 10787 5358 5650
-1.923077 0.423077 1.240000 10787 5358 5650
-1.500000 0.538462 1.320000 10779 5168 5103
-1.384615 0.538462 1.360000 10683 4371 3983
-1.307692 0.538462 1.400000 10670 3914 3630
-1.307692 0.538462 1.400000 10670 3914 3630
-0.807692 0.653846 1.360000 10668 3410 3184
-0.653846 0.615385 1.400000 9789 4754 2054
-0.538462 0.576923 1.440000 9426 5508 1817
-0.538462 0.576923 1.440000 9426 5508 1817
-0.153846 0.461538 1.400000 9247 5777 1655
-0.115385 0.384615 1.400000 9317 5674 1657
-0.038462 0.384615 1.440000 9302 5626 1684
-0.038462 0.384615 1.440000 9302 5626 1684
0.269231 0.576923 1.760000 9226 5724 1648
0.307692 0.615385 1.880000 8452 6656 2119
0.346154 0.692308 1.920000 8224 6590 2322
0.346154 0.692308 1.920000 8224 6590 2322
0.538462 0.923077 2.240000 8079 6470 2555
0.615385 1.038462 2.320000 7504 5842 3511
0.653846 1.115385 2.320000 7074 5618 3867
0.653846 1.115385 2.320000 7074 5618 3867
0.692308 1.269231 2.120000 6620 5438 4226
0.730769 1.269231 2.000000 5278 5264 5053
0.769231 1.230769 1.840000 4861 5272 5352
0.769231 1.230769 1.840000 4861 5272 5352
0.730769 0.961538 1.280000 4531 5298 5647
0.692308 0.884615 1.120000 4143 5236 6235
0.692308 0.884615 1.120000 4143 5236 6235
0.807692 0.807692 0.760000 4123 5194 6282
0.923077 0.807692 0.640000 4081 5463 6208
0.923077 0.807692 0.640000 4081 5463 6208
1.307692 0.884615 0.480000 4056 5775 6270
1.384615 0.846154 0.440000 4362 5870 7537
1.384615 0.846154 0.440000 4362 5870 7537
1.346154 0.769231 0.280000 4594 5830 8249
1.307692 0.692308 0.240000 5128 6221 10367
1.307692 0.692308 0.240000 5128 6221 10367
1.000000 0.615385 0.160000 5139 6492 10961
0.923077 0.576923 0.080000 5047 7270 12317
0.923077 0.576923 0.080000 5047 7270 12317
0.653846 0.576923 -0.120000 5115 7426 12730
0.538462 0.538462 -0.160000 5752 7723 14325
0.423077 0.538462 -0.160000 6056 7710 14819
0.423077 0.538462 -0.160000 6056 7710 14819
-0.076923 0.538462 -0.120000 6334 7712 15318
-0.346154 0.423077 -0.040000 6651 8582 10000
-0.346154 0.423077 -0.040000 6651 8582 10000
