0.653846 -0.269231 0.760000 8124 7760 5949
0.923077 -0.115385 0.880000 8014 7913 6207
1.192308 0.038462 1.000000 7704 8297 6757
1.192308 0.038462 1.000000 7704 8297 6757
1.346154 0.307692 1.120000 7212 8817 7597
1.269231 0.384615 1.080000 6192 8718 10442
1.269231 0.500000 1.040000 6365 8068 11315
1.269231 0.500000 1.040000 6365 8068 11315
1.038462 0.730769 1.000000 6554 7526 12201
0.884615 0.769231 0.960000 6048 7783 14612
0.692308 0.884615 0.880000 5438 8201 15311
0.692308 0.884615 0.880000 5438 8201 15311
-0.076923 1.153846 0.520000 5015 8424 9880
-0.461538 1.115385 0.400000 5170 7479 10274
-0.846154 1.000000 0.320000 5634 6952 10332
-0.846154 1.000000 0.320000 5634 6952 10332
-1.692308 0.653846 -0.200000 6041 6715 10292
-1.769231 0.576923 -0.200000 8028 7286 15599
-1.730769 0.576923 0.040000 8840 7604 14766
-1.730769 0.576923 0.040000 8840 7604 14766
-1.423077 0.807692 0.480000 9354 7713 13991
-1.461538 0.769231 0.400000 9420 6956 13568
-1.538462 0.692308 0.320000 9478 6477 13732
-1.538462 0.692308 0.320000 9478 6477 13732
-1.961538 0.384615 0.160000 9662 5913 13810
-2.153846 0.269231 0.160000 10238 5516 13176
-2.153846 0.269231 0.160000 10238 5516 13176
-2.346154 0.076923 0.160000 10276 5682 12522
-2.346154 0.076923 0.160000 10333 5704 10204
-2.384615 0.115385 0.160000 10381 5675 9435
-2.384615 0.115385 0.160000 10381 5675 9435
-2.346154 0.192308 0.240000 10553 5552 8643
-2.269231 0.230769 0.240000 11235 4808 6284
-2.192308 0.307692 0.240000 11425 4710 5434
-2.192308 0.307692 0.240000 11425 4710 5434
-1.807692 0.615385 0.680000 11738 4652 4604
-1.692308 0.692308 1.080000 12675 4391 2117
-1.538462 0.846154 1.280000 12567 3941 1216
-1.538462 0.846154 1.280000 12567 3941 1216
-0.538462 1.346154 1.440000 12346 3403 6491
-0.461538 1.307692 1.600000 11647 3402 6474
-0.461538 1.307692 1.600000 11647 3402 6474
-0.230769 1.076923 1.760000 11371 3041 640
-0.230769 0.961538 1.760000 10163 2502 1804
-0.230769 0.961538 1.760000 10163 2502 1804
-0.346154 0.692308 1.880000 9727 2483 2174
-0.384615 0.615385 1.920000 8591 3397 2752
-0.384615 0.615385 1.920000 8591 3397 2752
0.000000 0.961538 1.800000 8206 3373 2509
0.230769 1.038462 1.720000 7096 4156 2041
0.384615 1.115385 1.720000 6690 4567 2211
0.384615 1.115385 1.720000 6690 4567 2211
0.538462 1.269231 1.640000 6400 4782 2500
0.615385 1.346154 1.560000 5999 4266 3293
0.615385 1.346154 1.560000 5999 4266 3293
0.884615 1.384615 1.440000 5901 4155 3599
0.923077 1.346154 1.360000 5187 4430 5041
0.923077 1.346154 1.360000 5187 4430 5041
0.923077 1.153846 1.120000 4952 4571 5521
0.884615 1.076923 1.040000 4585 4751 6625
0.884615 1.076923 1.040000 4585 4751 6625
0.961538 0.961538 0.680000 4461 4815 6907
0.961538 0.884615 0.680000 4270 5897 7993
0.961538 0.884615 0.680000 4270 5897 7993
1.000000 0.807692 0.600000 4277 6070 8320
1.000000 0.769231 0.520000 4090 6564 9343
1.000000 0.769231 0.480000 4023 6754 9681
1.000000 0.769231 0.480000 4023 6754 9681
0.923077 0.692308 0.160000 3925 7039 10067
0.884615 0.653846 0.080000 3931 8022 11245
0.846154 0.653846 0.000000 4247 7938 11617
0.846154 0.615385 -0.120000 4728 7662 12038
0.846154 0.615385 -0.120000 4728 7662 12038
0.730769 0.538462 -0.240000 5194 7492 12487
0.692308 0.538462 -0.280000 5975 7997 13593
0.692308 0.576923 -0.320000 6137 8322 13889
0.692308 0.576923 -0.320000 6137 8322 13889
0.269231 0.538462 -0.240000 6243 8914 14239
0.000000 0.500000 -0.160000 6846 9929 15210
-0.230769 0.423077 -0.040000 7217 9869 15347
-0.230769 0.423077 -0.040000 7217 9869 15347
-1.269231 -0.192308 0.400000 7550 9762 15448
