0.192308 -0.576923 1.240000 7199 8141 6253
0.230769 -0.500000 1.240000 7100 7939 6266
0.230769 -0.500000 1.240000 7100 7939 6266
0.500000 -0.384615 1.200000 7086 7710 6265
0.576923 -0.307692 1.200000 6794 7457 6605
0.615385 -0.269231 1.200000 6603 7546 6828
0.615385 -0.269231 1.200000 6603 7546 6828
0.807692 -0.115385 1.120000 6419 7546 6977
0.884615 -0.076923 1.080000 5990 7357 7596
0.884615 -0.076923 1.080000 5990 7357 7596
1.000000 0.000000 0.920000 5852 7372 7966
0.961538 0.038462 0.840000 5642 7133 9311
0.961538 0.038462 0.840000 5642 7133 9311
0.846154 0.076923 0.640000 5690 6896 9774
0.769231 0.115385 0.560000 5927 6299 11161
0.730769 0.153846 0.480000 5999 6170 11580
0.730769 0.153846 0.480000 5999 6170 11580
0.538462 0.192308 0.200000 6071 6139 11969
0.461538 0.192308 0.120000 6379 6335 12858
0.461538 0.192308 0.120000 6379 6335 12858
0.269231 0.269231 -0.040000 6577 6426 13095
0.192308 0.307692 -0.040000 7545 6342 13820
0.192308 0.307692 -0.040000 7545 6342 13820
-0.269231 0.307692 -0.040000 7914 6317 14193
-0.461538 0.269231 -0.040000 8813 6132 14832
-0.461538 0.269231 -0.040000 8813 6132 14832
-0.807692 0.192308 -0.040000 9193 5961 14767
-0.884615 0.153846 0.080000 10266 6030 14098
-0.884615 0.153846 0.080000 10266 6030 14098
-1.000000 0.115385 0.360000 10495 6158 13812
-1.038462 0.115385 0.400000 10639 6343 12845
-1.076923 0.115385 0.400000 10737 6335 12502
-1.076923 0.115385 0.400000 10737 6335 12502
-1.192308 0.153846 0.520000 10890 6297 12174
-1.230769 0.192308 0.640000 11340 6358 11299
-1.230769 0.192308 0.640000 11340 6358 11299
-1.307692 0.153846 0.840000 11408 6276 10952
-1.307692 0.230769 0.880000 11634 5706 9747
-1.307692 0.230769 0.880000 11634 5706 9747
-1.346154 0.346154 1.200000 11702 5712 9395
-1.384615 0.346154 1.320000 11602 6008 8494
-1.346154 0.346154 1.360000 11397 6172 8131
-1.346154 0.346154 1.360000 11397 6172 8131
-1.423077 0.384615 1.480000 11144 6373 7756
-1.384615 0.423077 1.520000 10900 6332 6564
-1.346154 0.423077 1.520000 10724 6369 6239
-1.346154 0.423077 1.520000 10724 6369 6239
-1.307692 0.538462 1.400000 10542 6470 5926
-1.269231 0.538462 1.400000 10542 6273 4820
-1.153846 0.576923 1.480000 10685 6072 4368
-1.153846 0.576923 1.480000 10685 6072 4368
-0.807692 0.615385 1.440000 10647 6020 3968
-0.730769 0.615385 1.440000 9929 7015 3187
-0.692308 0.576923 1.440000 9759 7475 3073
-0.692308 0.576923 1.440000 9759 7475 3073
-0.576923 0.461538 1.520000 9670 7766 2987
-0.538462 0.461538 1.600000 9648 7664 2839
-0.538462 0.423077 1.720000 9615 7521 2883
-0.538462 0.423077 1.720000 9615 7521 2883
-0.423077 0.346154 1.800000 9475 7386 2902
-0.384615 0.346154 1.800000 8941 7151 2800
-0.384615 0.346154 1.800000 8941 7151 2800
-0.307692 0.461538 1.920000 8791 7108 2637
-0.230769 0.576923 1.960000 7893 7572 2061
-0.230769 0.576923 1.960000 7893 7572 2061
0.153846 0.769231 1.920000 7626 7619 1926
0.269231 0.807692 1.880000 7018 7276 2385
0.384615 0.807692 1.840000 6944 7004 2719
0.384615 0.807692 1.840000 6944 7004 2719
0.500000 0.846154 1.800000 6855 6774 3151
0.538462 0.884615 1.800000 6326 6433 4195
0.615385 0.884615 1.800000 6121 6495 4481
0.615385 0.884615 1.800000 6121 6495 4481
0.730769 0.846154 1.880000 5945 6548 4797
0.807692 0.884615 1.760000 5196 6476 5685
0.807692 0.884615 1.760000 5196 6476 5685
0.769231 0.807692 1.520000 5005 6518 6118
0.769231 0.769231 1.400000 4690 6330 7328
0.769231 0.730769 1.280000 4638 6246 7729
0.769231 0.730769 1.280000 4638 6246 7729
0.692308 0.576923 1.040000 4596 6281 8095
0.653846 0.538462 1.000000 4470 6555 8949
0.692308 0.500000 0.960000 4397 6631 9201
0.692308 0.500000 0.960000 4397 6631 9201
0.615385 0.500000 0.760000 4380 6605 9528
0.615385 0.461538 0.680000 4547 6378 10660
0.576923 0.461538 0.640000 4682 6228 11078
0.576923 0.461538 0.640000 4682 6228 11078
0.346154 0.384615 0.480000 4788 6176 11454
0.192308 0.346154 0.400000 4796 6607 12402
0.076923 0.269231 0.360000 4757 6769 12571
0.076923 0.269231 0.360000 4757 6769 12571
-0.153846 0.153846 0.120000 4779 6806 12627
-0.269231 0.076923 0.040000 5137 6840 12639
