0.576923 -0.423077 0.600000 8446 7503 6376
0.653846 -0.307692 0.640000 8664 7336 6640
0.807692 -0.230769 0.600000 8732 7232 7000
0.807692 -0.230769 0.600000 8732 7232 7000
1.076923 0.115385 0.720000 8824 7267 7451
1.115385 0.269231 0.840000 8634 7902 9206
1.115385 0.269231 0.840000 8634 7902 9206
1.038462 0.576923 1.000000 8262 8326 9918
0.961538 0.692308 0.960000 7313 8188 12079
0.961538 0.692308 0.960000 7313 8188 12079
0.615385 0.846154 0.680000 7199 7942 12863
0.461538 0.846154 0.600000 7134 7294 15038
0.269231 0.923077 0.480000 7100 7301 15680
0.269231 0.923077 0.480000 7100 7301 15680
-0.500000 0.769231 0.160000 7008 7431 9939
-0.807692 0.653846 0.040000 7701 7090 10059
-1.000000 0.576923 0.040000 8381 6640 9984
-1.000000 0.576923 0.040000 8381 6640 9984
-1.269231 0.384615 0.160000 9035 6276 9870
-1.307692 0.346154 0.280000 10112 6502 14413
-1.346154 0.307692 0.320000 10115 6923 13909
-1.346154 0.307692 0.320000 10115 6923 13909
-1.576923 0.230769 0.440000 10023 7368 13439
-1.653846 0.269231 0.440000 10190 7582 11887
-1.653846 0.269231 0.440000 10190 7582 11887
-1.769231 0.192308 0.640000 10343 7418 11377
-1.769231 0.192308 0.720000 10824 6587 9659
-1.769231 0.192308 0.720000 10922 6203 9164
-1.769231 0.192308 0.720000 10922 6203 9164
-1.615385 0.307692 0.680000 11061 5752 8686
-1.538462 0.307692 0.640000 11691 4292 7276
-1.538462 0.307692 0.640000 11691 4292 7276
-1.615385 0.307692 0.600000 11871 4030 6982
-1.692308 0.423077 0.680000 12077 4003 5564
-1.653846 0.576923 0.760000 12100 4328 4810
-1.653846 0.576923 0.760000 12100 4328 4810
-1.307692 0.961538 1.240000 12004 4818 4121
-1.230769 1.000000 1.360000 11433 6539 3011
-1.230769 1.000000 1.360000 11433 6539 3011
-1.230769 1.038462 1.720000 11317 6810 2924
-1.192308 1.038462 1.920000 11475 6357 2397
-1.192308 1.038462 1.920000 11475 6357 2397
-0.769231 1.076923 2.240000 11397 6026 2031
-0.692308 1.115385 2.320000 10347 6025 1492
-0.461538 1.115385 2.440000 9514 6597 1307
-0.346154 1.115385 2.480000 9094 6698 1271
-0.346154 1.115385 2.480000 9094 6698 1271
0.038462 1.115385 2.480000 8763 6612 1252
0.153846 1.153846 2.400000 7794 5841 1447
0.307692 1.192308 2.320000 7428 5669 1687
0.307692 1.192308 2.320000 7428 5669 1687
0.730769 1.192308 2.040000 6943 5651 2060
0.807692 1.115385 1.920000 5361 6752 3576
0.769231 1.000000 1.800000 5012 7035 4221
0.769231 1.000000 1.800000 5012 7035 4221
0.692308 0.769231 1.640000 4896 6986 4714
0.730769 0.769231 1.560000 4946 5825 5871
0.730769 0.769231 1.560000 4946 5825 5871
0.769231 0.692308 1.320000 4863 5687 6200
0.730769 0.692308 1.280000 4310 6304 7248
0.730769 0.692308 1.280000 4310 6304 7248
0.653846 0.615385 1.040000 4209 6341 7530
0.653846 0.615385 0.960000 4390 5806 8413
0.653846 0.615385 0.960000 4390 5806 8413
0.653846 0.576923 0.680000 4477 5714 8763
0.576923 0.538462 0.600000 4423 6297 9696
0.576923 0.538462 0.600000 4423 6297 9696
0.538462 0.461538 0.480000 4485 6458 9951
0.538462 0.461538 0.400000 4752 6630 10722
0.538462 0.461538 0.400000 4752 6630 10722
0.461538 0.423077 0.200000 4853 6577 11036
0.384615 0.384615 0.160000 5385 6654 12112
0.384615 0.384615 0.160000 5385 6654 12112
0.192308 0.269231 0.080000 5496 6858 12428
0.115385 0.153846 0.040000 5227 8511 13061
