0.153846 -0.653846 0.720000 8397 7497 7332
0.192308 -0.653846 0.720000 8267 7764 7461
0.192308 -0.653846 0.720000 8267 7764 7461
0.307692 -0.730769 1.080000 8337 7999 7505
0.423077 -0.653846 1.120000 8325 7240 7554
0.423077 -0.653846 1.120000 8325 7240 7554
0.846154 -0.346154 1.080000 8278 6725 7592
0.923077 -0.230769 1.080000 7958 6087 8602
0.884615 -0.192308 1.080000 7679 6338 9125
0.884615 -0.192308 1.080000 7679 6338 9125
0.769231 -0.076923 0.920000 7445 6528 9647
0.769231 -0.038462 0.840000 7298 5914 10961
0.692308 0.038462 0.680000 7348 5682 11402
0.692308 0.038462 0.680000 7348 5682 11402
0.500000 0.192308 0.320000 7461 5609 11858
0.423077 0.230769 0.280000 7968 6203 13008
0.423077 0.230769 0.280000 7968 6203 13008
0.115385 0.384615 0.240000 8148 6397 13308
0.000000 0.461538 0.240000 8468 6713 14090
-0.115385 0.576923 0.160000 8577 6907 14294
-0.115385 0.576923 0.160000 8577 6907 14294
-0.461538 0.769231 0.080000 8704 7110 14471
-0.653846 0.846154 0.120000 9174 7941 14976
-0.923077 0.923077 0.200000 9405 8148 15218
-0.923077 0.923077 0.200000 9405 8148 15218
-1.692308 0.615385 0.640000 9666 8212 15358
-1.807692 0.461538 0.600000 9999 7426 14359
-1.846154 0.423077 0.560000 10125 7006 13601
-1.846154 0.423077 0.560000 10125 7006 13601
-1.846154 0.346154 0.600000 10372 6633 12906
-1.923077 0.269231 0.640000 10696 6595 11084
-1.923077 0.269231 0.640000 10696 6595 11084
-2.038461 0.038462 0.680000 10748 6514 10329
-2.038461 0.038462 0.680000 11324 5029 7639
-1.884615 0.153846 0.600000 11540 4437 6539
-1.884615 0.153846 0.600000 11540 4437 6539
-1.346154 0.576923 0.440000 11713 4130 5600
-1.307692 0.653846 0.520000 12051 4733 4457
-1.346154 0.692308 0.600000 12292 4885 4232
-1.346154 0.692308 0.600000 12292 4885 4232
-1.461538 0.769231 1.200000 12566 4887 3927
-1.423077 0.807692 1.320000 12717 4849 2641
-1.423077 0.807692 1.320000 12717 4849 2641
-1.192308 1.000000 1.360000 12457 4981 2241
-1.153846 1.000000 1.400000 11733 5944 1585
-1.153846 1.000000 1.400000 11733 5944 1585
-1.000000 1.076923 1.720000 11683 6053 1435
-0.846154 1.153846 1.880000 11640 5384 744
-0.846154 1.153846 1.880000 11640 5384 744
-0.500000 1.346154 2.440000 11235 5581 580
-0.384615 1.423077 2.480000 9137 6726 6496
-0.230769 1.500000 2.520000 8534 6993 661
-0.230769 1.500000 2.520000 8534 6993 661
0.000000 1.538462 2.720000 8017 7138 983
0.076923 1.576923 2.720000 7061 5918 2211
0.115385 1.538462 2.680000 6688 5476 2699
0.115385 1.538462 2.680000 6688 5476 2699
0.346154 1.461538 2.280000 6241 5142 3128
0.461538 1.461538 2.120000 4807 4903 4303
0.538462 1.384615 1.920000 4444 5016 4729
0.538462 1.384615 1.920000 4444 5016 4729
0.692308 1.230769 1.480000 4226 5091 5231
0.769231 1.153846 1.400000 4304 4546 6687
0.769231 1.115385 1.320000 4308 4442 7242
0.769231 1.115385 1.320000 4308 4442 7242
0.730769 1.038462 1.080000 4236 4467 7756
0.692308 1.000000 0.920000 3884 4764 9154
0.692308 1.000000 0.920000 3884 4764 9154
0.730769 0.923077 0.600000 3882 4868 9536
0.769231 0.884615 0.520000 4103 5288 10618
0.769231 0.884615 0.400000 4225 5354 11022
0.769231 0.884615 0.400000 4225 5354 11022
0.769231 0.923077 0.240000 4523 5176 11480
0.692308 0.884615 0.240000 5892 4598 13345
0.692308 0.884615 0.240000 5892 4598 13345
-0.076923 0.615385 0.320000 6163 4602 14074
-0.653846 0.230769 0.400000 6507 5526 9858
