0.038462 -0.807692 0.920000 7729 8115 7143
0.115385 -0.692308 1.040000 7628 8129 6986
0.230769 -0.653846 1.000000 7329 8185 6995
0.230769 -0.653846 1.000000 7329 8185 6995
0.307692 -0.576923 1.040000 7105 8352 7145
0.346154 -0.538462 1.000000 7199 7301 7755
0.423077 -0.461538 0.960000 7534 6495 7828
0.423077 -0.461538 0.960000 7534 6495 7828
0.769231 -0.192308 0.840000 7774 5876 7974
0.884615 -0.076923 0.720000 7544 5486 8545
1.038462 0.038462 0.520000 7400 5716 8829
1.038462 0.038462 0.520000 7400 5716 8829
1.230769 0.192308 0.200000 7328 6064 9211
0.884615 0.230769 0.160000 7989 6687 11085
0.692308 0.192308 0.120000 8738 6513 12283
0.692308 0.192308 0.120000 8738 6513 12283
-0.038462 0.153846 0.120000 8990 6514 12741
-0.192308 0.115385 0.160000 9504 7044 13114
-0.230769 0.115385 0.120000 9621 7319 12948
-0.230769 0.115385 0.120000 9621 7319 12948
-0.384615 0.307692 0.120000 9741 7659 12808
-0.500000 0.346154 0.160000 10248 8507 12753
-0.500000 0.346154 0.160000 10248 8507 12753
-0.769231 0.346154 0.320000 10494 8505 12795
-0.807692 0.307692 0.320000 11276 8243 12598
-0.807692 0.307692 0.320000 11276 8243 12598
-1.076923 0.269231 0.440000 11369 8443 12318
-1.307692 0.192308 0.680000 11204 10010 11113
-1.538462 0.115385 0.840000 11121 9922 10694
-1.538462 0.115385 0.840000 11121 9922 10694
-1.692308 0.076923 0.920000 11271 9166 10208
-1.653846 0.076923 1.000000 12685 6148 8977
-1.653846 0.076923 1.000000 12685 6148 8977
-1.653846 0.115385 1.320000 13017 5516 8500
-1.653846 0.153846 1.360000 12583 5553 6727
-1.653846 0.153846 1.360000 12583 5553 6727
-1.423077 0.461538 1.120000 12311 5700 6128
-1.346154 0.538462 1.080000 12075 5818 5044
-1.346154 0.500000 1.120000 12285 5501 4921
-1.346154 0.500000 1.120000 12285 5501 4921
-1.269231 0.538462 1.400000 12518 5142 4746
-1.230769 0.576923 1.480000 11906 5464 3565
-1.153846 0.653846 1.480000 11411 5980 2935
-1.153846 0.653846 1.480000 11411 5980 2935
-0.423077 1.038462 1.680000 11009 6293 2374
-0.153846 1.038462 1.880000 10548 6294 1912
-0.153846 1.038462 1.880000 10548 6294 1912
-0.038462 1.038462 2.160000 10257 6344 2213
-0.115385 0.961538 2.240000 9495 5990 3391
-0.192308 0.923077 2.240000 9127 5929 3548
-0.192308 0.923077 2.240000 9127 5929 3548
-0.269231 0.769231 2.240000 8619 6090 3566
-0.230769 0.769231 2.240000 7384 6196 3621
-0.230769 0.769231 2.240000 7384 6196 3621
-0.153846 0.769231 2.240000 7072 6104 3763
-0.153846 0.769231 2.200000 6019 5896 4096
-0.153846 0.769231 2.200000 6019 5896 4096
0.000000 0.923077 2.080000 5630 5976 4078
0.192308 1.038462 2.080000 4391 6684 3510
0.461538 1.192308 1.960000 4186 6686 3599
0.461538 1.192308 1.960000 4186 6686 3599
0.846154 1.192308 2.080000 4182 6487 4074
0.923077 1.192308 2.080000 4860 4319 6200
1.000000 1.192308 2.000000 4905 3700 6816
1.000000 1.192308 2.000000 4905 3700 6816
0.923077 1.269231 1.680000 4799 3469 7417
0.884615 1.307692 1.560000 3947 3939 8517
1.000000 1.384615 1.320000 3804 3867 8796
1.000000 1.384615 1.320000 3804 3867 8796
1.192308 1.500000 0.520000 3791 3711 9238
1.115385 1.461538 0.320000 4362 3812 11549
1.115385 1.461538 0.320000 4362 3812 11549
0.807692 1.269231 -0.120000 4772 3897 12287
0.615385 1.115385 -0.200000 5341 5565 14209
0.615385 1.115385 -0.200000 5341 5565 14209
0.076923 0.846154 -0.440000 5548 5910 14553
-0.038462 0.730769 -0.440000 6369 6847 14860
-0.038462 0.730769 -0.440000 6369 6847 14860
-0.461538 0.423077 -0.280000 6569 7307 14828
-0.615385 0.307692 -0.200000 6854 8643 14543
