0.038462 -0.576923 0.920000 8370 7223 6244
0.153846 -0.576923 0.880000 8261 7207 6370
0.153846 -0.576923 0.880000 8261 7207 6370
0.115385 -0.692308 0.880000 8142 7384 6538
0.076923 -0.769231 0.880000 7913 7580 6761
0.115385 -0.769231 0.880000 7936 7495 6525
0.115385 -0.769231 0.880000 7936 7495 6525
0.384615 -0.653846 0.920000 7964 7445 6378
0.461538 -0.576923 0.960000 7796 7428 6095
0.461538 -0.576923 0.960000 7796 7428 6095
0.923077 -0.269231 1.000000 7654 7466 6122
1.076923 -0.153846 1.000000 7134 7665 6770
1.192308 -0.038462 0.960000 6902 7790 7278
1.192308 -0.038462 0.960000 6902 7790 7278
1.346154 0.153846 0.800000 6747 7900 7868
1.346154 0.192308 0.720000 6879 7508 10045
1.269231 0.192308 0.680000 7080 7247 10826
1.269231 0.192308 0.680000 7080 7247 10826
0.961538 0.269231 0.560000 7226 7102 11611
0.769231 0.269231 0.520000 7132 7392 13687
0.769231 0.269231 0.520000 7132 7392 13687
0.038462 0.153846 0.360000 7045 7605 14240
-0.192308 0.076923 0.360000 7180 7719 14786
-0.384615 0.000000 0.360000 7394 7555 14515
-0.384615 0.000000 0.360000 7394 7555 14515
-0.500000 -0.038462 0.440000 7641 7342 14139
-0.500000 -0.038462 0.440000 8045 7203 13348
-0.500000 -0.038462 0.440000 8045 7203 13348
-0.615385 0.000000 0.440000 8010 7271 13249
-0.653846 0.000000 0.400000 8269 6823 13167
-0.692308 0.000000 0.400000 8563 6518 13089
-0.692308 0.000000 0.400000 8563 6518 13089
-0.769231 0.000000 0.440000 8851 6261 13006
-0.807692 0.000000 0.440000 9471 6029 12752
-0.807692 0.000000 0.440000 9471 6029 12752
-1.000000 -0.038462 0.360000 9657 5990 12678
-1.000000 0.000000 0.360000 10556 5653 11772
-0.961538 0.038462 0.400000 10870 5705 11456
-0.961538 0.038462 0.400000 10870 5705 11456
-1.000000 0.192308 0.520000 11058 5872 11164
-1.115385 0.192308 0.600000 11308 6344 10711
-1.192308 0.192308 0.680000 11534 6098 10495
-1.192308 0.192308 0.680000 11534 6098 10495
-1.346154 0.346154 0.880000 11818 5716 10159
-1.384615 0.423077 0.920000 12211 5178 9013
-1.461538 0.423077 0.960000 12236 5347 8643
-1.461538 0.423077 0.960000 12236 5347 8643
-1.576923 0.576923 1.040000 12195 5625 8192
-1.653846 0.576923 1.120000 11864 6424 6696
-1.692308 0.576923 1.200000 11950 6148 6030
-1.692308 0.576923 1.200000 11950 6148 6030
-1.500000 0.807692 1.080000 12019 5676 5321
-1.423077 0.923077 1.000000 11696 5247 3635
-1.423077 0.923077 1.000000 11696 5247 3635
-1.230769 1.115385 1.160000 11772 5278 3117
-1.153846 1.192308 1.240000 11508 5806 1645
-1.076923 1.269231 1.320000 11525 5657 1227
-1.076923 1.269231 1.320000 11525 5657 1227
-0.846154 1.461538 1.600000 11524 5430 878
-0.884615 1.461538 1.720000 10803 5866 6436
-0.884615 1.461538 1.720000 10803 5866 6436
-0.615385 1.730769 2.040000 10519 5876 6365
-0.461538 1.846154 2.120000 9642 5012 6256
-0.461538 1.846154 2.120000 9642 5012 6256
0.038462 2.000000 2.240000 9104 5082 6279
0.230769 2.038461 2.240000 7477 5373 6479
0.230769 2.038461 2.240000 7477 5373 6479
0.500000 1.807692 1.920000 6982 5304 1002
0.653846 1.730769 1.800000 5971 4845 2616
0.769231 1.653846 1.720000 5684 5000 3099
0.769231 1.653846 1.720000 5684 5000 3099
1.038462 1.423077 1.520000 5336 5306 3572
1.038462 1.346154 1.440000 4619 5796 5268
1.038462 1.269231 1.360000 4609 5615 5927
1.038462 1.269231 1.360000 4609 5615 5927
0.961538 1.115385 1.280000 4657 5406 6559
0.884615 1.076923 1.280000 4660 5308 8131
0.846154 1.038462 1.240000 4515 5411 8529
0.846154 1.038462 1.240000 4515 5411 8529
0.730769 0.923077 1.080000 4344 5537 8851
0.692308 0.884615 1.000000 3979 5782 9689
0.692308 0.884615 1.000000 3979 5782 9689
0.576923 0.692308 0.760000 3952 5824 10013
0.500000 0.653846 0.720000 3999 5927 10875
0.500000 0.653846 0.720000 3999 5927 10875
0.461538 0.538462 0.520000 4045 6017 11099
0.346154 0.500000 0.480000 3815 6902 11753
0.346154 0.500000 0.480000 3815 6902 11753
0.192308 0.384615 0.320000 3774 7211 11931
0.115385 0.384615 0.280000 3686 7840 12422
0.038462 0.346154 0.160000 3710 7902 12608
0.038462 0.346154 0.160000 3710 7902 12608
-0.307692 0.269231 -0.120000 3815 7922 12776
-0.461538 0.153846 -0.160000 4334 8478 13016
-0.461538 0.153846 -0.160000 4334 8478 13016
-0.692308 -0.038462 -0.240000 4588 8675 12948
-0.769231 -0.153846 -0.280000 5363 8394 12611
-0.884615 -0.269231 -0.280000 5902 8106 12384
