0.807692 0.280000 1.000000 -7.550000 93.849998 -305.250000
1.038462 0.400000 1.153846 -11.250000 93.250000 -283.600006
1.153846 0.400000 1.115385 -32.599998 99.599998 -252.000000
1.153846 0.400000 1.115385 -32.599998 99.599998 -252.000000
1.115385 0.440000 0.884615 0.000000 0.000000 0.000000
1.038462 0.440000 0.846154 -17.600000 8.800000 86.349998
1.000000 0.440000 0.769231 -18.250000 8.400000 109.250000
1.000000 0.440000 0.769231 -18.250000 8.400000 109.250000
0.961538 0.520000 0.615385 0.000000 0.000000 0.000000
0.961538 0.520000 0.538462 -23.850000 12.800000 61.500000
0.961538 0.520000 0.538462 -23.850000 12.800000 61.500000
0.846154 0.640000 0.192308 0.000000 0.000000 0.000000
0.692308 0.720000 0.000000 -10.850000 16.100000 94.449997
0.576923 0.800000 -0.192308 -4.700000 21.850000 129.199997
0.576923 0.800000 -0.192308 -4.700000 21.850000 129.199997
-0.076923 1.040000 -0.461538 0.000000 0.000000 0.000000
-0.307692 1.120000 -0.461538 88.150002 -31.250000 88.000000
-0.538462 1.200000 -0.423077 127.949997 -56.900002 107.250000
-0.538462 1.200000 -0.423077 127.949997 -56.900002 107.250000
-1.500000 0.960000 -0.153846 0.000000 0.000000 0.000000
-1.653846 0.920000 -0.076923 125.750000 -72.849998 -94.750000
-1.653846 0.920000 -0.076923 125.750000 -72.849998 -94.750000
-2.000000 0.800000 0.346154 0.000000 0.000000 0.000000
-1.961538 0.920000 0.500000 13.100000 104.099998 -166.750000
-1.961538 1.000000 0.730769 6.850000 142.850006 -212.250000
-2.038461 1.040000 0.884615 -3.500000 172.550003 -246.300003
-2.038461 1.040000 0.884615 -3.500000 172.550003 -246.300003
-2.230769 1.040000 1.230769 0.000000 0.000000 0.000000
-2.192308 1.080000 1.230769 8.750000 -101.199997 -107.349998
-2.076923 1.200000 1.192308 17.450001 -161.100006 -147.550003
-2.076923 1.200000 1.192308 17.450001 -161.100006 -147.550003
-1.423077 1.560000 1.115385 0.000000 0.000000 0.000000
-1.269231 1.600000 1.115385 -7.650000 -73.000000 -64.400002
-1.076923 1.600000 1.115385 -21.900000 -80.099998 -82.900002
-1.076923 1.600000 1.115385 -21.900000 -80.099998 -82.900002
-0.807692 1.720000 1.384615 620.799988 204.649994 200.399994
-0.769231 1.760000 1.500000 569.549988 227.050003 168.699997
-0.769231 1.760000 1.500000 569.549988 227.050003 168.699997
-0.615385 1.720000 1.730769 552.400024 224.800003 158.399994
-0.423077 1.520000 1.846154 493.450012 220.000000 152.500000
-0.346154 1.480000 1.884615 465.850006 200.699997 153.800003
-0.346154 1.480000 1.884615 465.850006 200.699997 153.800003
-0.076923 1.400000 2.038461 449.299988 195.399994 153.550003
0.038462 1.400000 2.038461 370.450012 216.600006 153.800003
0.038462 1.400000 2.038461 370.450012 216.600006 153.800003
0.269231 1.400000 1.884615 339.700012 229.300003 157.149994
0.346154 1.360000 1.807692 261.500000 273.450012 183.699997
0.423077 1.320000 1.730769 240.800003 280.850006 195.649994
0.423077 1.320000 1.730769 240.800003 280.850006 195.649994
0.615385 1.240000 1.346154 218.149994 283.950012 209.550003
0.615385 1.200000 1.230769 168.750000 309.700012 259.950012
0.576923 1.160000 1.115385 160.199997 313.399994 275.750000
0.576923 1.160000 1.115385 160.199997 313.399994 275.750000
0.653846 1.040000 0.923077 156.750000 312.549988 290.799988
0.692308 0.960000 0.692308 160.750000 304.600006 322.649994
0.730769 1.000000 0.615385 169.800003 301.750000 360.500000
0.730769 1.000000 0.615385 169.800003 301.750000 360.500000
0.846154 0.800000 0.384615 175.949997 302.600006 379.850006
0.884615 0.800000 0.307692 202.500000 303.850006 450.649994
0.884615 0.800000 0.307692 202.500000 303.850006 450.649994
0.961538 0.720000 0.153846 217.100006 301.549988 478.899994
0.961538 0.720000 0.153846 0.000000 0.000000 0.000000
0.961538 0.720000 0.153846 0.000000 0.000000 0.000000
0.653846 0.720000 0.192308 0.000000 0.000000 0.000000
0.307692 0.680000 0.230769 23.500000 34.799999 122.150002
0.307692 0.680000 0.230769 23.500000 34.799999 122.150002
