0.076923 -0.560000 0.923077 118.599998 67.949997 -203.350006
0.076923 -0.560000 0.846154 115.449997 62.299999 -202.050003
0.153846 -0.560000 0.846154 117.599998 56.250000 -203.550003
0.153846 -0.560000 0.846154 117.599998 56.250000 -203.550003
0.230769 -0.480000 0.807692 0.000000 0.000000 0.000000
0.269231 -0.440000 0.807692 0.000000 -5.400000 21.799999
0.269231 -0.440000 0.807692 0.000000 -5.400000 21.799999
0.230769 -0.440000 0.807692 0.000000 0.000000 0.000000
0.192308 -0.440000 0.807692 -1.400000 3.450000 21.850000
0.192308 -0.440000 0.807692 -1.400000 3.450000 21.850000
0.153846 -0.440000 0.807692 0.000000 0.000000 0.000000
0.153846 -0.440000 0.769231 -2.800000 3.050000 14.600000
0.153846 -0.440000 0.769231 -2.800000 3.050000 14.600000
0.076923 -0.440000 0.730769 0.000000 0.000000 0.000000
0.076923 -0.440000 0.730769 1.700000 -8.500000 15.300000
0.076923 -0.440000 0.730769 1.700000 -8.500000 15.300000
0.038462 -0.400000 0.692308 0.000000 0.000000 0.000000
-0.038462 -0.400000 0.730769 -2.150000 13.650000 17.100000
-0.076923 -0.400000 0.730769 -2.850000 12.850000 21.700001
-0.076923 -0.400000 0.730769 -2.850000 12.850000 21.700001
-0.115385 -0.400000 0.615385 0.000000 0.000000 0.000000
-0.115385 -0.400000 0.576923 6.800000 -3.450000 1.800000
-0.115385 -0.400000 0.576923 6.800000 -3.450000 1.800000
-0.153846 -0.320000 0.692308 0.000000 0.000000 0.000000
-0.192308 -0.320000 0.692308 5.150000 6.850000 9.650000
-0.230769 -0.320000 0.653846 4.300000 6.700000 10.700000
-0.230769 -0.320000 0.653846 4.300000 6.700000 10.700000
-0.269231 -0.280000 0.538462 0.000000 0.000000 0.000000
-0.307692 -0.240000 0.538462 16.700001 -2.100000 -1.250000
-0.307692 -0.240000 0.538462 16.700001 -2.100000 -1.250000
-0.384615 -0.240000 0.653846 0.000000 0.000000 0.000000
-0.384615 -0.240000 0.615385 3.550000 3.800000 1.250000
-0.423077 -0.240000 0.615385 4.600000 4.200000 -2.150000
-0.423077 -0.240000 0.615385 4.600000 4.200000 -2.150000
-0.461538 -0.160000 0.615385 0.000000 0.000000 0.000000
-0.500000 -0.160000 0.692308 10.300000 5.500000 0.000000
-0.500000 -0.160000 0.692308 10.300000 5.500000 0.000000
-0.653846 -0.200000 0.692308 0.000000 0.000000 0.000000
-0.615385 -0.200000 0.653846 11.550000 -13.150000 -13.100000
-0.615385 -0.200000 0.615385 19.200001 -15.200000 -22.049999
-0.615385 -0.200000 0.615385 19.200001 -15.200000 -22.049999
-0.538462 -0.160000 0.769231 0.000000 0.000000 0.000000
-0.538462 -0.120000 0.807692 6.300000 21.549999 -17.100000
-0.538462 -0.120000 0.807692 6.300000 21.549999 -17.100000
-0.576923 0.000000 0.846154 0.000000 0.000000 0.000000
-0.538462 0.040000 0.884615 10.950000 -14.650000 -14.900000
-0.538462 0.120000 0.923077 12.500000 -13.550000 -15.150000
-0.538462 0.120000 0.923077 12.500000 -13.550000 -15.150000
-0.653846 0.160000 1.000000 0.000000 0.000000 0.000000
-0.692308 0.160000 1.000000 -5.600000 -1.400000 3.250000
-0.692308 0.160000 1.000000 -5.600000 -1.400000 3.250000
-0.769231 0.160000 0.923077 0.000000 0.000000 0.000000
-0.730769 0.120000 0.884615 3.200000 -17.200001 -14.900000
-0.769231 0.160000 0.846154 5.650000 -18.750000 -20.850000
-0.769231 0.160000 0.846154 5.650000 -18.750000 -20.850000
-0.769231 0.160000 0.923077 0.000000 0.000000 0.000000
-0.769231 0.200000 0.884615 3.200000 -2.950000 -23.400000
-0.769231 0.200000 0.884615 3.200000 -2.950000 -23.400000
-0.769231 0.240000 0.846154 0.000000 0.000000 0.000000
-0.769231 0.240000 0.846154 2.800000 3.900000 -23.400000
-0.769231 0.240000 0.884615 3.300000 6.500000 -32.200001
-0.769231 0.240000 0.884615 3.300000 6.500000 -32.200001
-0.769231 0.280000 0.923077 0.000000 0.000000 0.000000
-0.730769 0.320000 0.961538 1.250000 2.000000 -30.650000
-0.730769 0.320000 0.961538 1.250000 2.000000 -30.650000
-0.653846 0.440000 1.038462 0.000000 0.000000 0.000000
-0.653846 0.440000 1.038462 -5.150000 -12.450000 -11.300000
-0.653846 0.480000 1.000000 -5.400000 -18.850000 -17.600000
-0.653846 0.480000 1.000000 -5.400000 -18.850000 -17.600000
-0.576923 0.520000 1.000000 0.000000 0.000000 0.000000
-0.576923 0.560000 1.000000 -4.500000 -5.850000 -17.700001
-0.576923 0.560000 1.000000 -4.500000 -5.850000 -17.700001
-0.500000 0.600000 1.038462 0.000000 0.000000 0.000000
-0.500000 0.600000 1.038462 -9.200000 -7.750000 -8.250000
-0.461538 0.600000 1.038462 -10.500000 -11.600000 -10.400000
-0.461538 0.600000 1.038462 -10.500000 -11.600000 -10.400000
-0.423077 0.600000 1.115385 0.000000 0.000000 0.000000
-0.423077 0.560000 1.153846 -15.900000 4.450000 -7.800000
-0.423077 0.560000 1.153846 -15.900000 4.450000 -7.800000
-0.423077 0.520000 1.153846 0.000000 0.000000 0.000000
-0.423077 0.480000 1.153846 -18.549999 12.450000 -18.650000
-0.346154 0.480000 1.153846 -20.200001 8.600000 -26.150000
-0.346154 0.480000 1.153846 -20.200001 8.600000 -26.150000
-0.192308 0.520000 1.269231 429.049988 352.649994 237.699997
-0.192308 0.520000 1.307692 413.450012 356.700012 247.000000
-0.230769 0.480000 1.346154 0.000000 0.000000 0.000000
-0.230769 0.480000 1.346154 0.000000 0.000000 0.000000
-0.192308 0.480000 1.346154 0.000000 0.000000 0.000000
-0.230769 0.440000 1.307692 -26.700001 9.250000 15.900000
-0.230769 0.440000 1.307692 -26.700001 9.250000 15.900000
-0.230769 0.400000 1.307692 0.000000 0.000000 0.000000
-0.230769 0.360000 1.269231 -20.000000 -6.550000 13.300000
-0.230769 0.360000 1.269231 -20.000000 -6.550000 13.300000
-0.153846 0.320000 1.230769 0.000000 0.000000 0.000000
-0.153846 0.320000 1.192308 -17.450001 5.650000 14.100000
-0.153846 0.320000 1.192308 -17.450001 5.650000 14.100000
-0.115385 0.240000 1.076923 0.000000 0.000000 0.000000
-0.076923 0.240000 1.076923 -6.050000 -1.850000 14.400000
-0.076923 0.240000 1.076923 -6.050000 -1.850000 14.400000
0.000000 0.200000 1.000000 0.000000 0.000000 0.000000
0.000000 0.160000 1.000000 -1.850000 4.450000 18.299999
0.000000 0.160000 1.000000 -1.850000 4.450000 18.299999
0.076923 0.120000 0.923077 0.000000 0.000000 0.000000
0.076923 0.120000 0.961538 4.000000 -2.000000 18.700001
0.076923 0.120000 0.961538 4.000000 -2.000000 18.700001
0.076923 0.040000 0.923077 0.000000 0.000000 0.000000
0.076923 0.040000 0.923077 -3.500000 10.250000 16.000000
0.076923 0.040000 0.923077 -3.500000 10.250000 16.000000
0.038462 -0.040000 0.923077 0.000000 0.000000 0.000000
0.038462 -0.040000 0.884615 5.200000 -6.800000 16.350000
0.038462 -0.040000 0.884615 5.200000 -6.800000 16.350000
0.038462 -0.120000 0.846154 0.000000 0.000000 0.000000
0.038462 -0.120000 0.846154 4.050000 -1.000000 14.350000
0.038462 -0.160000 0.846154 4.950000 -2.100000 17.549999
0.038462 -0.160000 0.846154 4.950000 -2.100000 17.549999
0.038462 -0.200000 0.807692 0.000000 0.000000 0.000000
0.038462 -0.200000 0.807692 2.150000 1.500000 9.400000
0.038462 -0.200000 0.807692 2.150000 1.500000 9.400000
0.038462 -0.200000 0.807692 0.000000 0.000000 0.000000
0.038462 -0.200000 0.807692 0.000000 6.450000 8.400000
0.038462 -0.200000 0.807692 0.000000 6.450000 8.400000
0.076923 -0.200000 0.769231 0.000000 0.000000 0.000000
0.038462 -0.200000 0.807692 3.900000 5.150000 17.049999
0.038462 -0.200000 0.807692 3.900000 5.150000 17.049999
-0.076923 -0.280000 0.769231 0.000000 0.000000 0.000000
-0.115385 -0.320000 0.730769 -1.750000 -1.750000 10.350000
-0.115385 -0.320000 0.730769 -1.750000 -1.750000 10.350000
-0.192308 -0.400000 0.692308 0.000000 0.000000 0.000000
-0.192308 -0.400000 0.653846 1.250000 7.700000 1.550000
-0.192308 -0.400000 0.653846 1.250000 7.700000 1.550000
-0.269231 -0.480000 0.576923 0.000000 0.000000 0.000000
-0.269231 -0.480000 0.538462 14.350000 -16.700001 9.000000
-0.307692 -0.480000 0.500000 19.450001 -20.549999 11.050000
-0.307692 -0.480000 0.500000 19.450001 -20.549999 11.050000
-0.384615 -0.560000 0.500000 0.000000 0.000000 0.000000
-0.384615 -0.560000 0.461538 10.100000 4.850000 -9.800000
