-0.038462 -0.769231 0.840000 7797 7901 7571
-0.038462 -0.769231 0.840000 7652 7972 7481
-0.038462 -0.769231 0.840000 7652 7972 7481
0.115385 -0.730769 0.760000 7639 7933 7316
0.153846 -0.730769 0.760000 7684 7807 7094
0.153846 -0.730769 0.760000 7684 7807 7094
0.423077 -0.538462 0.840000 7725 7728 6960
0.538462 -0.423077 0.840000 7555 7479 6792
0.692308 -0.307692 0.800000 7531 7342 6924
0.692308 -0.307692 0.800000 7531 7342 6924
0.961538 -0.076923 0.760000 7474 7333 7212
1.000000 0.000000 0.720000 7116 7426 8357
1.038462 0.076923 0.640000 7069 7288 8836
1.038462 0.076923 0.640000 7069 7288 8836
1.000000 0.307692 0.400000 7115 7087 9370
0.961538 0.346154 0.320000 7328 6918 11053
0.884615 0.384615 0.280000 7388 7071 11588
0.884615 0.384615 0.280000 7388 7071 11588
0.538462 0.500000 0.120000 7408 7247 12123
0.384615 0.538462 0.080000 7638 7323 13583
0.192308 0.576923 0.000000 7861 7077 14012
0.192308 0.576923 0.000000 7861 7077 14012
-0.384615 0.576923 -0.120000 8198 6762 14385
-0.538462 0.538462 -0.120000 9549 6203 14915
-0.538462 0.538462 -0.120000 9549 6203 14915
-0.846154 0.500000 0.000000 10040 6130 14786
-0.923077 0.538462 0.080000 11247 6186 14079
-1.000000 0.538462 0.200000 11593 6263 13828
-1.000000 0.538462 0.200000 11593 6263 13828
-1.384615 0.384615 0.480000 11889 6291 13552
-1.461538 0.384615 0.560000 12617 5914 12089
-1.538462 0.423077 0.640000 12783 5917 11485
-1.538462 0.423077 0.640000 12783 5917 11485
-1.692308 0.538462 1.000000 12876 6010 10922
-1.730769 0.576923 1.080000 13008 5896 9373
-1.769231 0.576923 1.160000 13101 5684 8945
-1.769231 0.576923 1.160000 13101 5684 8945
-1.807692 0.692308 1.400000 13242 5473 8396
-1.769231 0.769231 1.480000 12885 5854 6589
-1.730769 0.807692 1.560000 12717 6138 6133
-1.730769 0.807692 1.560000 12717 6138 6133
-1.769231 0.807692 1.760000 12558 6389 5796
-1.923077 0.769231 1.920000 12107 6798 5119
-1.846154 0.846154 1.920000 11851 6282 3829
-1.730769 0.923077 1.880000 11781 6062 3226
-1.730769 0.923077 1.880000 11781 6062 3226
-1.269231 1.269231 2.080000 11817 5826 2739
-1.153846 1.384615 2.240000 11548 5729 1783
-1.038462 1.461538 2.440000 11128 5887 1607
-1.038462 1.461538 2.440000 11128 5887 1607
-0.730769 1.692308 2.520000 10578 5979 1442
-0.500000 1.769231 2.520000 9654 4651 1262
-0.500000 1.769231 2.520000 9654 4651 1262
-0.115385 1.961538 2.560000 9270 4347 1383
0.038462 2.000000 2.520000 7376 4613 1915
0.192308 2.038461 2.440000 6759 4683 2109
0.192308 2.038461 2.440000 6759 4683 2109
0.500000 1.961538 2.080000 6069 4902 2482
0.538462 1.846154 2.040000 4634 5395 3711
0.538462 1.807692 1.920000 4381 5363 4067
0.538462 1.807692 1.920000 4381 5363 4067
0.769231 1.653846 1.600000 4177 5273 4417
0.807692 1.615385 1.520000 3702 5229 5551
0.807692 1.538462 1.440000 3599 5154 5996
0.807692 1.538462 1.440000 3599 5154 5996
0.807692 1.423077 1.200000 3512 5100 6440
0.769231 1.346154 1.080000 3268 5255 7699
0.769231 1.307692 1.000000 3208 5331 8099
0.769231 1.307692 1.000000 3208 5331 8099
0.769231 1.230769 0.720000 3230 5371 8448
0.769231 1.192308 0.600000 3389 5455 9643
0.769231 1.153846 0.480000 3398 5618 10059
0.769231 1.153846 0.480000 3398 5618 10059
0.615385 0.961538 0.160000 3473 5756 10489
0.538462 0.884615 0.040000 3796 6106 11804
0.461538 0.807692 -0.120000 4028 6114 12153
0.461538 0.807692 -0.120000 4028 6114 12153
0.076923 0.461538 -0.360000 4323 6167 12505
-0.115385 0.269231 -0.440000 5363 6547 12909
-0.230769 0.153846 -0.480000 5784 6588 12743
-0.230769 0.153846 -0.480000 5784 6588 12743
-0.346154 -0.115385 -0.280000 6216 6714 12550
-0.500000 -0.230769 -0.200000 6760 7719 12383
