0.538462 -0.120000 0.500000 7115 8557 9014
0.653846 -0.040000 0.461538 7102 8583 9077
0.653846 0.080000 0.461538 6918 8993 9247
0.653846 0.080000 0.461538 6918 8993 9247
0.769231 0.400000 0.500000 6825 9251 9418
0.807692 0.480000 0.576923 6815 9133 10272
0.807692 0.560000 0.615385 6740 8962 10653
0.807692 0.560000 0.615385 6740 8962 10653
0.807692 0.680000 0.500000 6710 8711 11092
0.730769 0.680000 0.346154 6417 8484 12535
0.730769 0.680000 0.346154 6417 8484 12535
0.230769 0.480000 -0.076923 6390 8659 12964
0.076923 0.440000 -0.153846 6993 8918 13519
-0.076923 0.360000 -0.230769 7289 8934 13494
-0.076923 0.360000 -0.230769 7289 8934 13494
-0.384615 0.200000 -0.346154 7648 8908 13396
-0.461538 0.120000 -0.346154 8755 8569 12950
-0.576923 0.120000 -0.384615 9122 8494 12760
-0.576923 0.120000 -0.384615 9122 8494 12760
-0.692308 0.040000 -0.423077 9508 8467 12485
-0.692308 0.080000 -0.384615 10415 8905 11590
-0.692308 0.080000 -0.384615 10415 8905 11590
-1.153846 0.240000 0.076923 10641 9169 11409
-1.423077 0.280000 0.346154 11260 9569 11074
-1.730769 0.280000 0.576923 11483 9329 10871
-1.730769 0.280000 0.576923 11483 9329 10871
-2.346154 0.440000 1.269231 11766 8919 10509
-2.538461 0.520000 1.653846 12428 8489 9000
-2.538461 0.520000 1.653846 12428 8489 9000
-2.230769 1.360000 3.192308 12693 7840 8330
-0.846154 1.000000 2.307692 12549 2172 6640
-0.846154 1.000000 2.307692 12549 2172 6640
-1.076923 0.680000 1.307692 11251 4882 7273
-0.961538 0.720000 0.807692 7821 8678 5161
-0.692308 0.840000 0.538462 8094 8893 4567
-0.692308 0.840000 0.538462 8094 8893 4567
-0.038462 0.880000 0.923077 8605 8899 4396
0.000000 0.840000 1.038462 10070 7546 5053
0.000000 0.840000 1.038462 10070 7546 5053
-0.230769 0.600000 1.576923 10109 7510 5358
-0.346154 0.480000 1.807692 9785 7435 5838
-0.500000 0.360000 1.923077 9485 7404 5850
-0.500000 0.360000 1.923077 9485 7404 5850
-0.692308 0.160000 2.038461 9135 7396 5631
-0.653846 0.240000 2.038461 8169 7492 4479
-0.653846 0.240000 2.038461 8169 7492 4479
-0.384615 0.520000 2.038461 7895 7464 4177
-0.269231 0.640000 2.038461 7182 7202 3765
-0.115385 0.720000 1.961538 6912 7082 3796
-0.115385 0.720000 1.961538 6912 7082 3796
0.269231 0.920000 1.769231 6708 6816 3914
0.346154 0.920000 1.653846 5838 6630 4581
0.346154 0.920000 1.653846 5838 6630 4581
0.576923 1.000000 1.346154 5596 6648 4808
0.653846 1.000000 1.230769 5157 6300 5815
0.730769 1.000000 1.115385 5097 6166 6295
0.730769 1.000000 1.115385 5097 6166 6295
0.923077 0.960000 0.846154 5041 6089 6827
0.923077 0.920000 0.769231 4843 6120 8774
0.923077 0.920000 0.769231 4843 6120 8774
0.730769 0.760000 0.500000 4781 6260 9453
0.576923 0.680000 0.423077 4843 6676 11242
0.423077 0.600000 0.346154 4943 6739 11676
0.423077 0.600000 0.346154 4943 6739 11676
-0.038462 0.320000 0.230769 5074 6829 11951
