0.346154 -0.538462 1.080000 7722 7449 7258
0.423077 -0.461538 1.080000 7541 7477 7390
0.423077 -0.461538 1.080000 7541 7477 7390
0.615385 -0.307692 1.040000 7433 7512 7445
0.730769 -0.192308 0.960000 7255 7140 7788
0.846154 -0.115385 0.920000 7236 7041 8009
0.846154 -0.115385 0.920000 7236 7041 8009
1.076923 0.153846 0.800000 7198 6980 8322
1.076923 0.192308 0.720000 6841 7019 9783
1.038462 0.230769 0.600000 6737 7026 10353
1.038462 0.230769 0.600000 6737 7026 10353
0.769231 0.307692 0.280000 6735 6941 10912
0.615385 0.307692 0.160000 6968 7039 12365
0.423077 0.307692 0.080000 7072 7196 12738
0.423077 0.307692 0.080000 7072 7196 12738
-0.038462 0.346154 0.000000 7236 7298 13009
-0.192308 0.346154 -0.040000 7791 7424 13438
-0.307692 0.346154 -0.040000 8010 7388 13542
-0.307692 0.346154 -0.040000 8010 7388 13542
-0.769231 0.269231 -0.040000 8238 7365 13651
-0.846154 0.192308 -0.040000 9125 6980 13505
-0.923077 0.153846 -0.080000 9478 6749 13276
-0.923077 0.153846 -0.080000 9478 6749 13276
-1.038462 0.153846 0.040000 9868 6565 13005
-1.076923 0.153846 0.160000 10705 6789 12317
-1.153846 0.153846 0.240000 10818 6898 12077
-1.153846 0.153846 0.240000 10818 6898 12077
-1.230769 0.269231 0.280000 10952 6830 11747
-1.307692 0.307692 0.320000 11726 6195 10849
-1.307692 0.307692 0.400000 12064 5969 10571
-1.307692 0.307692 0.400000 12064 5969 10571
-1.500000 0.538462 0.720000 12405 5811 10236
-1.615385 0.615385 0.920000 12902 5967 9175
-1.692308 0.653846 1.120000 13036 5907 8799
-1.692308 0.653846 1.120000 13036 5907 8799
-1.807692 0.692308 1.520000 13005 5868 8392
-1.846154 0.692308 1.520000 12330 5916 7213
-1.846154 0.730769 1.520000 12207 5881 6769
-1.846154 0.730769 1.520000 12207 5881 6769
-1.884615 0.769231 1.600000 12124 5854 6335
-1.807692 0.807692 1.560000 11827 5384 4863
-1.807692 0.807692 1.560000 11827 5384 4863
-1.538462 0.961538 1.520000 11706 5316 4381
-1.461538 1.038462 1.560000 11561 4938 3078
-1.346154 1.153846 1.600000 11482 4871 2649
-1.346154 1.153846 1.600000 11482 4871 2649
-0.961538 1.423077 1.880000 11267 5028 2212
-0.846154 1.538462 2.000000 10651 5078 1274
-0.692308 1.692308 2.160000 10321 5027 1078
-0.692308 1.692308 2.160000 10321 5027 1078
0.076923 2.000000 2.360000 9826 5087 879
0.192308 1.961538 2.320000 7672 6391 1263
0.192308 1.961538 2.320000 7672 6391 1263
0.500000 1.961538 2.200000 7265 6423 1538
0.615385 1.884615 2.280000 7085 5169 2919
0.615385 1.884615 2.280000 7085 5169 2919
0.461538 1.615385 2.440000 6794 5029 3592
0.384615 1.576923 1.840000 3779 6002 4666
0.384615 1.576923 1.840000 3779 6002 4666
0.807692 1.615385 1.480000 3619 6043 4659
0.846154 1.538462 1.400000 3465 5968 5862
0.846154 1.538462 1.400000 3465 5968 5862
0.807692 1.192308 1.000000 3614 5505 7918
0.730769 1.076923 0.880000 3621 5542 8317
0.692308 0.961538 0.760000 3666 5619 8584
0.692308 0.961538 0.760000 3666 5619 8584
0.615385 0.730769 0.520000 3747 5683 8840
0.615385 0.692308 0.480000 4042 5878 9403
0.615385 0.653846 0.400000 4132 6013 9569
0.615385 0.653846 0.400000 4132 6013 9569
0.500000 0.538462 0.280000 4274 6104 9760
0.500000 0.500000 0.280000 4924 5928 10488
0.384615 0.423077 0.320000 5090 5903 10857
0.384615 0.423077 0.320000 5090 5903 10857
0.230769 0.269231 0.080000 5206 5856 11178
0.192308 0.230769 0.040000 5739 5678 11584
0.153846 0.153846 -0.040000 5921 5842 11683
0.153846 0.153846 -0.040000 5921 5842 11683
0.153846 0.076923 -0.160000 6128 6057 11712
0.192308 0.115385 -0.160000 6765 6584 11799
0.115385 0.076923 -0.160000 6956 6908 12083
0.115385 0.076923 -0.160000 6956 6908 12083
-0.230769 -0.153846 0.000000 7139 7146 12317
-0.423077 -0.192308 0.000000 7560 7428 12787
-0.692308 -0.307692 0.080000 7666 7682 12865
-0.692308 -0.307692 0.080000 7666 7682 12865
-1.230769 -0.692308 0.400000 7825 7827 12752
-1.307692 -0.769231 0.520000 8107 7770 11364
-1.307692 -0.807692 0.520000 8002 7942 10822
-1.307692 -0.807692 0.520000 8002 7942 10822
