0.269231 -0.653846 0.840000 7775 8293 6994
0.346154 -0.615385 0.760000 7791 8145 6994
0.423077 -0.576923 0.760000 7886 7843 7138
0.423077 -0.576923 0.760000 7886 7843 7138
0.653846 -0.346154 0.800000 8061 7493 7267
0.692308 -0.307692 0.840000 8158 7240 7977
0.769231 -0.230769 0.880000 8131 7228 8181
0.769231 -0.230769 0.880000 8131 7228 8181
0.961538 0.076923 0.960000 8085 7169 8447
1.038462 0.153846 1.000000 7587 7431 9370
1.076923 0.269231 0.960000 7270 7636 9810
1.076923 0.269231 0.960000 7270 7636 9810
0.923077 0.423077 0.680000 6946 7803 10370
0.807692 0.500000 0.560000 6633 7770 12151
0.653846 0.538462 0.440000 6779 7590 12691
0.653846 0.538462 0.440000 6779 7590 12691
0.269231 0.576923 0.280000 6940 7433 13226
0.192308 0.615385 0.240000 7300 7403 14350
0.038462 0.653846 0.200000 7372 7574 14738
0.038462 0.653846 0.200000 7372 7574 14738
-0.500000 0.653846 0.160000 7448 7720 15139
-0.653846 0.653846 0.080000 7949 7134 15509
-0.769231 0.692308 0.000000 8317 6789 15432
-0.769231 0.692308 0.000000 8317 6789 15432
-1.346154 0.500000 0.080000 8758 6663 15430
-1.423077 0.384615 0.200000 10312 6340 14609
-1.500000 0.307692 0.320000 10583 6251 13988
-1.500000 0.307692 0.320000 10583 6251 13988
-1.500000 0.384615 0.400000 10720 6227 13260
-1.615385 0.384615 0.480000 10766 6796 11669
-1.730769 0.384615 0.520000 10846 6852 11229
-1.730769 0.384615 0.520000 10846 6852 11229
-1.923077 0.346154 0.760000 11002 6647 10735
-1.884615 0.423077 0.800000 11990 4774 9041
-1.846154 0.461538 0.840000 12144 4435 8526
-1.846154 0.461538 0.840000 12144 4435 8526
-1.961538 0.576923 0.960000 12153 4433 8018
-2.000000 0.615385 1.000000 11886 5127 6385
-2.000000 0.615385 1.000000 11886 5127 6385
-1.807692 0.769231 1.000000 11852 5262 5772
-1.730769 0.846154 1.000000 12035 5220 4088
-1.653846 0.961538 1.040000 12088 5295 3716
-1.653846 0.961538 1.040000 12088 5295 3716
-1.461538 1.038462 1.080000 12060 5488 3354
-1.461538 1.076923 1.120000 12089 6052 2575
-1.461538 1.153846 1.200000 12269 6031 2257
-1.461538 1.153846 1.200000 12269 6031 2257
-1.423077 1.576923 2.160000 12524 5956 1931
-1.307692 1.692308 2.480000 11908 6003 945
-1.230769 1.807692 2.640000 11269 5894 766
-1.230769 1.807692 2.640000 11269 5894 766
-0.846154 2.153846 2.640000 10547 5789 602
-0.653846 2.230769 2.600000 8980 5747 6426
-0.423077 2.269231 2.560000 8657 5442 6423
-0.423077 2.269231 2.560000 8657 5442 6423
0.000000 2.307692 2.400000 8340 5072 6475
0.230769 2.346154 2.360000 7188 4443 1329
0.461538 2.307692 2.280000 6612 4558 1823
0.461538 2.307692 2.280000 6612 4558 1823
0.615385 1.923077 1.800000 5971 4733 2523
0.615385 1.807692 1.600000 4911 4443 4438
0.653846 1.653846 1.440000 4721 4485 4853
0.653846 1.653846 1.440000 4721 4485 4853
0.846154 1.461538 1.120000 4566 4586 5126
0.961538 1.423077 1.040000 4206 5083 6138
1.000000 1.346154 1.000000 4221 5106 6670
1.000000 1.346154 1.000000 4221 5106 6670
0.961538 1.192308 0.880000 4271 5041 7275
0.923077 1.153846 0.840000 4302 5047 8787
0.884615 1.115385 0.800000 4273 5153 9197
0.884615 1.115385 0.800000 4273 5153 9197
0.769231 1.000000 0.640000 4232 5322 9556
0.730769 0.961538 0.560000 4061 5930 10672
0.730769 0.961538 0.560000 4061 5930 10672
0.576923 0.769231 0.320000 4047 6039 11007
0.461538 0.730769 0.240000 4216 6579 11834
0.461538 0.730769 0.240000 4216 6579 11834
0.192308 0.576923 0.080000 4371 6631 11994
0.115385 0.500000 0.000000 5052 6649 12424
0.076923 0.384615 -0.040000 5357 6583 12471
0.076923 0.384615 -0.040000 5357 6583 12471
-0.269231 0.115385 -0.080000 5610 6724 12557
-0.538462 -0.038462 -0.160000 5645 7891 13026
