0.346154 -0.500000 1.000000 7920 7798 7998
0.423077 -0.423077 1.000000 7610 8029 8176
0.461538 -0.384615 0.960000 7379 8126 8422
0.461538 -0.384615 0.960000 7379 8126 8422
0.538462 -0.269231 0.840000 7300 8017 8631
0.615385 -0.192308 0.880000 7522 7398 9092
0.692308 -0.115385 0.920000 7471 7411 9286
0.692308 -0.115385 0.920000 7471 7411 9286
0.730769 0.038462 0.800000 7245 7653 9567
0.692308 0.076923 0.720000 6510 8296 10518
0.653846 0.115385 0.640000 6445 8222 10904
0.653846 0.115385 0.640000 6445 8222 10904
0.461538 0.192308 0.360000 6497 8035 11292
0.346154 0.230769 0.240000 6768 7484 12275
0.269231 0.269231 0.120000 6975 7478 12487
0.269231 0.269231 0.120000 6975 7478 12487
-0.038462 0.307692 0.040000 7238 7482 12660
-0.153846 0.346154 0.040000 8290 7119 13111
-0.153846 0.346154 0.040000 8290 7119 13111
-0.538462 0.307692 0.080000 8617 6983 13253
-0.692308 0.307692 0.120000 9469 6914 13304
-0.884615 0.269231 0.160000 9694 7015 13323
-0.884615 0.269231 0.160000 9694 7015 13323
-1.307692 0.192308 0.360000 9854 7059 13197
-1.500000 0.115385 0.400000 10723 6424 11731
-1.500000 0.115385 0.400000 10723 6424 11731
-1.500000 0.153846 0.520000 10940 6315 11286
-1.423077 0.230769 0.520000 11462 5711 9889
-1.423077 0.230769 0.520000 11462 5711 9889
-1.269231 0.423077 0.680000 11705 5460 9521
-1.346154 0.423077 0.760000 12031 5854 9014
-1.461538 0.461538 0.800000 11992 6131 8848
-1.461538 0.461538 0.800000 11992 6131 8848
-1.692308 0.461538 1.000000 12020 6271 8605
-1.730769 0.500000 1.080000 12135 6330 7411
-1.692308 0.576923 1.160000 12078 6485 7019
-1.692308 0.576923 1.160000 12078 6485 7019
-1.807692 0.615385 1.320000 11949 6651 6675
-1.807692 0.653846 1.320000 11769 6522 5700
-1.769231 0.692308 1.320000 11828 6338 5262
-1.769231 0.692308 1.320000 11828 6338 5262
-1.461538 0.923077 1.400000 11851 6188 4796
-1.346154 1.000000 1.480000 11937 5655 3771
-1.307692 1.000000 1.600000 11783 5739 3589
-1.307692 1.000000 1.600000 11783 5739 3589
-1.269231 1.153846 1.840000 11472 5973 3335
-1.230769 1.230769 1.880000 10750 5738 2568
-1.115385 1.346154 1.920000 10639 5248 2310
-1.115385 1.346154 1.920000 10639 5248 2310
-0.769231 1.615385 1.960000 10437 4860 2112
-0.615385 1.692308 1.960000 9611 4146 1573
-0.423077 1.807692 1.960000 9221 4174 1413
-0.423077 1.807692 1.960000 9221 4174 1413
0.153846 2.038461 1.920000 8758 4320 1354
0.346154 2.115385 1.920000 7281 5317 1733
0.538462 2.115385 1.920000 6839 5513 2144
0.538462 2.115385 1.920000 6839 5513 2144
0.769231 1.846154 1.880000 6458 5634 2701
0.730769 1.730769 1.800000 5590 5048 4841
0.730769 1.615385 1.680000 5353 4918 5357
0.730769 1.615385 1.680000 5353 4918 5357
0.730769 1.307692 1.400000 5097 4977 5765
0.730769 1.192308 1.360000 4485 5548 6584
0.769231 1.192308 1.280000 4399 5588 6796
0.769231 1.192308 1.280000 4399 5588 6796
0.807692 1.115385 1.160000 4341 5596 7099
0.769231 1.076923 1.120000 4144 5665 8309
0.692308 1.000000 1.080000 4087 5697 8674
0.692308 1.000000 1.080000 4087 5697 8674
0.538462 0.846154 0.880000 3997 5763 9031
0.538462 0.769231 0.800000 3826 6052 9629
0.538462 0.769231 0.800000 3826 6052 9629
0.461538 0.653846 0.560000 3763 6250 9771
0.461538 0.576923 0.480000 3631 6896 10226
0.423077 0.538462 0.400000 3720 6993 10343
0.423077 0.538462 0.400000 3720 6993 10343
0.307692 0.423077 0.240000 3868 6988 10525
0.230769 0.384615 0.160000 4325 6932 11029
0.192308 0.346154 0.080000 4505 6903 11137
0.192308 0.346154 0.080000 4505 6903 11137
0.038462 0.153846 0.000000 4742 6835 11234
0.000000 0.076923 -0.040000 5352 6946 11578
0.000000 0.076923 -0.040000 5352 6946 11578
-0.153846 -0.115385 -0.160000 5548 7003 11608
-0.192308 -0.153846 -0.160000 6222 7137 11664
-0.192308 -0.153846 -0.160000 6222 7137 11664
-0.269231 -0.269231 -0.040000 6452 7212 11638
-0.307692 -0.269231 -0.040000 6957 7382 11622
-0.307692 -0.269231 -0.040000 6957 7382 11622
-0.769231 -0.461538 0.120000 7112 7503 11710
-0.884615 -0.576923 0.200000 7646 7370 11646
-0.884615 -0.576923 0.200000 7646 7370 11646
-1.115385 -0.769231 0.320000 7821 7252 11427
