0.000000 0.000000 0.000000 0 0 0
0.884615 0.440000 0.961538 0 0 0
0.884615 0.440000 0.961538 0 0 0
0.961538 0.440000 0.923077 16383 16383 16383
1.000000 0.440000 0.884615 16383 16383 16383
0.923077 0.480000 0.961538 16383 16383 16383
0.923077 0.480000 0.961538 16383 16383 16383
1.115385 0.640000 0.807692 16383 16383 16383
1.269231 0.880000 0.692308 67 72 9349
1.269231 0.880000 0.692308 67 72 9349
1.192308 1.240000 0.807692 7768 7270 12825
0.923077 1.320000 1.000000 8869 7200 9894
0.692308 1.400000 1.038462 9139 6872 10119
0.692308 1.400000 1.038462 9139 6872 10119
0.384615 1.720000 1.038462 9384 6557 10328
0.192308 1.800000 1.000000 9780 7090 10395
0.192308 1.800000 1.000000 9780 7090 10395
-0.730769 1.720000 1.230769 9811 7417 10404
-1.115385 1.520000 1.384615 9775 7900 10428
-1.461538 1.240000 1.500000 9631 7703 10305
-1.461538 1.240000 1.500000 9631 7703 10305
-1.500000 0.800000 1.307692 9424 7539 10120
-1.576923 0.640000 1.269231 8450 8579 15078
-1.615385 0.520000 1.269231 8188 8918 14508
-1.615385 0.520000 1.269231 8188 8918 14508
-1.961538 0.160000 1.346154 7923 9201 13975
-2.038461 0.080000 1.269231 7157 9195 12081
-2.038461 0.080000 1.269231 7157 9195 12081
-2.153846 -0.040000 1.076923 7046 8928 11397
-2.230769 -0.080000 1.000000 7082 8266 9607
-2.192308 -0.120000 0.961538 7178 8026 8782
-2.192308 -0.120000 0.961538 7178 8026 8782
-1.846154 -0.160000 0.807692 7351 7813 8023
-1.692308 -0.080000 0.769231 7668 7589 5796
-1.576923 0.000000 0.730769 7777 7652 5157
-1.576923 0.000000 0.730769 7777 7652 5157
-1.346154 0.240000 0.807692 7895 7734 4634
-1.307692 0.320000 0.884615 8159 8117 3242
-1.346154 0.360000 0.923077 8150 8225 2798
-1.346154 0.360000 0.923077 8150 8225 2798
-1.192308 0.640000 0.807692 8139 8286 2221
-1.153846 0.720000 0.769231 8384 8166 701
-1.076923 0.800000 0.730769 8538 8047 6440
-1.076923 0.800000 0.730769 8538 8047 6440
-0.769231 1.200000 0.730769 8779 7878 6331
-0.615385 1.360000 0.769231 9377 7603 6128
-0.423077 1.480000 0.846154 9433 7743 6099
-0.423077 1.480000 0.846154 9433 7743 6099
0.153846 1.640000 1.230769 9390 7822 6096
0.307692 1.640000 1.269231 8673 7973 6247
0.307692 1.640000 1.269231 8673 7973 6247
0.730769 1.640000 1.153846 8462 7832 6339
0.923077 1.640000 1.115385 8148 7083 1121
1.115385 1.560000 1.076923 8006 7049 1806
1.115385 1.560000 1.076923 8006 7049 1806
1.500000 1.360000 1.038462 7856 7172 2545
1.500000 1.280000 1.000000 7439 7961 4908
1.538462 1.240000 1.000000 7379 8031 5613
1.538462 1.240000 1.000000 7379 8031 5613
1.538462 1.160000 0.961538 7364 8061 6232
1.576923 1.160000 0.923077 7414 7859 7992
1.576923 1.160000 0.923077 7414 7859 7992
1.500000 1.200000 0.846154 7389 7902 8534
1.461538 1.240000 0.846154 7253 8204 10196
1.384615 1.280000 0.807692 7202 8397 10831
1.307692 1.320000 0.769231 7131 8564 11368
1.230769 1.440000 0.692308 7103 8688 11945
1.192308 1.480000 0.653846 7178 8722 12550
1.192308 1.480000 0.653846 7178 8722 12550
0.923077 1.720000 0.615385 7341 8739 13254
0.769231 1.800000 0.615385 7955 8590 15688
0.769231 1.800000 0.615385 7955 8590 15688
0.423077 2.200000 0.730769 8169 8527 9995
0.192308 2.400000 0.730769 8463 8966 10636
-0.153846 2.560000 0.769231 8507 9164 10846
-0.153846 2.560000 0.769231 8507 9164 10846
