0.269231 0.280000 1.115385 49.700001 2.150000 -271.850006
0.384615 0.320000 1.115385 57.849998 -22.150000 -266.850006
0.461538 0.360000 1.115385 57.450001 -31.549999 -250.100006
0.461538 0.360000 1.115385 57.450001 -31.549999 -250.100006
0.615385 0.400000 1.384615 0.000000 0.000000 0.000000
0.692308 0.440000 1.461538 -20.900000 -17.000000 40.650002
0.692308 0.440000 1.461538 -20.900000 -17.000000 40.650002
0.961538 0.480000 1.461538 0.000000 0.000000 0.000000
1.115385 0.560000 1.423077 -32.650002 -11.400000 21.799999
1.115385 0.560000 1.423077 -32.650002 -11.400000 21.799999
1.576923 0.920000 1.500000 0.000000 0.000000 0.000000
1.769231 1.080000 1.576923 -7.400000 -28.650000 54.849998
1.769231 1.080000 1.576923 -7.400000 -28.650000 54.849998
1.961538 1.520000 1.730769 0.000000 0.000000 0.000000
1.923077 1.600000 1.769231 -9.500000 -39.250000 128.899994
1.923077 1.600000 1.769231 -9.500000 -39.250000 128.899994
1.615385 1.880000 1.730769 -16.850000 -54.250000 173.699997
1.000000 2.400000 1.538462 357.850006 229.850006 781.150024
0.769231 2.600000 1.500000 374.700012 211.899994 2533.000000
0.769231 2.600000 1.500000 374.700012 211.899994 2533.000000
-0.461538 2.920000 1.500000 383.649994 207.500000 2578.000000
-1.115385 2.800000 1.423077 0.000000 0.000000 0.000000
-1.961538 2.400000 1.423077 -9.350000 40.049999 16.250000
-1.961538 2.400000 1.423077 -9.350000 40.049999 16.250000
-3.192308 0.760000 1.307692 0.000000 0.000000 0.000000
-2.807692 0.600000 1.000000 -4.750000 -3.500000 231.550003
-2.384615 0.560000 0.730769 -2.800000 19.100000 167.100006
-2.384615 0.560000 0.730769 -2.800000 19.100000 167.100006
-2.115385 0.520000 0.769231 0.000000 0.000000 0.000000
-2.153846 0.480000 0.769231 14.650000 43.400002 -58.200001
-2.153846 0.480000 0.769231 14.650000 43.400002 -58.200001
-1.961538 0.320000 0.769231 0.000000 0.000000 0.000000
-1.884615 0.280000 0.846154 12.300000 6.050000 -80.150002
-1.846154 0.200000 0.846154 14.850000 1.000000 -102.449997
-1.846154 0.200000 0.846154 14.850000 1.000000 -102.449997
-1.692308 0.160000 0.769231 0.000000 0.000000 0.000000
-1.692308 0.160000 0.769231 17.000000 -16.500000 -70.449997
-1.692308 0.160000 0.769231 17.000000 -16.500000 -70.449997
-1.692308 0.320000 0.769231 0.000000 0.000000 0.000000
-1.615385 0.480000 0.807692 10.200000 20.100000 -112.699997
-1.615385 0.480000 0.807692 10.200000 20.100000 -112.699997
-1.846154 0.760000 1.307692 433.799988 441.799988 219.250000
-2.115385 0.720000 1.500000 440.049988 466.000000 182.350006
-2.115385 0.720000 1.500000 440.049988 466.000000 182.350006
-2.500000 0.920000 1.346154 430.950012 453.850006 156.399994
-2.384615 1.160000 1.192308 0.000000 0.000000 0.000000
-2.384615 1.160000 1.192308 0.000000 0.000000 0.000000
-1.346154 2.000000 0.961538 0.000000 0.000000 0.000000
-0.884615 2.280000 0.961538 13.050000 50.950001 -118.750000
-0.884615 2.280000 0.961538 13.050000 50.950001 -118.750000
-0.076923 2.680000 1.538462 0.000000 0.000000 0.000000
0.153846 2.600000 1.730769 19.549999 62.900002 36.500000
0.461538 2.480000 1.730769 7.700000 53.049999 62.500000
0.461538 2.480000 1.730769 7.700000 53.049999 62.500000
1.576923 2.200000 1.269231 0.000000 0.000000 0.000000
1.923077 2.120000 1.230769 38.349998 -61.799999 -262.450012
1.923077 2.120000 1.230769 38.349998 -61.799999 -262.450012
2.153846 1.680000 1.538462 487.549988 493.399994 98.500000
1.884615 1.440000 1.653846 0.000000 0.000000 0.000000
1.884615 1.440000 1.653846 0.000000 0.000000 0.000000
1.423077 1.040000 1.615385 0.000000 0.000000 0.000000
1.346154 0.920000 1.615385 -25.900000 -62.000000 53.750000
1.346154 0.920000 1.615385 -25.900000 -62.000000 53.750000
1.307692 0.600000 1.307692 0.000000 0.000000 0.000000
1.346154 0.520000 1.192308 -49.700001 15.750000 19.900000
1.346154 0.520000 1.192308 -49.700001 15.750000 19.900000
1.461538 0.440000 1.000000 0.000000 0.000000 0.000000
1.461538 0.520000 0.961538 15.750000 -13.200000 47.549999
1.461538 0.520000 0.961538 15.750000 -13.200000 47.549999
1.500000 0.800000 1.269231 0.000000 0.000000 0.000000
1.500000 0.920000 1.576923 -1.150000 85.050003 27.200001
1.500000 0.920000 1.576923 -1.150000 85.050003 27.200001
1.269231 1.280000 1.846154 0.000000 0.000000 0.000000
1.153846 1.400000 1.807692 -63.250000 -46.500000 82.800003
1.000000 1.440000 1.846154 -59.150002 -94.500000 120.550003
1.000000 1.440000 1.846154 -59.150002 -94.500000 120.550003
0.730769 1.680000 1.423077 0.000000 0.000000 0.000000
0.692308 1.880000 1.384615 28.799999 -98.449997 61.599998
0.692308 1.880000 1.384615 28.799999 -98.449997 61.599998
0.346154 2.560000 1.346154 342.799988 243.199997 757.500000
0.076923 2.720000 1.230769 0.000000 0.000000 0.000000
0.076923 2.720000 1.230769 0.000000 0.000000 0.000000
-1.000000 2.760000 0.653846 335.350006 244.100006 2581.000000
-1.384615 2.600000 0.500000 399.950012 235.500000 2641.500000
-1.384615 2.600000 0.500000 399.950012 235.500000 2641.500000
-2.269231 1.920000 0.769231 0.000000 0.000000 0.000000
-2.538461 1.560000 0.961538 22.350000 123.849998 -64.750000
-2.538461 1.560000 0.961538 22.350000 123.849998 -64.750000
