0.923077 0.320000 0.884615 -22.600000 -64.800003 -323.450012
0.961538 0.360000 0.846154 -22.000000 -65.599998 -310.549988
1.038462 0.360000 0.846154 -23.049999 -59.299999 -299.450012
1.038462 0.360000 0.846154 -23.049999 -59.299999 -299.450012
1.115385 0.400000 0.769231 0.000000 0.000000 0.000000
1.076923 0.360000 0.807692 1.300000 25.150000 57.450001
1.000000 0.360000 0.846154 1.500000 29.700001 75.599998
1.000000 0.360000 0.846154 1.500000 29.700001 75.599998
0.730769 0.320000 0.846154 0.000000 0.000000 0.000000
0.653846 0.280000 0.807692 9.450000 -16.549999 27.750000
0.653846 0.320000 0.769231 16.750000 -23.900000 31.450001
0.653846 0.320000 0.769231 16.750000 -23.900000 31.450001
0.692308 0.440000 0.846154 0.000000 0.000000 0.000000
0.692308 0.480000 0.884615 4.950000 20.200001 21.850000
0.692308 0.560000 0.923077 1.050000 29.049999 36.400002
0.692308 0.560000 0.923077 1.050000 29.049999 36.400002
0.461538 0.600000 1.038462 0.000000 0.000000 0.000000
0.307692 0.600000 1.076923 2.450000 -10.400000 61.049999
0.307692 0.600000 1.076923 2.450000 -10.400000 61.049999
-0.076923 0.520000 1.076923 0.000000 0.000000 0.000000
-0.153846 0.480000 1.076923 8.400000 -22.250000 6.350000
-0.153846 0.480000 1.076923 8.400000 -22.250000 6.350000
-0.230769 0.560000 1.153846 0.000000 0.000000 0.000000
-0.230769 0.560000 1.153846 -18.750000 27.150000 -4.650000
-0.230769 0.640000 1.153846 -22.100000 26.900000 -4.450000
-0.230769 0.640000 1.153846 -22.100000 26.900000 -4.450000
-0.384615 0.640000 1.230769 0.000000 0.000000 0.000000
-0.461538 0.640000 1.230769 -0.500000 -25.950001 11.000000
-0.461538 0.640000 1.230769 -0.500000 -25.950001 11.000000
-0.576923 0.680000 1.153846 0.000000 0.000000 0.000000
-0.615385 0.680000 1.115385 -8.750000 4.450000 -4.300000
-0.653846 0.640000 1.076923 -12.900000 11.550000 -6.400000
-0.653846 0.640000 1.076923 -12.900000 11.550000 -6.400000
-1.000000 0.440000 1.076923 0.000000 0.000000 0.000000
-1.076923 0.360000 1.038462 -2.050000 -16.799999 -33.450001
-1.115385 0.280000 1.000000 0.000000 -28.600000 -54.000000
-1.115385 0.280000 1.000000 0.000000 -28.600000 -54.000000
-1.115385 0.200000 0.769231 0.000000 0.000000 0.000000
-1.153846 0.160000 0.769231 7.300000 0.500000 -58.849998
-1.153846 0.160000 0.769231 8.550000 2.600000 -78.949997
-1.153846 0.160000 0.769231 8.550000 2.600000 -78.949997
-1.384615 0.160000 0.807692 0.000000 0.000000 0.000000
-1.500000 0.200000 0.884615 1.350000 -4.700000 -58.599998
-1.653846 0.200000 0.884615 -1.200000 -0.700000 -80.699997
-1.653846 0.200000 0.884615 -1.200000 -0.700000 -80.699997
-2.384615 0.160000 1.038462 0.000000 0.000000 0.000000
-2.769231 0.120000 1.076923 -12.050000 15.250000 -109.800003
-2.769231 0.120000 1.076923 -12.050000 15.250000 -109.800003
-3.692308 0.240000 1.153846 370.299988 401.250000 242.750000
-3.846154 0.440000 1.000000 0.000000 0.000000 0.000000
-3.846154 0.440000 1.000000 0.000000 0.000000 0.000000
-3.307692 1.840000 0.076923 0.000000 0.000000 0.000000
-2.807692 2.520000 -0.038462 65.099998 -41.099998 -301.250000
-2.192308 3.160000 0.038462 67.300003 -32.150002 -347.000000
-2.192308 3.160000 0.038462 67.300003 -32.150002 -347.000000
0.115385 4.240000 1.000000 436.200012 364.950012 1080.750000
0.923077 4.320000 1.000000 393.149994 420.350006 1194.750000
1.807692 4.360000 0.576923 0.000000 0.000000 0.000000
1.807692 4.360000 0.576923 0.000000 0.000000 0.000000
3.961539 4.480000 0.846154 0.000000 0.000000 0.000000
4.115385 4.480000 1.038462 53.799999 21.150000 -77.000000
4.230769 4.440000 1.346154 54.200001 23.100000 30.850000
4.230769 4.440000 1.346154 54.200001 23.100000 30.850000
4.346154 3.720000 1.307692 0.000000 0.000000 0.000000
3.961539 3.560000 0.884615 -125.849998 99.349998 305.200012
3.384615 3.480000 0.461538 -139.500000 116.650002 413.000000
3.384615 3.480000 0.461538 -139.500000 116.650002 413.000000
1.500000 3.680000 0.000000 0.000000 0.000000 0.000000
0.615385 3.880000 0.269231 106.699997 -55.150002 299.250000
-0.307692 4.000000 0.692308 129.800003 -71.349998 362.000000
-0.307692 4.000000 0.692308 129.800003 -71.349998 362.000000
-3.230769 2.840000 1.346154 0.000000 0.000000 0.000000
-3.615385 2.120000 1.076923 -56.349998 38.200001 -127.750000
-3.653846 1.480000 0.846154 -63.400002 60.000000 -241.500000
-3.653846 1.480000 0.846154 -63.400002 60.000000 -241.500000
