1.115385 0.440000 0.923077 1.350000 -117.750000 -154.300003
1.153846 0.440000 0.846154 -2.550000 -108.000000 -136.750000
1.153846 0.440000 0.846154 -2.550000 -108.000000 -136.750000
1.230769 0.480000 0.846154 0.000000 0.000000 0.000000
1.192308 0.480000 0.846154 1.800000 21.049999 61.700001
1.192308 0.480000 0.846154 1.800000 21.049999 61.700001
1.115385 0.520000 0.807692 0.000000 0.000000 0.000000
1.076923 0.560000 0.807692 7.100000 -6.450000 55.650002
1.076923 0.560000 0.807692 7.100000 -6.450000 55.650002
1.038462 0.720000 0.807692 0.000000 0.000000 0.000000
1.000000 0.760000 0.846154 8.550000 10.950000 53.250000
1.000000 0.760000 0.846154 8.550000 10.950000 53.250000
0.884615 1.000000 0.961538 0.000000 0.000000 0.000000
0.807692 1.120000 1.000000 2.700000 -2.900000 77.150002
0.807692 1.120000 1.000000 2.700000 -2.900000 77.150002
0.500000 1.400000 1.038462 0.000000 0.000000 0.000000
0.307692 1.440000 1.076923 -4.950000 5.150000 -1232.500000
0.307692 1.440000 1.076923 -4.950000 5.150000 -1232.500000
-0.346154 1.520000 1.153846 0.000000 0.000000 0.000000
-0.576923 1.440000 1.153846 -27.100000 22.100000 37.750000
-0.576923 1.440000 1.153846 -27.100000 22.100000 37.750000
-1.153846 0.960000 1.076923 0.000000 0.000000 0.000000
-1.230769 0.800000 1.038462 -5.450000 -30.549999 -76.750000
-1.230769 0.800000 1.038462 -5.450000 -30.549999 -76.750000
-1.384615 0.560000 0.923077 0.000000 0.000000 0.000000
-1.423077 0.480000 0.923077 3.150000 7.850000 -93.550003
-1.423077 0.480000 0.923077 3.150000 7.850000 -93.550003
-1.615385 0.360000 0.769231 0.000000 0.000000 0.000000
-1.807692 0.360000 0.807692 -6.450000 21.350000 -71.099998
-2.192308 0.320000 0.769231 -7.900000 31.100000 -87.050003
-2.192308 0.320000 0.769231 -7.900000 31.100000 -87.050003
-2.653846 0.160000 0.692308 0.000000 0.000000 0.000000
-2.692308 0.160000 0.692308 33.150002 -72.550003 -121.250000
-2.692308 0.200000 0.730769 46.500000 -102.000000 -162.100006
-2.692308 0.200000 0.730769 46.500000 -102.000000 -162.100006
-3.461539 0.160000 0.576923 0.000000 0.000000 0.000000
-3.884615 0.200000 0.538462 6.500000 26.100000 -208.850006
-3.884615 0.200000 0.538462 6.500000 26.100000 -208.850006
-4.576923 1.040000 -0.038462 0.000000 0.000000 0.000000
-4.346154 1.880000 -0.269231 76.599998 -62.549999 -403.750000
-4.346154 1.880000 -0.269231 76.599998 -62.549999 -403.750000
-1.192308 4.160000 0.307692 535.250000 292.000000 1108.000000
-0.115385 4.280000 0.846154 506.100006 353.450012 1121.250000
-0.115385 4.280000 0.846154 506.100006 353.450012 1121.250000
2.423077 3.560000 1.076923 0.000000 0.000000 0.000000
2.461539 3.200000 1.192308 -4.250000 -9.950000 -185.600006
2.461539 3.200000 1.192308 -4.250000 -9.950000 -185.600006
2.307692 2.360000 1.423077 444.200012 308.149994 186.899994
2.346154 2.120000 1.461538 0.000000 0.000000 0.000000
2.346154 2.120000 1.461538 0.000000 0.000000 0.000000
2.307692 1.560000 1.115385 0.000000 0.000000 0.000000
2.115385 1.360000 1.000000 -22.850000 16.650000 125.150002
2.115385 1.360000 1.000000 -22.850000 16.650000 125.150002
1.384615 0.760000 0.653846 0.000000 0.000000 0.000000
1.153846 0.600000 0.576923 4.050000 5.600000 62.250000
1.153846 0.600000 0.576923 4.050000 5.600000 62.250000
0.769231 0.400000 0.576923 0.000000 0.000000 0.000000
0.769231 0.440000 0.538462 10.050000 21.350000 15.250000
0.769231 0.440000 0.538462 10.050000 21.350000 15.250000
0.500000 0.360000 0.769231 0.000000 0.000000 0.000000
0.384615 0.360000 0.807692 12.450000 2.200000 35.099998
0.384615 0.360000 0.807692 12.450000 2.200000 35.099998
-0.076923 0.240000 0.846154 0.000000 0.000000 0.000000
-0.153846 0.160000 0.846154 11.850000 -6.400000 -1.250000
-0.230769 0.160000 0.884615 16.100000 -8.250000 -7.650000
-0.230769 0.160000 0.884615 16.100000 -8.250000 -7.650000
-0.269231 0.120000 1.000000 0.000000 0.000000 0.000000
-0.269231 0.120000 1.000000 -1.300000 4.350000 -17.400000
-0.269231 0.120000 1.038462 -1.800000 3.300000 -19.900000
-0.269231 0.120000 1.038462 -1.800000 3.300000 -19.900000
-0.346154 0.040000 1.076923 0.000000 0.000000 0.000000
-0.384615 -0.040000 1.038462 -1.050000 -10.800000 -7.000000
-0.384615 -0.040000 1.000000 0.000000 -15.300000 -17.000000
-0.384615 -0.040000 1.000000 0.000000 -15.300000 -17.000000
-0.153846 0.040000 0.846154 0.000000 0.000000 0.000000
-0.076923 0.080000 0.923077 8.700000 13.700000 -21.500000
-0.076923 0.080000 0.961538 6.500000 23.450001 -20.600000
-0.076923 0.080000 0.961538 6.500000 23.450001 -20.600000
-0.076923 0.120000 1.000000 0.000000 0.000000 0.000000
-0.076923 0.120000 0.961538 -2.250000 -2.500000 9.550000
-0.076923 0.120000 0.961538 -2.250000 -2.500000 9.550000
-0.115385 0.160000 0.961538 0.000000 0.000000 0.000000
-0.115385 0.160000 1.000000 12.850000 -12.100000 5.550000
-0.153846 0.200000 1.038462 8.500000 -10.050000 6.450000
-0.153846 0.200000 1.038462 8.500000 -10.050000 6.450000
-0.230769 0.160000 1.038462 0.000000 0.000000 0.000000
-0.192308 0.200000 1.038462 -1.450000 -6.450000 6.600000
-0.115385 0.240000 1.000000 -2.700000 -12.200000 13.050000
-0.115385 0.240000 1.000000 -2.700000 -12.200000 13.050000
-0.307692 0.040000 0.923077 0.000000 0.000000 0.000000
-0.423077 -0.240000 0.884615 6.750000 -6.850000 4.100000
