0.307692 0.040000 0.884615 -11.850000 11.600000 -182.800003
0.423077 0.080000 0.884615 -7.800000 6.200000 -181.949997
0.576923 0.120000 0.884615 -8.350000 8.900000 -176.500000
0.576923 0.120000 0.884615 -8.350000 8.900000 -176.500000
0.807692 0.360000 0.923077 0.000000 0.000000 0.000000
0.923077 0.440000 0.923077 -1.550000 11.550000 29.200001
0.923077 0.440000 0.923077 -1.550000 11.550000 29.200001
1.615385 1.000000 1.115385 0.000000 0.000000 0.000000
1.769231 1.200000 1.230769 35.549999 -34.700001 90.699997
1.923077 1.360000 1.346154 39.750000 -51.349998 149.649994
1.923077 1.360000 1.346154 39.750000 -51.349998 149.649994
1.576923 1.600000 1.230769 0.000000 0.000000 0.000000
1.269231 1.680000 1.192308 -30.600000 25.950001 -656.250000
0.961538 1.720000 1.153846 -34.250000 28.850000 -604.750000
0.961538 1.720000 1.153846 -34.250000 28.850000 -604.750000
-0.115385 1.680000 1.115385 0.000000 0.000000 0.000000
-0.423077 1.600000 1.192308 -7.600000 -14.850000 52.000000
-0.769231 1.480000 1.153846 -15.600000 -15.900000 48.250000
-0.769231 1.480000 1.153846 -15.600000 -15.900000 48.250000
-1.384615 1.080000 0.846154 0.000000 0.000000 0.000000
-1.615385 0.920000 0.692308 -25.850000 31.250000 -72.250000
-1.884615 0.760000 0.615385 -8.350000 15.750000 -104.000000
-1.884615 0.760000 0.615385 -8.350000 15.750000 -104.000000
-2.730769 0.240000 1.115385 0.000000 0.000000 0.000000
-3.076923 0.040000 1.115385 2.750000 -10.900000 177.000000
-3.346154 -0.160000 1.076923 -4.050000 -5.850000 115.099998
-3.346154 -0.160000 1.076923 -4.050000 -5.850000 115.099998
-3.538461 -0.440000 0.923077 0.000000 0.000000 0.000000
-3.384615 -0.440000 0.807692 5.000000 -8.750000 -208.949997
-3.115385 -0.320000 0.615385 9.700000 -12.900000 -273.950012
-3.115385 -0.320000 0.615385 9.700000 -12.900000 -273.950012
-2.384615 0.000000 0.346154 394.850006 372.500000 211.750000
-2.230769 0.120000 0.346154 421.600006 394.450012 72.800003
-2.076923 0.280000 0.346154 0.000000 0.000000 0.000000
-2.076923 0.280000 0.346154 0.000000 0.000000 0.000000
-1.269231 1.160000 0.692308 0.000000 0.000000 0.000000
-0.884615 1.400000 0.884615 14.300000 26.900000 -93.750000
-0.884615 1.400000 0.884615 14.300000 26.900000 -93.750000
0.038462 1.720000 1.076923 0.000000 0.000000 0.000000
0.269231 1.800000 1.115385 -11.200000 2.200000 41.250000
0.615385 1.880000 1.230769 -7.450000 -5.350000 66.500000
0.615385 1.880000 1.230769 -7.450000 -5.350000 66.500000
1.346154 1.880000 1.230769 0.000000 0.000000 0.000000
1.653846 1.920000 1.230769 12.400000 -71.599998 -223.550003
1.653846 1.920000 1.230769 12.400000 -71.599998 -223.550003
2.230769 1.960000 1.538462 453.399994 350.350006 134.699997
2.384615 1.920000 1.576923 0.000000 0.000000 0.000000
2.538461 1.840000 1.538462 -22.799999 9.450000 53.650002
2.538461 1.840000 1.538462 -22.799999 9.450000 53.650002
2.461539 1.560000 1.192308 0.000000 0.000000 0.000000
2.307692 1.520000 1.038462 -32.849998 12.600000 170.899994
2.153846 1.520000 0.961538 -34.549999 15.600000 223.149994
2.153846 1.520000 0.961538 -34.549999 15.600000 223.149994
1.730769 1.800000 0.923077 0.000000 0.000000 0.000000
1.576923 1.920000 0.923077 -2.700000 1.800000 -853.250000
1.384615 2.080000 0.923077 -13.450000 14.300000 -790.250000
1.384615 2.080000 0.923077 -13.450000 14.300000 -790.250000
0.423077 2.720000 0.846154 0.000000 0.000000 0.000000
0.000000 2.800000 0.807692 -36.750000 24.750000 160.750000
-0.576923 2.720000 0.769231 -46.150002 23.299999 187.250000
-0.576923 2.720000 0.769231 -46.150002 23.299999 187.250000
-2.538461 1.400000 0.884615 0.000000 0.000000 0.000000
-2.884615 1.080000 0.653846 31.650000 -61.650002 -185.750000
-2.807692 0.800000 0.500000 48.299999 -66.550003 -280.000000
