1.423077 0.760000 0.846154 85.800003 30.850000 -10.700000
1.423077 0.920000 0.846154 86.150002 33.650002 18.200001
1.423077 0.920000 0.846154 86.150002 33.650002 18.200001
1.538462 1.200000 0.884615 0.000000 0.000000 0.000000
1.500000 1.320000 0.923077 -0.500000 21.049999 122.050003
1.423077 1.440000 0.961538 0.000000 20.299999 168.649994
1.423077 1.440000 0.961538 0.000000 20.299999 168.649994
1.230769 1.960000 1.000000 0.000000 0.000000 0.000000
1.115385 2.120000 1.000000 6.300000 0.750000 -1215.500000
1.115385 2.120000 1.000000 6.300000 0.750000 -1215.500000
0.500000 2.600000 0.923077 0.000000 0.000000 0.000000
0.115385 2.760000 0.923077 -11.700000 8.650000 146.000000
-0.346154 2.800000 1.000000 -7.000000 -5.650000 178.500000
-0.346154 2.800000 1.000000 -7.000000 -5.650000 178.500000
-1.807692 2.200000 1.038462 0.000000 0.000000 0.000000
-2.307692 1.880000 0.923077 -22.700001 -11.700000 -80.500000
-2.307692 1.880000 0.923077 -22.700001 -11.700000 -80.500000
-3.384615 0.960000 0.807692 0.000000 0.000000 0.000000
-3.692308 0.680000 0.846154 -9.350000 50.000000 247.449997
-3.807692 0.520000 0.923077 -3.100000 47.099998 166.149994
-3.807692 0.520000 0.923077 -3.100000 47.099998 166.149994
-4.115385 0.040000 0.884615 0.000000 0.000000 0.000000
-3.769231 0.080000 0.846154 4.050000 -84.699997 -298.299988
-3.769231 0.080000 0.846154 4.050000 -84.699997 -298.299988
-2.730769 0.360000 0.346154 0.000000 0.000000 0.000000
-2.423077 0.440000 0.115385 12.400000 -37.500000 -148.600006
-2.423077 0.440000 0.115385 12.400000 -37.500000 -148.600006
-2.192308 0.560000 0.230769 413.600006 322.799988 97.550003
-2.153846 0.760000 0.307692 0.000000 0.000000 0.000000
-2.000000 1.120000 0.423077 15.850000 -6.050000 -63.750000
-2.000000 1.120000 0.423077 15.850000 -6.050000 -63.750000
-1.307692 1.840000 0.615385 26.500000 -9.250000 -121.000000
-0.538462 2.160000 0.961538 0.000000 0.000000 0.000000
-0.307692 2.240000 1.076923 -24.500000 39.299999 7.250000
-0.307692 2.240000 1.076923 -24.500000 39.299999 7.250000
0.384615 2.280000 1.000000 0.000000 0.000000 0.000000
0.576923 2.240000 0.923077 -4.200000 -49.250000 79.750000
0.576923 2.240000 0.923077 -4.200000 -49.250000 79.750000
1.346154 2.240000 1.038462 0.000000 0.000000 0.000000
1.576923 2.200000 1.192308 -19.549999 8.450000 -260.399994
1.576923 2.200000 1.192308 -19.549999 8.450000 -260.399994
2.000000 2.080000 1.307692 406.200012 361.299988 93.650002
2.115385 2.080000 1.153846 0.000000 0.000000 0.000000
2.307692 2.040000 1.000000 8.300000 -13.650000 59.450001
2.307692 2.040000 1.000000 8.300000 -13.650000 59.450001
2.461539 1.880000 1.000000 0.000000 0.000000 0.000000
2.346154 1.880000 1.000000 16.850000 2.200000 185.800003
2.230769 1.920000 0.923077 10.450000 7.550000 244.649994
2.230769 1.920000 0.923077 10.450000 7.550000 244.649994
1.846154 2.200000 0.769231 0.000000 0.000000 0.000000
1.692308 2.320000 0.692308 -16.799999 48.000000 -912.500000
1.500000 2.400000 0.615385 -20.100000 64.849998 -851.500000
1.500000 2.400000 0.615385 -20.100000 64.849998 -851.500000
0.730769 2.760000 0.346154 0.000000 0.000000 0.000000
0.461538 2.880000 0.307692 38.400002 -20.200001 155.250000
0.076923 3.080000 0.423077 70.500000 -43.900002 193.250000
0.076923 3.080000 0.423077 70.500000 -43.900002 193.250000
-1.653846 2.800000 1.192308 0.000000 0.000000 0.000000
