0.884615 0.240000 0.846154 7572 8331 8431
0.923077 0.280000 0.807692 7472 8445 8599
1.000000 0.320000 0.807692 7337 8489 8646
1.000000 0.320000 0.807692 7337 8489 8646
1.076923 0.400000 0.769231 7583 8673 8872
1.115385 0.440000 0.807692 7529 8975 10017
1.115385 0.480000 0.807692 7612 8942 10455
1.115385 0.480000 0.807692 7612 8942 10455
1.038462 0.680000 0.923077 7708 8866 10934
1.000000 0.760000 0.961538 8220 8033 12602
1.000000 0.760000 0.961538 8220 8033 12602
0.730769 0.960000 1.038462 8393 7800 13177
0.692308 1.040000 1.038462 8768 7276 14687
0.692308 1.040000 1.038462 8768 7276 14687
0.576923 1.400000 1.153846 8839 7295 15192
0.423077 1.520000 1.153846 8906 7578 10150
0.423077 1.520000 1.153846 8906 7578 10150
-0.384615 1.520000 1.192308 8974 7500 10284
-0.730769 1.440000 1.269231 9202 6600 10418
-0.730769 1.440000 1.269231 9202 6600 10418
-1.423077 0.960000 1.307692 9284 6396 10365
-1.423077 0.800000 1.269231 8671 7395 9906
-1.423077 0.800000 1.269231 8671 7395 9906
-1.346154 0.640000 1.000000 8225 8183 15338
-1.307692 0.600000 0.961538 7513 9629 13752
-1.307692 0.600000 0.961538 7513 9629 13752
-1.730769 0.480000 1.153846 7546 9749 13438
-2.115385 0.320000 1.307692 7751 9146 12846
-2.115385 0.320000 1.307692 7751 9146 12846
-2.384615 -0.200000 1.192308 7651 9014 12001
-2.115385 -0.160000 1.038462 7169 8488 8632
-2.115385 -0.160000 1.038462 7169 8488 8632
-1.461538 0.000000 0.769231 7212 8345 7735
-1.307692 0.080000 0.769231 7665 8098 6243
-1.307692 0.080000 0.769231 7665 8098 6243
-1.153846 0.200000 0.923077 7919 7884 5940
-1.192308 0.200000 1.000000 8120 7688 5137
-1.192308 0.240000 1.000000 8037 7691 4692
-1.192308 0.240000 1.000000 8037 7691 4692
-1.153846 0.440000 1.000000 7970 7671 4266
-1.115385 0.480000 1.000000 7825 7684 3113
-1.115385 0.480000 1.000000 7825 7684 3113
-1.000000 0.680000 0.961538 7792 7656 2766
-0.961538 0.760000 0.923077 7734 7809 1822
-0.923077 0.800000 0.923077 7738 7918 1548
-0.923077 0.800000 0.923077 7738 7918 1548
-0.807692 0.960000 0.961538 7732 8053 1263
-0.692308 0.960000 0.923077 7602 8596 6450
-0.692308 0.960000 0.923077 7602 8596 6450
-0.346154 1.080000 0.884615 7607 8739 6410
-0.192308 1.120000 0.884615 8071 8383 6386
-0.192308 1.120000 0.884615 8071 8383 6386
0.307692 1.200000 0.961538 8220 8161 6415
0.461538 1.200000 1.000000 8548 7822 830
0.461538 1.200000 1.000000 8548 7822 830
0.961538 1.160000 1.153846 8558 7720 1201
1.076923 1.120000 1.192308 8311 7488 2734
1.076923 1.120000 1.192308 8311 7488 2734
1.153846 0.960000 1.115385 8127 7495 3299
1.192308 0.920000 1.076923 7779 7320 4569
1.192308 0.920000 1.076923 7779 7320 4569
1.346154 0.880000 0.923077 7665 7316 4938
1.461538 0.880000 0.884615 7437 7515 5969
1.461538 0.880000 0.884615 7437 7515 5969
1.692308 0.920000 0.807692 7358 7744 6439
1.692308 0.880000 0.807692 7164 8416 8324
1.653846 0.880000 0.769231 7177 8490 9074
1.653846 0.880000 0.769231 7177 8490 9074
1.423077 0.920000 0.692308 7232 8483 9781
1.307692 0.920000 0.692308 7635 8224 11804
1.230769 0.960000 0.653846 7835 8132 12404
1.230769 0.960000 0.653846 7835 8132 12404
0.923077 1.160000 0.692308 8017 8078 12965
0.846154 1.240000 0.730769 8466 8225 14491
0.846154 1.240000 0.730769 8466 8225 14491
0.615385 1.560000 0.769231 8565 8268 14969
0.538462 1.720000 0.730769 8914 8314 9998
0.538462 1.720000 0.730769 8914 8314 9998
0.269231 2.280000 0.923077 9121 8326 10134
0.115385 2.480000 1.076923 9783 8354 10597
0.115385 2.480000 1.076923 9783 8354 10597
-1.269231 2.360000 1.653846 9903 8235 10768
-1.807692 2.000000 1.615385 9724 7046 10891
-1.807692 2.000000 1.615385 9724 7046 10891
