0.846154 0.320000 0.769231 -50.400002 -4.700000 -162.350006
0.846154 0.320000 0.730769 -51.099998 0.000000 -149.300003
0.846154 0.320000 0.730769 -51.099998 0.000000 -149.300003
0.923077 0.400000 0.692308 0.000000 0.000000 0.000000
1.000000 0.400000 0.730769 7.750000 10.400000 37.150002
1.000000 0.440000 0.730769 11.800000 10.950000 51.150002
1.000000 0.440000 0.730769 11.800000 10.950000 51.150002
1.038462 0.560000 0.769231 0.000000 0.000000 0.000000
1.038462 0.560000 0.769231 9.850000 -0.650000 52.650002
1.000000 0.600000 0.807692 16.450001 -5.200000 70.900002
1.000000 0.600000 0.807692 16.450001 -5.200000 70.900002
0.961538 0.800000 0.884615 0.000000 0.000000 0.000000
0.961538 0.880000 0.923077 17.450001 -16.700001 70.750000
0.884615 0.960000 0.923077 20.549999 -19.400000 98.050003
0.884615 0.960000 0.923077 20.549999 -19.400000 98.050003
0.730769 1.320000 0.923077 0.000000 0.000000 0.000000
0.730769 1.480000 0.923077 -4.600000 17.700001 100.849998
0.615385 1.680000 0.961538 -7.650000 28.950001 -882.750000
0.615385 1.680000 0.961538 -7.650000 28.950001 -882.750000
-0.230769 2.080000 1.269231 0.000000 0.000000 0.000000
-0.615385 2.080000 1.346154 20.400000 -49.000000 115.500000
-0.615385 2.080000 1.346154 20.400000 -49.000000 115.500000
-1.576923 1.520000 1.538462 0.000000 0.000000 0.000000
-1.846154 1.280000 1.500000 -6.350000 -41.250000 -64.500000
-2.000000 1.000000 1.461538 -23.900000 -19.100000 -114.750000
-2.000000 1.000000 1.461538 -23.900000 -19.100000 -114.750000
-2.153846 0.440000 1.153846 0.000000 0.000000 0.000000
-2.192308 0.360000 1.076923 -40.500000 75.300003 175.949997
-2.153846 0.280000 1.076923 -44.400002 87.150002 133.649994
-2.153846 0.280000 1.076923 -44.400002 87.150002 133.649994
-2.115385 0.160000 1.153846 0.000000 0.000000 0.000000
-2.115385 0.080000 1.153846 -12.500000 -13.800000 -98.750000
-2.076923 0.000000 1.076923 -14.900000 -30.000000 -134.000000
-2.076923 0.000000 1.076923 -14.900000 -30.000000 -134.000000
-1.730769 -0.040000 0.769231 0.000000 0.000000 0.000000
-1.576923 0.040000 0.730769 30.049999 -37.900002 -119.300003
-1.576923 0.040000 0.730769 30.049999 -37.900002 -119.300003
-1.192308 0.320000 0.769231 0.000000 0.000000 0.000000
-1.115385 0.400000 0.846154 9.350000 24.750000 -72.099998
-1.076923 0.440000 0.846154 7.650000 39.650002 -92.050003
-1.076923 0.440000 0.846154 7.650000 39.650002 -92.050003
-1.115385 0.640000 0.961538 401.799988 423.500000 155.750000
-1.076923 0.720000 1.000000 414.649994 434.950012 77.599998
-1.076923 0.720000 1.000000 414.649994 434.950012 77.599998
-0.769231 1.040000 1.076923 0.000000 0.000000 0.000000
-0.576923 1.120000 1.153846 0.000000 0.000000 0.000000
-0.538462 1.200000 1.115385 -8.650000 5.100000 -20.750000
-0.500000 1.240000 1.115385 -12.400000 4.400000 -33.750000
-0.500000 1.240000 1.115385 -12.400000 4.400000 -33.750000
-0.153846 1.480000 1.115385 0.000000 0.000000 0.000000
0.038462 1.520000 1.153846 -5.150000 -16.950001 -11.000000
0.038462 1.520000 1.153846 -5.150000 -16.950001 -11.000000
0.461538 1.560000 1.076923 0.000000 0.000000 0.000000
0.615385 1.520000 1.000000 -1.950000 -32.549999 69.000000
0.615385 1.520000 1.000000 -1.950000 -32.549999 69.000000
0.846154 1.320000 0.884615 407.850006 355.200012 36.450001
0.961538 1.280000 0.846154 424.500000 339.500000 120.800003
1.038462 1.240000 0.884615 425.049988 340.600006 151.449997
1.038462 1.240000 0.884615 425.049988 340.600006 151.449997
1.269231 1.160000 0.884615 423.700012 344.600006 189.000000
1.307692 1.120000 0.884615 0.000000 0.000000 0.000000
1.307692 1.120000 0.884615 0.000000 0.000000 0.000000
1.307692 1.040000 0.846154 0.000000 0.000000 0.000000
1.230769 1.040000 0.769231 -9.650000 12.150000 123.300003
1.230769 1.040000 0.769231 -9.650000 12.150000 123.300003
1.000000 1.040000 0.730769 0.000000 0.000000 0.000000
0.961538 1.080000 0.730769 12.200000 2.750000 97.050003
0.961538 1.080000 0.730769 12.200000 2.750000 97.050003
0.807692 1.280000 0.730769 0.000000 0.000000 0.000000
0.807692 1.360000 0.769231 8.000000 17.299999 105.300003
0.769231 1.520000 0.769231 7.850000 23.799999 144.100006
0.769231 1.520000 0.769231 7.850000 23.799999 144.100006
0.576923 2.120000 0.884615 0.000000 0.000000 0.000000
0.384615 2.360000 0.884615 -32.299999 41.500000 176.250000
0.384615 2.360000 0.884615 -32.299999 41.500000 176.250000
-0.153846 2.720000 0.961538 -38.900002 48.250000 227.500000
-0.692308 2.840000 1.115385 0.000000 0.000000 0.000000
-1.000000 2.800000 1.269231 33.599998 -83.349998 32.250000
-1.230769 2.640000 1.384615 54.599998 -121.199997 29.250000
-1.230769 2.640000 1.384615 54.599998 -121.199997 29.250000
