0.538462 0.240000 0.884615 24.450001 -21.950001 -273.649994
0.576923 0.280000 0.846154 25.900000 -20.250000 -267.200012
0.576923 0.280000 0.846154 25.900000 -20.250000 -267.200012
0.846154 0.360000 0.807692 0.000000 0.000000 0.000000
0.846154 0.440000 0.923077 1.350000 45.849998 46.599998
0.846154 0.440000 0.961538 -5.150000 55.549999 65.849998
0.846154 0.440000 0.961538 -5.150000 55.549999 65.849998
0.846154 0.560000 1.000000 0.000000 0.000000 0.000000
0.923077 0.560000 1.000000 -10.050000 4.350000 37.799999
0.961538 0.680000 1.000000 -10.350000 8.450000 52.900002
0.961538 0.680000 1.000000 -10.350000 8.450000 52.900002
1.230769 0.960000 1.115385 0.000000 0.000000 0.000000
1.153846 1.040000 1.153846 -18.350000 15.650000 116.150002
1.153846 1.040000 1.153846 -18.350000 15.650000 116.150002
0.923077 1.240000 1.115385 0.000000 0.000000 0.000000
0.769231 1.280000 1.115385 -8.550000 5.400000 -838.750000
0.769231 1.280000 1.115385 -8.550000 5.400000 -838.750000
0.269231 1.440000 1.153846 0.000000 0.000000 0.000000
0.153846 1.520000 1.115385 8.200000 -37.349998 85.750000
0.076923 1.640000 1.153846 6.800000 -41.500000 113.000000
0.076923 1.640000 1.153846 6.800000 -41.500000 113.000000
-0.346154 1.640000 1.076923 0.000000 0.000000 0.000000
-0.500000 1.520000 1.038462 -31.000000 10.150000 21.000000
-0.500000 1.520000 1.038462 -31.000000 10.150000 21.000000
-0.576923 1.400000 1.000000 -26.299999 -11.000000 9.500000
-0.538462 1.440000 0.884615 -1.350000 -62.750000 -30.750000
-0.576923 1.560000 0.807692 0.000000 0.000000 0.000000
-0.692308 1.560000 0.807692 -10.450000 48.150002 -4.000000
-0.692308 1.560000 0.807692 -10.450000 48.150002 -4.000000
-1.076923 1.200000 1.000000 0.000000 0.000000 0.000000
-1.192308 1.080000 0.961538 -23.799999 12.950000 -59.500000
-1.346154 0.840000 0.961538 -24.549999 15.100000 -95.500000
-1.346154 0.840000 0.961538 -24.549999 15.100000 -95.500000
-1.346154 0.520000 0.769231 0.000000 0.000000 0.000000
-1.307692 0.440000 0.730769 34.200001 -32.650002 188.899994
-1.269231 0.400000 0.730769 46.000000 -34.400002 153.649994
-1.269231 0.400000 0.730769 46.000000 -34.400002 153.649994
-1.115385 0.400000 0.769231 0.000000 0.000000 0.000000
-1.115385 0.400000 0.769231 17.400000 1.450000 -74.150002
-1.115385 0.400000 0.769231 17.400000 1.450000 -74.150002
-1.192308 0.400000 0.807692 0.000000 0.000000 0.000000
-1.230769 0.400000 0.846154 4.100000 22.950001 -65.800003
-1.230769 0.400000 0.846154 4.100000 22.950001 -65.800003
-1.269231 0.360000 0.923077 0.000000 0.000000 0.000000
-1.230769 0.320000 0.923077 -1.800000 1.650000 -75.900002
-1.230769 0.320000 0.923077 -1.800000 1.650000 -75.900002
-1.115385 0.360000 0.923077 0.000000 0.000000 0.000000
-1.076923 0.400000 0.923077 12.000000 -40.099998 -63.000000
-1.076923 0.400000 0.923077 12.000000 -40.099998 -63.000000
-0.961538 0.480000 0.923077 417.200012 367.350006 246.300003
-0.961538 0.480000 0.923077 420.700012 371.450012 190.300003
-0.961538 0.480000 0.923077 420.700012 371.450012 190.300003
-0.884615 0.560000 0.923077 420.600006 375.700012 171.350006
-0.884615 0.600000 0.961538 428.950012 394.350006 117.199997
-0.884615 0.600000 0.961538 428.950012 394.350006 117.199997
-0.884615 0.720000 1.076923 432.950012 397.700012 99.550003
-0.846154 0.800000 1.076923 436.450012 384.549988 48.700001
-0.846154 0.800000 1.076923 436.450012 384.549988 48.700001
-0.692308 0.920000 1.038462 436.200012 376.100006 30.350000
-0.692308 1.000000 1.000000 0.000000 0.000000 0.000000
-0.692308 1.000000 1.000000 0.000000 0.000000 0.000000
-0.576923 1.160000 0.884615 0.000000 0.000000 0.000000
-0.538462 1.200000 0.884615 -5.100000 3.900000 -50.500000
-0.538462 1.200000 0.884615 -5.100000 3.900000 -50.500000
-0.461538 1.360000 0.807692 0.000000 0.000000 0.000000
-0.346154 1.400000 0.807692 -7.650000 21.950001 -40.000000
-0.346154 1.400000 0.807692 -7.650000 21.950001 -40.000000
-0.076923 1.480000 0.730769 0.000000 0.000000 0.000000
0.000000 1.480000 0.769231 -2.550000 19.700001 16.000000
0.076923 1.560000 0.769231 1.050000 23.200001 27.500000
0.076923 1.560000 0.769231 1.050000 23.200001 27.500000
0.423077 1.440000 0.884615 0.000000 0.000000 0.000000
0.423077 1.360000 0.884615 9.650000 -5.950000 89.500000
0.423077 1.360000 0.884615 9.650000 -5.950000 89.500000
0.653846 1.360000 0.923077 0.000000 0.000000 0.000000
0.807692 1.360000 0.961538 34.599998 -55.299999 -245.399994
0.923077 1.360000 1.000000 33.400002 -57.299999 -215.300003
0.923077 1.360000 1.000000 33.400002 -57.299999 -215.300003
1.115385 1.280000 1.076923 455.500000 353.799988 141.550003
1.192308 1.280000 1.076923 431.149994 361.549988 225.449997
1.269231 1.240000 1.076923 0.000000 0.000000 0.000000
1.269231 1.240000 1.076923 0.000000 0.000000 0.000000
1.423077 1.160000 1.153846 0.000000 0.000000 0.000000
1.346154 1.120000 1.153846 -30.049999 25.799999 98.099998
1.346154 1.120000 1.153846 -30.049999 25.799999 98.099998
1.230769 1.040000 1.115385 0.000000 0.000000 0.000000
1.192308 1.040000 1.076923 -11.700000 4.150000 82.900002
1.192308 1.040000 1.076923 -11.700000 4.150000 82.900002
0.923077 1.000000 1.076923 0.000000 0.000000 0.000000
0.846154 1.000000 1.115385 -14.500000 4.600000 66.750000
0.807692 1.040000 1.115385 -21.750000 6.750000 87.449997
0.807692 1.040000 1.115385 -21.750000 6.750000 87.449997
0.538462 1.040000 1.038462 0.000000 0.000000 0.000000
0.461538 1.000000 1.000000 -17.049999 4.900000 50.650002
0.384615 1.000000 1.000000 -12.850000 -1.550000 67.199997
0.384615 1.000000 1.000000 -12.850000 -1.550000 67.199997
0.192308 0.960000 1.000000 0.000000 0.000000 0.000000
0.115385 0.960000 0.961538 22.100000 -32.049999 36.450001
0.115385 0.960000 0.961538 22.100000 -32.049999 36.450001
0.038462 1.000000 0.923077 0.000000 0.000000 0.000000
0.000000 1.040000 0.923077 0.800000 10.000000 22.650000
-0.038462 1.080000 0.923077 -1.650000 17.700001 -1360.250000
-0.038462 1.080000 0.923077 -1.650000 17.700001 -1360.250000
-0.076923 1.320000 0.884615 0.000000 0.000000 0.000000
-0.153846 1.400000 0.923077 1.350000 5.850000 75.500000
-0.230769 1.480000 0.923077 5.550000 0.000000 105.500000
-0.230769 1.480000 0.923077 5.550000 0.000000 105.500000
-0.615385 1.680000 1.076923 0.000000 0.000000 0.000000
-0.884615 1.600000 1.115385 -11.750000 -10.150000 76.750000
-0.884615 1.600000 1.115385 -11.750000 -10.150000 76.750000
-1.153846 1.120000 0.846154 0.000000 0.000000 0.000000
-1.076923 1.080000 0.730769 6.450000 -18.350000 -94.750000
-1.000000 1.040000 0.615385 13.050000 1.750000 -123.500000
-1.000000 1.040000 0.615385 13.050000 1.750000 -123.500000
-1.384615 0.840000 0.692308 0.000000 0.000000 0.000000
-1.576923 0.600000 0.730769 5.350000 59.950001 -58.750000
-1.576923 0.600000 0.730769 5.350000 59.950001 -58.750000
