1.115385 0.720000 0.692308 -79.949997 54.150002 -267.500000
1.153846 0.760000 0.769231 -78.449997 57.849998 -240.300003
1.192308 0.760000 0.730769 -86.599998 68.000000 -212.850006
1.192308 0.760000 0.730769 -86.599998 68.000000 -212.850006
1.230769 0.800000 0.692308 0.000000 0.000000 0.000000
1.230769 0.800000 0.692308 -1.000000 26.200001 78.199997
1.192308 0.800000 0.692308 1.000000 31.549999 106.400002
1.192308 0.800000 0.692308 1.000000 31.549999 106.400002
1.038462 0.880000 0.730769 0.000000 0.000000 0.000000
1.000000 0.920000 0.769231 17.000000 -8.500000 87.300003
0.846154 1.000000 0.807692 31.400000 -15.700000 145.050003
0.846154 1.000000 0.807692 31.400000 -15.700000 145.050003
0.730769 1.320000 0.923077 0.000000 0.000000 0.000000
0.730769 1.480000 0.961538 14.400000 4.600000 -1035.250000
0.615385 1.640000 1.000000 13.950000 8.150000 -984.000000
0.615385 1.640000 1.000000 13.950000 8.150000 -984.000000
0.076923 2.160000 1.153846 0.000000 0.000000 0.000000
-0.192308 2.320000 1.230769 -9.850000 -17.350000 156.500000
-0.192308 2.320000 1.230769 -9.850000 -17.350000 156.500000
-1.192308 2.240000 1.500000 0.000000 0.000000 0.000000
-1.423077 2.080000 1.538462 -4.150000 -76.900002 -1.250000
-1.576923 1.880000 1.615385 -20.250000 -76.849998 -33.000000
-1.576923 1.880000 1.615385 -20.250000 -76.849998 -33.000000
-2.076923 0.800000 1.269231 0.000000 0.000000 0.000000
-2.038461 0.600000 0.961538 -104.250000 100.800003 -204.000000
-2.038461 0.600000 0.961538 -104.250000 100.800003 -204.000000
-1.769231 0.400000 0.500000 0.000000 0.000000 0.000000
-1.653846 0.480000 0.576923 101.750000 -47.950001 -130.850006
-1.653846 0.480000 0.576923 101.750000 -47.950001 -130.850006
-2.230769 0.280000 0.807692 0.000000 0.000000 0.000000
-2.192308 0.240000 0.846154 -23.299999 45.599998 -136.850006
-2.192308 0.240000 0.846154 -23.299999 45.599998 -136.850006
-2.000000 0.120000 0.807692 0.000000 0.000000 0.000000
-1.846154 0.120000 0.769231 25.299999 -54.700001 -133.649994
-1.846154 0.120000 0.769231 25.299999 -54.700001 -133.649994
-1.346154 0.320000 0.769231 0.000000 0.000000 0.000000
-1.230769 0.400000 0.807692 37.000000 -49.250000 -72.349998
-1.230769 0.400000 0.807692 37.000000 -49.250000 -72.349998
-1.269231 0.360000 0.923077 439.250000 350.899994 209.800003
-1.346154 0.360000 0.923077 419.700012 409.500000 138.350006
-1.346154 0.360000 0.923077 419.700012 409.500000 138.350006
-1.423077 0.600000 0.961538 420.049988 417.049988 103.900002
-1.346154 0.800000 0.961538 0.000000 0.000000 0.000000
-1.346154 0.800000 0.961538 0.000000 0.000000 0.000000
-0.961538 1.160000 0.923077 0.000000 0.000000 0.000000
-0.923077 1.160000 0.923077 3.800000 6.900000 -47.000000
-0.923077 1.160000 0.923077 3.800000 6.900000 -47.000000
-0.884615 1.360000 0.846154 0.000000 0.000000 0.000000
-0.769231 1.520000 0.846154 14.450000 -20.900000 -48.750000
-0.769231 1.520000 0.846154 14.450000 -20.900000 -48.750000
-0.153846 1.760000 1.000000 0.000000 0.000000 0.000000
0.115385 1.800000 1.076923 -20.250000 20.500000 35.000000
0.115385 1.800000 1.076923 -20.250000 20.500000 35.000000
0.692308 1.560000 1.115385 0.000000 0.000000 0.000000
0.807692 1.440000 1.076923 -16.350000 -6.950000 -257.350006
0.884615 1.320000 1.000000 -16.850000 -14.750000 -212.550003
0.884615 1.320000 1.000000 -16.850000 -14.750000 -212.550003
1.000000 1.040000 0.923077 413.899994 377.799988 127.800003
1.000000 1.000000 0.884615 422.450012 366.399994 223.550003
1.000000 1.000000 0.884615 419.450012 371.750000 249.800003
1.000000 1.000000 0.884615 419.450012 371.750000 249.800003
1.000000 0.920000 0.961538 0.000000 0.000000 0.000000
1.000000 0.920000 0.923077 -19.450001 15.750000 67.599998
1.000000 0.920000 0.923077 -24.049999 15.950000 87.750000
1.000000 0.920000 0.923077 -24.049999 15.950000 87.750000
0.961538 0.840000 0.846154 0.000000 0.000000 0.000000
0.923077 0.840000 0.807692 -3.050000 -4.700000 63.599998
0.846154 0.840000 0.769231 -0.500000 0.550000 82.699997
0.846154 0.840000 0.769231 -0.500000 0.550000 82.699997
0.807692 0.880000 0.769231 0.000000 0.000000 0.000000
0.846154 0.880000 0.807692 0.500000 20.650000 69.500000
0.807692 0.920000 0.846154 -2.000000 30.049999 99.050003
0.807692 0.920000 0.846154 -2.000000 30.049999 99.050003
0.576923 1.040000 0.807692 0.000000 0.000000 0.000000
0.538462 1.080000 0.769231 1.350000 8.050000 90.199997
0.500000 1.200000 0.807692 3.700000 8.550000 122.000000
0.500000 1.200000 0.807692 3.700000 8.550000 122.000000
0.384615 1.640000 0.846154 0.000000 0.000000 0.000000
0.384615 1.840000 0.884615 0.000000 15.800000 -1343.000000
0.346154 2.120000 0.923077 -2.950000 16.150000 -1283.000000
0.346154 2.120000 0.923077 -2.950000 16.150000 -1283.000000
-0.269231 3.080000 1.153846 0.000000 0.000000 0.000000
-0.692308 3.280000 1.230769 -9.850000 -20.650000 213.750000
-0.692308 3.280000 1.230769 -9.850000 -20.650000 213.750000
