0.000000 0.000000 0.000000 0.000000 0.000000 0.000000
1.192308 0.560000 0.807692 0.000000 0.000000 0.000000
1.192308 0.560000 0.807692 0.000000 0.000000 0.000000
1.461538 1.000000 0.884615 819.150024 819.150024 819.150024
1.615385 1.240000 0.923077 819.150024 819.150024 819.150024
1.615385 1.240000 0.923077 819.150024 819.150024 819.150024
2.038461 1.840000 1.076923 819.150024 819.150024 819.150024
2.076923 2.120000 1.038462 819.150024 819.150024 819.150024
2.076923 2.120000 1.038462 819.150024 819.150024 819.150024
0.884615 3.560000 0.461538 15.750000 17.500000 474.049988
0.076923 3.840000 0.653846 0.000000 0.000000 0.000000
0.076923 3.840000 0.653846 0.000000 0.000000 0.000000
-2.692308 2.440000 1.961538 0.000000 0.000000 0.000000
-3.192308 1.680000 1.615385 -45.049999 -52.400002 -149.000000
-3.192308 1.680000 1.615385 -45.049999 -52.400002 -149.000000
-3.692308 0.440000 0.730769 0.000000 0.000000 0.000000
-3.846154 0.200000 1.076923 20.600000 87.250000 179.800003
-3.961539 0.040000 1.307692 20.400000 75.599998 83.849998
-3.961539 0.040000 1.307692 20.400000 75.599998 83.849998
-4.038462 0.000000 1.076923 0.000000 0.000000 0.000000
-3.961539 0.040000 0.961538 -9.600000 -76.150002 -254.000000
-3.846154 0.160000 0.730769 -10.750000 -95.400002 -327.399994
-3.846154 0.160000 0.730769 -10.750000 -95.400002 -327.399994
-3.230769 0.720000 0.307692 402.850006 365.450012 124.250000
-3.076923 0.880000 0.230769 0.000000 0.000000 0.000000
-3.076923 0.880000 0.230769 0.000000 0.000000 0.000000
-2.769231 1.840000 0.115385 0.000000 0.000000 0.000000
-2.307692 2.680000 0.230769 63.200001 -22.400000 -258.000000
-2.307692 2.680000 0.230769 63.200001 -22.400000 -258.000000
0.000000 4.160000 1.307692 505.000000 393.200012 1124.750000
0.692308 4.240000 1.615385 462.850006 456.649994 1215.750000
0.692308 4.240000 1.615385 462.850006 456.649994 1215.750000
2.576923 4.080000 1.384615 0.000000 0.000000 0.000000
2.961539 3.960000 1.461538 -1.950000 -83.599998 307.500000
2.961539 3.960000 1.461538 -1.950000 -83.599998 307.500000
3.576923 3.240000 1.730769 443.750000 340.450012 106.550003
3.692308 3.040000 1.615385 0.000000 0.000000 0.000000
3.692308 3.040000 1.615385 0.000000 0.000000 0.000000
3.115385 3.000000 0.923077 0.000000 0.000000 0.000000
2.769231 3.560000 0.692308 -53.049999 77.699997 163.250000
2.769231 3.560000 0.692308 -53.049999 77.699997 163.250000
2.000000 4.360000 0.384615 0.000000 0.000000 0.000000
1.230769 4.400000 0.384615 39.700001 4.200000 437.750000
-0.192308 4.480000 0.615385 54.349998 3.600000 580.500000
-0.192308 4.480000 0.615385 54.349998 3.600000 580.500000
-4.500000 3.680000 1.500000 0.000000 0.000000 0.000000
-4.692307 2.440000 1.115385 8.550000 -18.350000 -327.250000
-4.692307 2.440000 1.115385 8.550000 -18.350000 -327.250000
