1.730769 1.320000 1.115385 67.099998 -114.000000 -275.799988
1.769231 1.320000 1.115385 51.799999 -91.300003 -238.550003
1.769231 1.320000 1.115385 51.799999 -91.300003 -238.550003
1.769231 1.600000 1.192308 0.000000 0.000000 0.000000
1.807692 1.800000 1.230769 -24.900000 40.849998 89.150002
1.807692 1.800000 1.230769 -24.900000 40.849998 89.150002
2.076923 2.160000 1.576923 0.000000 0.000000 0.000000
2.076923 2.200000 1.538462 -10.400000 -42.099998 164.550003
2.038461 2.280000 1.423077 -17.450001 -56.200001 230.399994
2.038461 2.280000 1.423077 -17.450001 -56.200001 230.399994
1.653846 2.720000 0.884615 0.000000 0.000000 0.000000
1.346154 2.920000 0.692308 -2.800000 7.950000 -1206.750000
0.961538 3.120000 0.576923 0.000000 26.350000 -1124.500000
0.961538 3.120000 0.576923 0.000000 26.350000 -1124.500000
-0.307692 3.360000 0.615385 5.450000 37.799999 -1061.000000
-1.500000 2.960000 0.846154 0.000000 0.000000 0.000000
-1.961538 2.600000 0.846154 38.750000 -28.500000 -22.500000
-2.269231 2.280000 0.807692 34.450001 -4.750000 -74.000000
-2.269231 2.280000 0.807692 34.450001 -4.750000 -74.000000
-2.923077 1.120000 0.653846 0.000000 0.000000 0.000000
-3.000000 0.880000 0.653846 -24.049999 70.900002 -226.750000
-3.000000 0.880000 0.653846 -24.049999 70.900002 -226.750000
-2.884615 0.240000 0.923077 0.000000 0.000000 0.000000
-2.769231 0.160000 0.846154 -17.049999 6.600000 124.000000
-2.576923 0.200000 0.730769 -20.549999 -10.400000 69.849998
-2.576923 0.200000 0.730769 -20.549999 -10.400000 69.849998
-2.615385 0.040000 0.807692 0.000000 0.000000 0.000000
-2.538461 0.040000 0.807692 21.049999 -30.350000 -145.250000
-2.500000 0.040000 0.769231 16.200001 -24.100000 -195.949997
-2.500000 0.040000 0.769231 16.200001 -24.100000 -195.949997
-2.269231 0.160000 0.653846 0.000000 0.000000 0.000000
-2.076923 0.280000 0.653846 23.100000 -48.700001 -140.649994
-1.961538 0.400000 0.692308 29.100000 -57.049999 -180.350006
-1.961538 0.400000 0.692308 29.100000 -57.049999 -180.350006
-1.923077 0.720000 0.730769 432.149994 359.399994 69.500000
-1.961538 0.840000 0.769231 0.000000 0.000000 0.000000
-1.884615 1.080000 0.730769 6.300000 -8.400000 -48.000000
-1.884615 1.080000 0.730769 6.300000 -8.400000 -48.000000
-1.230769 1.640000 0.653846 0.000000 0.000000 0.000000
-1.038462 1.760000 0.692308 16.450001 -9.150000 -63.250000
-0.923077 1.880000 0.692308 12.900000 -5.300000 -65.750000
-0.923077 1.880000 0.692308 12.900000 -5.300000 -65.750000
-0.384615 2.040000 0.846154 0.000000 0.000000 0.000000
-0.230769 2.120000 0.846154 -41.799999 28.549999 17.750000
-0.230769 2.120000 0.846154 -41.799999 28.549999 17.750000
0.576923 2.440000 0.730769 0.000000 0.000000 0.000000
0.923077 2.520000 0.730769 -10.850000 -14.350000 80.500000
0.923077 2.520000 0.730769 -10.850000 -14.350000 80.500000
1.692308 2.520000 0.653846 0.000000 0.000000 0.000000
1.923077 2.520000 0.615385 24.450001 -30.400000 -204.600006
2.192308 2.520000 0.653846 25.049999 -23.100000 -138.600006
2.192308 2.520000 0.653846 25.049999 -23.100000 -138.600006
2.538461 2.600000 0.884615 438.350006 327.549988 235.449997
2.576923 2.640000 0.961538 0.000000 0.000000 0.000000
2.576923 2.720000 1.000000 -13.600000 17.100000 67.300003
2.576923 2.720000 1.000000 -13.600000 17.100000 67.300003
2.538461 3.040000 0.846154 0.000000 0.000000 0.000000
2.500000 3.280000 0.730769 -51.599998 49.799999 -396.500000
2.461539 3.560000 0.692308 -38.950001 33.950001 -287.000000
2.461539 3.560000 0.692308 -38.950001 33.950001 -287.000000
1.423077 4.320000 0.423077 0.000000 0.000000 0.000000
0.769231 4.400000 0.346154 5.900000 27.500000 331.250000
0.769231 4.400000 0.346154 5.900000 27.500000 331.250000
-1.769231 4.480000 0.769231 0.000000 0.000000 0.000000
-3.076923 4.480000 1.076923 82.199997 -60.150002 95.750000
-4.269231 3.360000 1.346154 98.050003 -67.900002 -9.000000
