1.115385 0.640000 0.961538 -84.900002 22.850000 -197.199997
1.115385 0.680000 0.923077 -93.449997 31.200001 -185.699997
1.115385 0.680000 0.923077 -93.449997 31.200001 -185.699997
1.307692 0.760000 1.000000 0.000000 0.000000 0.000000
1.346154 0.800000 1.000000 -1.300000 -7.250000 71.250000
1.307692 0.840000 1.038462 7.800000 -17.799999 100.800003
1.307692 0.840000 1.038462 7.800000 -17.799999 100.800003
1.038462 0.920000 1.230769 0.000000 0.000000 0.000000
0.961538 0.960000 1.269231 15.250000 -33.549999 72.949997
0.884615 1.000000 1.307692 12.600000 -40.950001 89.949997
0.884615 1.000000 1.307692 12.600000 -40.950001 89.949997
0.884615 1.160000 1.269231 0.000000 0.000000 0.000000
0.846154 1.240000 1.192308 -9.950000 -6.800000 69.550003
0.846154 1.240000 1.192308 -9.950000 -6.800000 69.550003
0.538462 1.360000 1.038462 0.000000 0.000000 0.000000
0.423077 1.440000 0.961538 18.900000 -28.400000 -1254.500000
0.269231 1.440000 0.923077 29.650000 -35.849998 -1230.250000
0.269231 1.440000 0.923077 29.650000 -35.849998 -1230.250000
-0.230769 1.440000 0.884615 0.000000 0.000000 0.000000
-0.423077 1.400000 0.884615 10.850000 36.549999 31.500000
-0.615385 1.320000 0.884615 9.400000 49.599998 28.250000
-0.615385 1.320000 0.884615 9.400000 49.599998 28.250000
-1.000000 1.080000 0.884615 0.000000 0.000000 0.000000
-1.076923 1.040000 0.923077 16.150000 -9.750000 -51.250000
-1.192308 0.960000 1.000000 20.549999 -5.000000 -71.250000
-1.192308 0.960000 1.000000 20.549999 -5.000000 -71.250000
-1.538462 0.560000 1.307692 0.000000 0.000000 0.000000
-1.615385 0.440000 1.307692 -38.299999 48.700001 215.000000
-2.230769 0.240000 1.884615 -56.400002 68.000000 174.350006
-2.230769 0.240000 1.884615 -56.400002 68.000000 174.350006
-1.807692 0.240000 0.230769 0.000000 0.000000 0.000000
-0.807692 0.240000 0.269231 30.799999 -114.150002 -178.850006
-0.923077 0.160000 0.846154 86.400002 -141.750000 -154.050003
-0.923077 0.160000 0.846154 86.400002 -141.750000 -154.050003
-0.846154 0.080000 0.961538 0.000000 0.000000 0.000000
-0.846154 0.040000 0.692308 -87.800003 77.800003 -55.950001
-0.846154 0.040000 0.692308 -87.800003 77.800003 -55.950001
-0.807692 0.160000 0.730769 0.000000 0.000000 0.000000
-0.769231 0.240000 0.846154 31.950001 -6.250000 -67.199997
-0.769231 0.240000 0.846154 31.950001 -6.250000 -67.199997
-0.730769 0.440000 1.000000 0.000000 0.000000 0.000000
-0.730769 0.480000 0.961538 -1.900000 -15.750000 -40.049999
-0.730769 0.480000 0.961538 -1.900000 -15.750000 -40.049999
-0.846154 0.600000 1.115385 401.799988 390.700012 211.449997
-0.961538 0.600000 1.192308 392.850006 391.799988 169.399994
-0.961538 0.600000 1.192308 392.850006 391.799988 169.399994
-1.115385 0.680000 1.115385 381.700012 397.250000 150.000000
-1.076923 0.720000 1.038462 365.399994 404.750000 80.699997
-1.038462 0.800000 1.038462 367.750000 400.500000 59.650002
-1.038462 0.800000 1.038462 367.750000 400.500000 59.650002
-1.000000 0.920000 1.038462 370.899994 396.049988 39.799999
-0.961538 1.040000 0.961538 0.000000 0.000000 0.000000
-0.884615 1.120000 0.884615 7.200000 -17.299999 -39.500000
-0.769231 1.200000 0.846154 9.850000 -21.750000 -55.250000
-0.769231 1.200000 0.846154 9.850000 -21.750000 -55.250000
-0.384615 1.440000 0.846154 0.000000 0.000000 0.000000
-0.230769 1.480000 0.807692 0.900000 2.050000 -10.500000
0.000000 1.520000 0.769231 4.250000 -2.050000 -2.250000
0.000000 1.520000 0.769231 4.250000 -2.050000 -2.250000
0.461538 1.480000 0.769231 0.000000 0.000000 0.000000
0.576923 1.440000 0.769231 9.450000 11.400000 67.250000
0.653846 1.440000 0.730769 15.700000 12.900000 -277.350006
0.653846 1.440000 0.730769 15.700000 12.900000 -277.350006
0.884615 1.480000 0.692308 422.700012 367.600006 51.799999
1.000000 1.480000 0.730769 448.049988 341.850006 127.500000
1.076923 1.480000 0.807692 454.000000 340.100006 157.399994
1.076923 1.480000 0.807692 454.000000 340.100006 157.399994
1.115385 1.440000 0.923077 455.850006 342.450012 185.949997
1.192308 1.400000 0.961538 437.799988 357.549988 234.050003
1.192308 1.400000 1.000000 0.000000 0.000000 0.000000
1.192308 1.400000 1.000000 0.000000 0.000000 0.000000
1.269231 1.400000 0.884615 0.000000 0.000000 0.000000
1.307692 1.400000 0.846154 -24.900000 10.800000 64.400002
1.346154 1.360000 0.846154 -30.250000 13.800000 86.050003
1.346154 1.360000 0.846154 -30.250000 13.800000 86.050003
1.461538 1.320000 0.730769 0.000000 0.000000 0.000000
1.423077 1.320000 0.692308 -1.150000 19.200001 90.349998
1.384615 1.360000 0.692308 1.450000 25.600000 126.050003
1.384615 1.360000 0.692308 1.450000 25.600000 126.050003
1.153846 1.440000 0.769231 0.000000 0.000000 0.000000
1.115385 1.480000 0.769231 8.000000 15.900000 104.400002
1.115385 1.560000 0.769231 7.450000 26.500000 142.149994
1.115385 1.560000 0.769231 7.450000 26.500000 142.149994
0.961538 2.000000 0.730769 0.000000 0.000000 0.000000
0.730769 2.120000 0.692308 -6.800000 31.200001 -1212.250000
0.500000 2.240000 0.653846 6.650000 11.700000 -1165.000000
0.500000 2.240000 0.653846 6.650000 11.700000 -1165.000000
-0.076923 2.440000 0.730769 0.000000 0.000000 0.000000
-0.230769 2.400000 0.846154 33.799999 -25.049999 52.750000
-0.423077 2.320000 0.923077 29.200001 -15.650000 52.750000
-0.423077 2.320000 0.923077 29.200001 -15.650000 52.750000
-0.884615 1.920000 0.692308 0.000000 0.000000 0.000000
-0.846154 1.960000 0.615385 -11.850000 10.450000 -73.250000
-0.846154 1.960000 0.615385 -11.850000 10.450000 -73.250000
-1.000000 2.120000 1.115385 0.000000 0.000000 0.000000
-1.230769 2.040000 1.000000 -28.900000 39.549999 20.000000
-1.615385 1.840000 0.846154 -38.599998 34.000000 16.000000
