1.076923 0.440000 0.923077 3.650000 -131.449997 -205.300003
1.076923 0.440000 0.846154 2.150000 -132.250000 -200.350006
1.230769 0.440000 0.769231 0.000000 -130.199997 -197.649994
1.230769 0.440000 0.769231 0.000000 -130.199997 -197.649994
1.500000 0.600000 0.769231 0.000000 0.000000 0.000000
1.538462 0.680000 0.807692 -13.350000 48.650002 38.799999
1.538462 0.680000 0.807692 -13.350000 48.650002 38.799999
1.730769 1.080000 0.846154 0.000000 0.000000 0.000000
1.961538 1.320000 0.807692 25.350000 -38.849998 48.549999
1.961538 1.320000 0.807692 25.350000 -38.849998 48.549999
2.807692 2.320000 0.884615 0.000000 0.000000 0.000000
3.000000 2.720000 0.961538 29.100000 7.400000 210.649994
3.000000 2.720000 0.961538 29.100000 7.400000 210.649994
2.307692 4.080000 0.730769 0.000000 0.000000 0.000000
1.692308 4.240000 0.423077 -5.950000 33.049999 379.500000
1.000000 4.360000 0.230769 8.400000 40.849998 476.750000
0.076923 4.400000 0.384615 32.450001 47.700001 552.500000
0.076923 4.400000 0.384615 32.450001 47.700001 552.500000
-3.846154 3.720000 1.884615 0.000000 0.000000 0.000000
-4.461538 2.800000 1.730769 -73.000000 7.350000 -175.500000
-4.615385 2.080000 1.423077 -133.750000 79.050003 -322.000000
-4.615385 2.080000 1.423077 -133.750000 79.050003 -322.000000
-3.961539 0.920000 1.038462 0.000000 0.000000 0.000000
-3.500000 0.760000 1.076923 14.300000 -92.150002 154.750000
-3.500000 0.760000 1.076923 14.300000 -92.150002 154.750000
-2.692308 0.440000 0.769231 0.000000 0.000000 0.000000
-2.615385 0.360000 0.692308 -3.150000 -49.700001 -117.500000
-2.615385 0.360000 0.692308 -3.150000 -49.700001 -117.500000
-2.230769 0.120000 0.269231 0.000000 0.000000 0.000000
-2.038461 0.120000 0.153846 21.150000 -1.200000 -145.850006
-2.038461 0.120000 0.153846 21.150000 -1.200000 -145.850006
-1.500000 0.320000 0.192308 0.000000 0.000000 0.000000
-1.384615 0.400000 0.307692 49.900002 17.799999 -100.400002
-1.384615 0.400000 0.307692 49.900002 17.799999 -100.400002
-1.230769 0.600000 0.769231 442.600006 421.649994 150.600006
-1.192308 0.680000 0.884615 459.500000 408.250000 78.949997
-1.076923 0.800000 0.923077 464.350006 389.000000 60.099998
-1.076923 0.800000 0.923077 464.350006 389.000000 60.099998
-0.538462 1.080000 1.038462 468.049988 369.149994 46.299999
-0.384615 1.120000 1.076923 457.899994 350.299988 43.549999
-0.384615 1.120000 1.076923 457.899994 350.299988 43.549999
-0.230769 1.120000 1.153846 446.850006 357.700012 49.150002
-0.192308 1.080000 1.153846 412.649994 388.799988 59.200001
-0.192308 1.080000 1.153846 412.649994 388.799988 59.200001
-0.115385 0.920000 1.153846 407.350006 394.700012 59.849998
-0.038462 0.920000 1.115385 407.750000 378.250000 51.750000
-0.038462 0.920000 1.115385 407.750000 378.250000 51.750000
0.500000 0.880000 1.076923 409.000000 369.100006 49.750000
0.692308 0.840000 1.076923 400.850006 381.149994 68.500000
0.846154 0.840000 1.115385 391.049988 399.049988 83.199997
0.846154 0.840000 1.115385 391.049988 399.049988 83.199997
0.961538 0.840000 1.192308 381.100006 413.799988 97.449997
1.038462 0.920000 1.192308 383.950012 395.799988 133.750000
1.115385 0.960000 1.192308 394.549988 369.299988 151.500000
1.115385 0.960000 1.192308 394.549988 369.299988 151.500000
1.500000 1.040000 1.153846 403.049988 343.600006 174.350006
1.538462 1.040000 1.115385 0.000000 0.000000 0.000000
1.538462 1.040000 1.115385 0.000000 0.000000 0.000000
1.538462 1.000000 0.923077 0.000000 0.000000 0.000000
1.500000 0.960000 0.884615 -34.549999 47.299999 107.150002
1.461538 0.920000 0.846154 -40.799999 62.700001 137.850006
1.461538 0.920000 0.846154 -40.799999 62.700001 137.850006
1.230769 0.800000 0.692308 0.000000 0.000000 0.000000
1.153846 0.760000 0.615385 3.900000 25.350000 72.300003
1.153846 0.760000 0.615385 3.900000 25.350000 72.300003
1.038462 0.800000 0.576923 0.000000 0.000000 0.000000
1.000000 0.800000 0.615385 32.599998 1.800000 74.699997
1.000000 0.800000 0.615385 32.599998 1.800000 74.699997
0.807692 1.080000 0.692308 0.000000 0.000000 0.000000
0.769231 1.160000 0.730769 42.500000 -14.250000 92.650002
0.769231 1.160000 0.730769 42.500000 -14.250000 92.650002
0.538462 1.600000 0.884615 0.000000 0.000000 0.000000
0.423077 1.800000 0.961538 62.099998 -63.799999 134.250000
0.423077 1.800000 0.961538 62.099998 -63.799999 134.250000
-0.076923 2.360000 1.307692 0.000000 0.000000 0.000000
-0.346154 2.440000 1.461538 14.450000 40.450001 108.250000
-0.730769 2.360000 1.653846 -17.350000 69.250000 116.500000
-0.730769 2.360000 1.653846 -17.350000 69.250000 116.500000
-1.500000 1.520000 1.461538 0.000000 0.000000 0.000000
