0.000000 0.000000 0.000000 0 0 0
0.076923 0.760000 1.615385 0 0 0
0.076923 0.760000 1.615385 0 0 0
0.000000 0.680000 1.500000 16383 16383 16383
0.153846 0.680000 1.500000 16383 16383 16383
0.153846 0.680000 1.500000 16383 16383 16383
0.076923 0.720000 1.769231 16383 16383 16383
-0.038462 0.720000 1.923077 16383 16383 16383
-0.038462 0.720000 1.923077 16383 16383 16383
-0.307692 0.920000 2.384615 68 71 9355
-0.230769 1.000000 2.384615 2871 8232 10173
-0.230769 1.000000 2.384615 2871 8232 10173
-0.115385 1.160000 2.038461 1964 8355 9996
-0.192308 1.160000 1.884615 6167 8676 8089
-0.192308 1.160000 1.884615 6167 8676 8089
-0.346154 1.200000 1.307692 6031 8730 7617
-0.307692 1.160000 1.076923 5809 8509 7457
-0.307692 1.160000 1.076923 5809 8509 7457
-0.192308 0.920000 0.538462 5797 8465 7323
-0.153846 0.840000 0.423077 5897 8292 7071
-0.076923 0.760000 0.307692 5952 8199 7072
-0.076923 0.760000 0.307692 5952 8199 7072
-0.076923 0.360000 -0.115385 6025 8171 7068
