-0.423077 1.160000 1.692308 5867 6699 7712
-0.346154 1.280000 1.653846 5576 6248 7660
-0.346154 1.280000 1.653846 5576 6248 7660
-0.192308 1.480000 1.500000 5300 5954 7627
-0.192308 1.520000 1.423077 4424 5806 7728
-0.192308 1.520000 1.423077 4424 5806 7728
-0.115385 1.680000 1.346154 4173 5991 7755
-0.076923 1.720000 1.384615 3474 6852 7721
-0.115385 1.800000 1.423077 3219 7182 7706
-0.115385 1.800000 1.423077 3219 7182 7706
-0.115385 2.000000 1.653846 2956 7455 7678
-0.076923 2.080000 1.730769 1970 7826 7587
-0.076923 2.120000 1.730769 1528 7892 7626
-0.076923 2.120000 1.730769 1528 7892 7626
-0.192308 2.240000 1.692308 1061 7987 7662
-0.192308 2.280000 1.615385 6180 8101 7658
-0.192308 2.280000 1.615385 6180 8101 7658
-0.423077 2.200000 1.500000 6099 8115 7715
-0.461538 2.120000 1.461538 5867 8329 7513
-0.461538 2.120000 1.384615 5782 8298 7371
-0.461538 2.120000 1.384615 5782 8298 7371
-0.384615 1.880000 0.846154 5701 8368 7278
-0.423077 1.760000 0.615385 5568 8619 7093
-0.423077 1.760000 0.615385 5568 8619 7093
-0.115385 1.280000 0.307692 5578 8698 6961
