-0.192308 1.240000 1.538462 150.800003 -53.400002 28.400000
-0.153846 1.280000 1.615385 140.050003 -42.900002 30.400000
-0.153846 1.240000 1.692308 127.300003 -33.099998 32.650002
-0.153846 1.240000 1.692308 127.300003 -33.099998 32.650002
-0.307692 1.200000 1.884615 0.000000 0.000000 0.000000
-0.307692 1.200000 1.884615 0.000000 0.000000 0.000000
-0.461538 1.360000 2.269231 0.000000 0.000000 0.000000
-0.538462 1.440000 2.384615 -69.449997 1.150000 -22.600000
-0.538462 1.440000 2.384615 -69.449997 1.150000 -22.600000
-0.615385 1.840000 2.807692 189.100006 391.000000 405.149994
-0.653846 2.040000 3.000000 79.150002 342.899994 352.549988
-0.653846 2.040000 3.000000 79.150002 342.899994 352.549988
-0.653846 2.680000 3.230769 0.000000 0.000000 0.000000
-0.653846 2.880000 3.153846 -221.500000 78.750000 -62.200001
-0.615385 3.040000 2.923077 -285.250000 102.400002 -84.900002
-0.615385 3.040000 2.923077 -285.250000 102.400002 -84.900002
-0.653846 2.960000 1.961538 1247.500000 468.649994 230.550003
-0.807692 2.840000 1.538462 1209.750000 405.500000 211.550003
-0.923077 2.760000 1.076923 1232.000000 363.049988 199.949997
-0.923077 2.760000 1.076923 1232.000000 363.049988 199.949997
