-0.038462 1.200000 1.346154 56.400002 140.050003 228.800003
-0.153846 1.200000 1.423077 34.950001 153.800003 237.000000
-0.269231 1.120000 1.346154 12.000000 146.949997 240.550003
-0.269231 1.120000 1.346154 12.000000 146.949997 240.550003
-0.423077 1.120000 1.384615 0.000000 0.000000 0.000000
-0.307692 1.200000 1.538462 -44.849998 -11.650000 -35.099998
-0.307692 1.200000 1.538462 -44.849998 -11.650000 -35.099998
-0.192308 1.440000 1.692308 -76.250000 10.450000 -39.000000
-0.230769 1.440000 1.653846 -148.050003 55.000000 -41.150002
-0.269231 1.520000 1.615385 -172.000000 55.450001 -48.549999
-0.307692 1.560000 1.576923 -181.850006 40.099998 -61.599998
-0.307692 1.560000 1.538462 -183.199997 15.950000 -76.099998
-0.307692 1.640000 1.500000 -179.399994 -11.800000 -90.199997
-0.346154 1.640000 1.538462 -175.100006 -39.049999 -105.500000
-0.346154 1.680000 1.615385 -172.399994 -59.099998 -120.050003
-0.307692 1.720000 1.653846 -177.750000 -70.449997 -133.850006
-0.307692 1.800000 1.769231 -190.199997 -72.699997 -145.250000
-0.307692 1.840000 1.884615 -209.899994 -65.500000 -156.399994
-0.307692 1.920000 1.884615 -231.649994 -48.599998 -170.149994
-0.346154 2.000000 1.884615 179.250000 -38.049999 -185.649994
-0.346154 2.080000 1.884615 159.250000 -28.049999 -201.750000
-0.384615 2.120000 1.961538 145.000000 -26.250000 -217.350006
-0.230769 2.240000 2.076923 0.000000 0.000000 0.000000
-0.153846 2.320000 2.038461 -77.250000 20.450001 -6.000000
-0.153846 2.320000 2.038461 -77.250000 20.450001 -6.000000
-0.346154 2.080000 1.653846 0.000000 0.000000 0.000000
-0.384615 2.000000 1.346154 -75.750000 -4.300000 -12.850000
-0.384615 2.000000 1.346154 -75.750000 -4.300000 -12.850000
-0.653846 1.800000 0.576923 -85.500000 -15.200000 -26.950001
-0.346154 1.720000 0.076923 1397.500000 380.700012 189.500000
