-0.269231 1.080000 1.192308 73.699997 107.150002 116.199997
-0.307692 1.040000 1.230769 63.250000 109.300003 117.650002
-0.307692 1.040000 1.230769 63.250000 109.300003 117.650002
-0.346154 1.040000 1.384615 0.000000 0.000000 0.000000
-0.346154 1.080000 1.461538 -38.750000 -16.900000 -17.200001
-0.346154 1.080000 1.461538 -38.750000 -16.900000 -17.200001
-0.346154 1.360000 1.692308 0.000000 0.000000 0.000000
-0.384615 1.440000 1.807692 -59.099998 11.950000 -12.600000
-0.384615 1.440000 1.807692 -59.099998 11.950000 -12.600000
-0.461538 1.640000 2.192308 225.850006 404.700012 409.100006
-0.538462 1.760000 2.346154 143.399994 378.450012 374.399994
-0.538462 1.920000 2.461539 102.150002 361.149994 364.000000
-0.538462 1.920000 2.461539 102.150002 361.149994 364.000000
-0.500000 2.600000 2.576923 61.599998 344.549988 348.450012
-0.500000 2.760000 2.538461 0.000000 0.000000 0.000000
-0.500000 2.840000 2.384615 -49.000000 18.700001 -5.100000
-0.500000 2.840000 2.384615 -49.000000 18.700001 -5.100000
-0.461538 2.840000 1.769231 0.000000 0.000000 0.000000
-0.461538 2.720000 1.576923 -75.250000 96.000000 -31.549999
-0.500000 2.600000 1.500000 -79.750000 119.449997 -37.099998
-0.500000 2.600000 1.500000 -79.750000 119.449997 -37.099998
-0.615385 2.200000 1.076923 0.000000 0.000000 0.000000
-0.576923 2.160000 0.923077 19.500000 -2.950000 -56.349998
-0.576923 2.080000 0.692308 41.250000 -22.850000 -68.900002
-0.576923 2.080000 0.692308 41.250000 -22.850000 -68.900002
-0.500000 1.680000 0.076923 1382.250000 484.299988 180.949997
