-0.307692 1.040000 1.115385 44.700001 -26.049999 -2.550000
-0.307692 1.040000 1.153846 28.000000 -21.350000 -5.350000
-0.307692 1.040000 1.153846 28.000000 -21.350000 -5.350000
-0.269231 1.320000 1.500000 0.000000 0.000000 0.000000
-0.269231 1.440000 1.692308 -64.199997 16.549999 -30.549999
-0.269231 1.440000 1.692308 -64.199997 16.549999 -30.549999
-0.384615 1.880000 2.384615 209.850006 372.350006 377.549988
-0.461538 2.040000 2.730769 124.050003 328.450012 359.399994
-0.538462 2.240000 3.115385 82.000000 307.600006 344.899994
-0.538462 2.240000 3.115385 82.000000 307.600006 344.899994
-0.384615 3.280000 3.384615 0.000000 0.000000 0.000000
-0.307692 3.480000 3.115385 -218.250000 -52.400002 -26.700001
-0.307692 3.480000 3.115385 -218.250000 -52.400002 -26.700001
-0.576923 3.640000 1.923077 1319.250000 239.699997 309.649994
-0.500000 3.680000 1.576923 1216.250000 381.250000 308.100006
