-0.269231 1.520000 1.461538 4935 7029 8065
-0.307692 1.600000 1.461538 4658 7157 8096
-0.269231 1.640000 1.461538 4331 7319 8120
-0.269231 1.640000 1.461538 4331 7319 8120
-0.461538 1.840000 1.692308 4061 7443 8172
-0.500000 1.960000 1.846154 2969 7585 7892
-0.500000 1.960000 1.846154 2969 7585 7892
-0.500000 2.320000 2.076923 2482 7593 7708
-0.423077 2.480000 2.076923 6315 7951 7169
-0.423077 2.560000 2.038461 6154 8229 7082
-0.423077 2.560000 2.038461 6154 8229 7082
-0.576923 2.560000 1.576923 5997 8527 6996
-0.576923 2.520000 1.576923 5745 8363 6498
-0.653846 2.440000 1.500000 5714 8054 6307
-0.653846 2.440000 1.500000 5714 8054 6307
-0.423077 1.960000 1.038462 5693 7694 6102
