-0.423077 1.280000 1.461538 274.000000 -39.500000 48.200001
-0.500000 1.280000 1.615385 254.750000 -29.299999 48.799999
-0.500000 1.280000 1.615385 254.750000 -29.299999 48.799999
-0.576923 1.200000 2.000000 0.000000 0.000000 0.000000
-0.653846 1.200000 2.115385 -62.849998 3.600000 5.250000
-0.653846 1.200000 2.115385 -62.849998 3.600000 5.250000
-0.846154 1.080000 2.269231 0.000000 0.000000 0.000000
-0.923077 1.080000 2.346154 -73.000000 0.700000 -6.700000
-0.923077 1.080000 2.346154 -73.000000 0.700000 -6.700000
-1.076923 1.200000 2.730769 0.000000 0.000000 0.000000
-1.115385 1.400000 2.923077 -94.699997 31.799999 -66.699997
-1.115385 1.600000 3.115385 -141.250000 45.250000 -89.349998
-1.115385 1.600000 3.115385 -141.250000 45.250000 -89.349998
-1.000000 2.600000 3.615385 127.349998 441.000000 309.100006
-0.923077 2.960000 3.730769 1530.500000 422.600006 236.050003
-0.923077 2.960000 3.730769 1530.500000 422.600006 236.050003
-0.153846 3.920000 3.346154 1471.000000 408.600006 209.949997
-0.076923 4.000000 2.884615 1221.500000 461.350006 235.899994
-0.269231 3.960000 2.230769 1137.500000 512.599976 248.699997
-0.269231 3.960000 2.230769 1137.500000 512.599976 248.699997
-0.923077 3.280000 -0.307692 1083.000000 537.650024 238.050003
-0.846154 3.120000 -0.884615 1220.500000 442.250000 78.199997
