-0.038462 0.760000 1.423077 7017 9099 8533
-0.115385 0.800000 1.461538 6636 9346 8452
-0.115385 0.840000 1.576923 6427 9479 8310
-0.115385 0.840000 1.576923 6427 9479 8310
-0.076923 0.920000 1.923077 6327 9560 8260
-0.076923 0.920000 2.000000 5122 8847 8168
-0.076923 0.920000 2.038461 4897 8433 8298
-0.076923 0.920000 2.038461 4897 8433 8298
-0.269231 0.840000 2.076923 4698 8029 8457
-0.423077 0.800000 2.153846 3951 7458 8810
-0.538462 0.760000 2.153846 3496 7424 8688
-0.538462 0.760000 2.153846 3496 7424 8688
-0.653846 0.800000 2.192308 2960 7497 8455
-0.653846 0.880000 2.192308 915 8012 7530
-0.615385 0.960000 2.038461 6252 8145 7222
-0.615385 0.960000 2.038461 6252 8145 7222
-0.461538 1.120000 1.461538 6099 8392 6999
-0.500000 1.080000 1.192308 5808 8499 6564
-0.538462 1.000000 1.038462 5815 8312 6414
-0.538462 1.000000 1.038462 5815 8312 6414
-0.192308 0.920000 0.615385 5841 8089 6202
-0.115385 0.880000 0.423077 5885 8012 6038
-0.038462 0.800000 0.230769 5927 8029 6110
-0.038462 0.800000 0.230769 5927 8029 6110
0.000000 0.600000 -0.153846 6001 7961 6179
0.076923 0.320000 -0.576923 708 7238 6466
0.076923 0.000000 -1.076923 1618 6870 6484
