0.076923 0.640000 1.076923 7125 8735 8346
0.038462 0.680000 1.153846 6885 8899 8391
0.038462 0.640000 1.192308 7072 8973 8511
0.038462 0.640000 1.192308 7072 8973 8511
-0.115385 0.600000 1.500000 6921 9025 8562
-0.192308 0.600000 1.615385 6036 9062 8310
-0.230769 0.640000 1.730769 5891 8968 8185
-0.230769 0.640000 1.730769 5891 8968 8185
-0.192308 0.600000 2.115385 5803 8668 8137
-0.230769 0.600000 2.269231 5100 8006 8388
-0.346154 0.560000 2.346154 4598 7934 8480
-0.346154 0.560000 2.346154 4598 7934 8480
-1.153846 0.840000 2.576923 2810 6941 8217
-0.538462 0.360000 2.269231 2194 7027 8105
-0.692308 0.680000 2.192308 1416 7938 7928
-0.692308 0.680000 2.192308 1416 7938 7928
-0.576923 0.880000 1.846154 698 8544 7631
-0.423077 0.920000 1.576923 6007 9256 6506
-0.423077 0.920000 1.576923 6007 9256 6506
-0.384615 0.720000 0.615385 5968 9202 6468
-0.500000 0.560000 0.653846 655 7055 6687
-0.461538 0.480000 0.653846 1228 6148 6561
-0.461538 0.480000 0.653846 1228 6148 6561
-0.038462 0.520000 0.384615 1440 5577 6418
0.000000 0.480000 0.115385 1116 6196 6648
