0.000000 0.000000 0.000000 0.000000 0.000000 0.000000
-0.115385 1.200000 1.192308 0.000000 0.000000 0.000000
-0.115385 1.200000 1.192308 0.000000 0.000000 0.000000
-0.153846 1.320000 1.961538 819.150024 819.150024 819.150024
-0.230769 1.360000 2.230769 819.150024 819.150024 819.150024
-0.230769 1.360000 2.230769 819.150024 819.150024 819.150024
-0.230769 1.560000 2.923077 819.150024 819.150024 819.150024
-0.192308 1.960000 3.115385 819.150024 819.150024 819.150024
-0.192308 1.960000 3.115385 819.150024 819.150024 819.150024
-0.384615 2.440000 3.115385 15.750000 121.000000 462.149994
-0.653846 2.560000 3.076923 0.000000 0.000000 0.000000
-0.692308 2.600000 2.923077 -118.750000 33.099998 -58.299999
-0.846154 2.560000 2.730769 -162.250000 41.650002 -94.349998
-0.846154 2.560000 2.730769 -162.250000 41.650002 -94.349998
-0.846154 2.560000 2.230769 1214.750000 475.750000 335.149994
-0.769231 2.600000 1.846154 1171.000000 447.799988 200.300003
-0.769231 2.600000 1.846154 1171.000000 447.799988 200.300003
