-0.153846 0.960000 1.461538 103.349998 -96.300003 238.100006
-0.423077 0.760000 1.461538 75.500000 -91.449997 246.300003
-0.423077 0.760000 1.461538 75.500000 -91.449997 246.300003
-0.653846 0.680000 1.384615 0.000000 0.000000 0.000000
-0.653846 0.680000 1.307692 -42.950001 44.099998 -40.900002
-0.653846 0.680000 1.230769 -44.799999 53.900002 -49.099998
-0.653846 0.680000 1.230769 -44.799999 53.900002 -49.099998
-0.692308 0.720000 1.230769 0.000000 0.000000 0.000000
-0.653846 0.800000 1.346154 17.200001 -61.500000 -47.400002
-0.653846 0.800000 1.346154 17.200001 -61.500000 -47.400002
-0.461538 0.960000 1.653846 0.000000 0.000000 0.000000
-0.423077 1.040000 1.769231 -20.850000 -30.100000 -6.600000
-0.384615 1.120000 1.846154 -41.799999 -30.600000 -3.700000
-0.384615 1.120000 1.846154 -41.799999 -30.600000 -3.700000
-0.384615 1.240000 1.884615 -62.200001 -30.500000 -1.050000
-0.423077 1.360000 1.923077 211.300003 306.200012 387.500000
-0.461538 1.400000 1.923077 168.250000 305.000000 390.399994
-0.461538 1.400000 1.923077 168.250000 305.000000 390.399994
-0.500000 1.560000 1.807692 149.449997 303.049988 386.450012
-0.461538 1.640000 1.807692 107.699997 286.600006 366.450012
-0.461538 1.640000 1.807692 107.699997 286.600006 366.450012
-0.307692 1.840000 2.192308 90.300003 291.350006 363.750000
-0.230769 1.880000 2.269231 0.000000 0.000000 0.000000
-0.269231 1.960000 2.230769 -60.750000 55.000000 1.950000
-0.269231 1.960000 2.230769 -60.750000 55.000000 1.950000
-0.653846 1.760000 2.192308 0.000000 0.000000 0.000000
-0.884615 1.680000 2.192308 -124.500000 100.449997 -83.250000
-0.884615 1.680000 2.192308 -124.500000 100.449997 -83.250000
-0.538462 2.040000 1.192308 1255.750000 610.400024 225.949997
-0.423077 2.000000 0.846154 1280.750000 499.850006 121.900002
