-0.269231 1.120000 2.000000 121.550003 -16.299999 140.149994
-0.384615 1.120000 2.000000 92.349998 -5.100000 139.750000
-0.423077 1.080000 2.000000 66.250000 -2.800000 132.250000
-0.423077 1.080000 2.000000 66.250000 -2.800000 132.250000
-0.461538 1.320000 2.038461 0.000000 0.000000 0.000000
-0.461538 1.400000 2.115385 -59.500000 10.200000 -33.000000
-0.461538 1.400000 2.115385 -59.500000 10.200000 -33.000000
-0.461538 1.800000 2.538461 216.850006 396.149994 423.700012
-0.500000 1.920000 2.692308 140.550003 391.100006 388.350006
-0.500000 1.920000 2.692308 140.550003 391.100006 388.350006
-0.576923 2.480000 3.115385 101.000000 389.600006 373.250000
-0.538462 2.680000 3.038461 0.000000 0.000000 0.000000
-0.538462 2.680000 3.038461 0.000000 0.000000 0.000000
-0.576923 2.960000 2.423077 0.000000 0.000000 0.000000
-0.576923 2.960000 2.230769 -116.000000 19.200001 -27.250000
-0.576923 2.960000 2.230769 -116.000000 19.200001 -27.250000
-0.730769 2.720000 1.346154 0.000000 0.000000 0.000000
-0.846154 2.600000 1.000000 -14.500000 -17.450001 -31.900000
