-0.538462 1.320000 2.615385 77.599998 80.400002 205.100006
-0.576923 1.280000 2.538461 39.599998 76.650002 199.399994
-0.576923 1.280000 2.538461 39.599998 76.650002 199.399994
-0.615385 1.360000 2.576923 0.000000 0.000000 0.000000
-0.576923 1.400000 2.615385 -71.199997 -33.000000 -23.650000
-0.576923 1.400000 2.615385 -71.199997 -33.000000 -23.650000
-0.423077 1.760000 2.730769 223.000000 390.950012 429.450012
-0.423077 1.880000 2.807692 128.050003 345.899994 417.600006
-0.423077 1.880000 2.807692 128.050003 345.899994 417.600006
-0.423077 2.240000 2.923077 88.349998 342.899994 412.450012
-0.384615 2.360000 2.769231 0.000000 0.000000 0.000000
-0.384615 2.360000 2.769231 0.000000 0.000000 0.000000
-0.576923 2.440000 1.884615 0.000000 0.000000 0.000000
-0.576923 2.440000 1.692308 -64.500000 1.750000 -73.150002
-0.576923 2.440000 1.423077 -69.000000 -23.600000 -94.750000
-0.576923 2.440000 1.423077 -69.000000 -23.600000 -94.750000
-0.692308 2.320000 0.576923 1249.250000 447.600006 205.449997
-0.653846 2.320000 0.384615 1346.000000 333.750000 156.149994
