0.000000 0.000000 0.000000 0 0 0
1.076923 0.440000 0.923077 0 0 0
1.076923 0.440000 0.923077 0 0 0
1.038462 0.440000 0.923077 16383 16383 16383
1.000000 0.480000 0.884615 16383 16383 16383
1.000000 0.480000 0.884615 16383 16383 16383
1.000000 0.600000 0.923077 16383 16383 16383
1.000000 0.680000 0.923077 16383 16383 16383
1.000000 0.680000 0.923077 16383 16383 16383
0.884615 0.920000 0.923077 66 71 9389
0.807692 0.960000 0.884615 8397 8246 13764
0.807692 0.960000 0.884615 8397 8246 13764
0.538462 1.120000 0.923077 8456 8264 14342
0.500000 1.160000 0.961538 8600 8208 14353
0.500000 1.160000 0.961538 8600 8208 14353
0.346154 1.400000 1.000000 8604 8309 13966
0.346154 1.480000 1.000000 8281 8902 15347
0.346154 1.480000 1.000000 8281 8902 15347
0.153846 1.600000 1.038462 8107 9093 9848
-0.153846 1.640000 0.961538 7872 9193 10070
-0.384615 1.600000 0.961538 7970 8927 10236
-0.384615 1.600000 0.961538 7970 8927 10236
-0.846154 1.440000 1.038462 8151 8623 10268
-0.884615 1.360000 1.076923 8601 8281 10199
-0.884615 1.360000 1.076923 8601 8281 10199
-0.807692 1.280000 1.038462 8455 8463 10138
-0.807692 1.280000 0.923077 7579 9818 9997
-0.807692 1.280000 0.923077 7579 9818 9997
-0.884615 1.280000 0.961538 7455 10182 9984
-0.961538 1.200000 1.000000 7390 10004 10026
-0.961538 1.200000 1.000000 7390 10004 10026
-1.115385 0.920000 0.884615 7398 9580 10011
-1.115385 0.800000 0.807692 7570 8329 15508
-1.115385 0.800000 0.807692 7570 8329 15508
-0.961538 0.640000 0.500000 7639 8334 14946
