1.269231 0.480000 1.076923 0.000000 36.400002 -43.150002
1.192308 0.440000 1.000000 -8.600000 33.450001 -15.250000
1.115385 0.400000 1.000000 -3.000000 31.850000 -3.300000
1.115385 0.400000 1.000000 -3.000000 31.850000 -3.300000
0.846154 0.280000 1.000000 0.000000 0.000000 0.000000
0.846154 0.280000 1.000000 0.000000 -13.350000 -10.550000
0.846154 0.280000 1.000000 0.000000 -13.350000 -10.550000
1.076923 0.560000 0.961538 0.000000 0.000000 0.000000
1.192308 0.720000 1.000000 -6.450000 22.850000 3.900000
1.192308 0.720000 1.000000 -6.450000 22.850000 3.900000
1.269231 1.080000 1.153846 0.000000 0.000000 0.000000
1.153846 1.200000 1.192308 -3.800000 -3.550000 123.050003
1.115385 1.360000 1.192308 -10.700000 0.000000 167.750000
1.115385 1.360000 1.192308 -10.700000 0.000000 167.750000
0.769231 2.040000 1.076923 0.000000 0.000000 0.000000
0.615385 2.360000 1.115385 -0.550000 5.950000 -1199.250000
0.269231 2.560000 1.192308 -7.000000 14.950000 -1114.750000
0.269231 2.560000 1.192308 -7.000000 14.950000 -1114.750000
-1.115385 2.640000 1.192308 0.000000 0.000000 0.000000
-1.423077 2.400000 1.153846 -16.000000 -53.099998 59.750000
-1.769231 2.080000 1.038462 -14.450000 -64.750000 31.250000
