0.769231 0.400000 0.884615 0.000000 0.000000 0.000000
0.692308 0.400000 0.769231 0.000000 0.000000 0.000000
0.692308 0.400000 0.769231 0.000000 0.000000 0.000000
0.653846 0.400000 0.769231 0.000000 0.000000 0.000000
0.653846 0.400000 0.807692 0.000000 0.000000 0.000000
0.692308 0.440000 0.846154 0.000000 0.000000 0.000000
0.730769 0.480000 0.846154 0.000000 0.000000 0.000000
0.769231 0.520000 0.846154 0.000000 0.000000 0.000000
0.769231 0.560000 0.846154 0.000000 0.000000 0.000000
0.769231 0.600000 0.884615 0.000000 0.000000 0.000000
0.769231 0.600000 0.884615 0.000000 0.000000 0.000000
0.730769 0.640000 0.961538 0.000000 0.000000 0.000000
0.730769 0.680000 0.961538 0.000000 0.000000 0.000000
0.692308 0.680000 0.961538 0.000000 0.000000 0.000000
0.653846 0.720000 0.923077 0.000000 0.000000 0.000000
0.653846 0.760000 0.884615 0.000000 0.000000 0.000000
0.653846 0.800000 0.884615 0.000000 0.000000 0.000000
0.653846 0.840000 0.846154 0.000000 0.000000 0.000000
0.615385 0.880000 0.846154 0.000000 0.000000 0.000000
0.615385 0.920000 0.846154 0.000000 0.000000 0.000000
0.615385 0.960000 0.846154 0.000000 0.000000 0.000000
0.615385 1.040000 0.846154 0.000000 0.000000 0.000000
0.576923 1.200000 0.807692 0.000000 0.000000 0.000000
0.384615 1.480000 0.615385 0.000000 0.000000 0.000000
0.269231 1.600000 0.653846 0.000000 0.000000 0.000000
0.153846 1.640000 0.653846 0.000000 0.000000 0.000000
-0.153846 1.840000 0.692308 0.000000 0.000000 0.000000
-0.307692 1.880000 0.807692 0.000000 0.000000 0.000000
-0.423077 1.960000 0.961538 0.000000 0.000000 0.000000
-0.538462 2.000000 1.192308 0.000000 0.000000 0.000000
-0.576923 1.960000 1.423077 0.000000 0.000000 0.000000
-0.653846 1.880000 1.576923 0.000000 0.000000 0.000000
-0.692308 1.760000 1.653846 0.000000 0.000000 0.000000
-0.730769 1.560000 1.346154 0.000000 0.000000 0.000000
-0.730769 1.440000 1.153846 0.000000 0.000000 0.000000
-0.730769 1.360000 0.923077 0.000000 0.000000 0.000000
-0.769231 1.320000 0.884615 0.000000 0.000000 0.000000
-0.846154 1.240000 0.923077 0.000000 0.000000 0.000000
-0.884615 1.160000 1.038462 0.000000 0.000000 0.000000
