0.923077 0.760000 0.807692 0.000000 0.000000 0.000000
1.000000 0.880000 0.923077 0.000000 0.000000 0.000000
1.038462 0.920000 0.884615 0.000000 0.000000 0.000000
1.153846 1.040000 0.846154 0.000000 0.000000 0.000000
1.192308 1.080000 0.769231 0.000000 0.000000 0.000000
1.423077 1.840000 0.807692 0.000000 0.000000 0.000000
1.461538 2.040000 0.884615 0.000000 0.000000 0.000000
1.461538 2.240000 0.961538 0.000000 0.000000 0.000000
1.384615 2.480000 0.961538 0.000000 0.000000 0.000000
1.269231 2.720000 0.923077 0.000000 0.000000 0.000000
1.153846 2.960000 0.807692 0.000000 0.000000 0.000000
0.961538 3.240000 0.769231 0.000000 0.000000 0.000000
0.653846 3.520000 0.730769 0.000000 0.000000 0.000000
0.346154 3.760000 0.730769 0.000000 0.000000 0.000000
0.000000 3.960000 0.769231 0.000000 0.000000 0.000000
-0.346154 4.080000 0.807692 0.000000 0.000000 0.000000
-0.615385 4.200000 0.807692 0.000000 0.000000 0.000000
-0.846154 4.240000 0.769231 0.000000 0.000000 0.000000
-1.038462 4.240000 0.769231 0.000000 0.000000 0.000000
-1.346154 4.240000 0.769231 0.000000 0.000000 0.000000
-1.692308 4.080000 0.884615 0.000000 0.000000 0.000000
-2.000000 3.720000 1.076923 0.000000 0.000000 0.000000
