1.076923 0.760000 0.846154 0.000000 0.000000 0.000000
1.153846 0.840000 0.769231 0.000000 0.000000 0.000000
1.230769 0.880000 0.769231 0.000000 0.000000 0.000000
1.230769 0.920000 0.846154 0.000000 0.000000 0.000000
0.769231 1.160000 1.076923 0.000000 0.000000 0.000000
0.653846 1.160000 1.115385 0.000000 0.000000 0.000000
0.653846 1.240000 1.115385 0.000000 0.000000 0.000000
0.692308 1.360000 1.115385 0.000000 0.000000 0.000000
0.807692 1.560000 1.000000 0.000000 0.000000 0.000000
0.769231 1.680000 0.923077 0.000000 0.000000 0.000000
0.692308 1.800000 0.884615 0.000000 0.000000 0.000000
0.576923 1.880000 0.846154 0.000000 0.000000 0.000000
0.461538 1.960000 0.769231 0.000000 0.000000 0.000000
0.346154 2.000000 0.769231 0.000000 0.000000 0.000000
0.153846 2.040000 0.692308 0.000000 0.000000 0.000000
0.038462 2.080000 0.615385 0.000000 0.000000 0.000000
-0.076923 2.160000 0.538462 0.000000 0.000000 0.000000
-0.153846 2.200000 0.538462 0.000000 0.000000 0.000000
-0.230769 2.240000 0.538462 0.000000 0.000000 0.000000
-0.346154 2.280000 0.576923 0.000000 0.000000 0.000000
-0.384615 2.360000 0.576923 0.000000 0.000000 0.000000
-0.500000 2.400000 0.576923 0.000000 0.000000 0.000000
-0.576923 2.480000 0.538462 0.000000 0.000000 0.000000
-0.730769 2.520000 0.500000 0.000000 0.000000 0.000000
-0.884615 2.520000 0.538462 0.000000 0.000000 0.000000
-1.038462 2.480000 0.692308 0.000000 0.000000 0.000000
-1.346154 2.360000 0.923077 0.000000 0.000000 0.000000
-1.730769 2.080000 1.192308 0.000000 0.000000 0.000000
-1.961538 1.800000 1.346154 0.000000 0.000000 0.000000
-2.038461 1.520000 1.423077 0.000000 0.000000 0.000000
