0.884615 0.640000 0.846154 0.000000 0.000000 0.000000
0.884615 0.680000 0.769231 0.000000 0.000000 0.000000
0.923077 0.760000 0.769231 0.000000 0.000000 0.000000
0.961538 0.840000 0.769231 0.000000 0.000000 0.000000
1.000000 0.920000 0.769231 0.000000 0.000000 0.000000
1.000000 1.040000 0.769231 0.000000 0.000000 0.000000
1.038462 1.120000 0.769231 0.000000 0.000000 0.000000
1.038462 1.960000 0.846154 0.000000 0.000000 0.000000
1.000000 2.160000 0.884615 0.000000 0.000000 0.000000
0.923077 2.360000 0.846154 0.000000 0.000000 0.000000
0.846154 2.600000 0.846154 0.000000 0.000000 0.000000
0.769231 2.920000 0.846154 0.000000 0.000000 0.000000
0.576923 3.200000 0.846154 0.000000 0.000000 0.000000
0.269231 3.480000 0.884615 0.000000 0.000000 0.000000
-0.038462 3.760000 0.846154 0.000000 0.000000 0.000000
-0.346154 3.960000 0.807692 0.000000 0.000000 0.000000
-0.730769 4.080000 0.730769 0.000000 0.000000 0.000000
-1.153846 4.120000 0.538462 0.000000 0.000000 0.000000
-1.846154 3.920000 0.615385 0.000000 0.000000 0.000000
