1.038462 0.800000 0.692308 0.000000 0.000000 0.000000
1.038462 0.920000 0.807692 0.000000 0.000000 0.000000
1.038462 1.000000 0.730769 0.000000 0.000000 0.000000
1.076923 1.080000 0.730769 0.000000 0.000000 0.000000
1.115385 1.160000 0.769231 0.000000 0.000000 0.000000
1.230769 1.600000 0.923077 0.000000 0.000000 0.000000
1.192308 1.960000 1.115385 0.000000 0.000000 0.000000
1.076923 2.160000 1.115385 0.000000 0.000000 0.000000
0.923077 2.360000 1.000000 0.000000 0.000000 0.000000
0.769231 2.600000 0.961538 0.000000 0.000000 0.000000
0.538462 2.800000 0.923077 0.000000 0.000000 0.000000
0.269231 2.960000 0.884615 0.000000 0.000000 0.000000
0.038462 3.160000 0.923077 0.000000 0.000000 0.000000
-0.153846 3.280000 0.923077 0.000000 0.000000 0.000000
-0.346154 3.440000 1.000000 0.000000 0.000000 0.000000
-0.538462 3.560000 1.076923 0.000000 0.000000 0.000000
-0.769231 3.640000 1.153846 0.000000 0.000000 0.000000
-1.038462 3.720000 1.192308 0.000000 0.000000 0.000000
-1.500000 3.520000 1.153846 0.000000 0.000000 0.000000
-1.846154 3.240000 1.346154 0.000000 0.000000 0.000000
-1.884615 3.080000 1.346154 0.000000 0.000000 0.000000
-2.000000 2.760000 1.307692 0.000000 0.000000 0.000000
-2.192308 2.360000 1.230769 0.000000 0.000000 0.000000
