0.961538 0.520000 0.923077 7590 7719 9421
0.923077 0.480000 0.884615 7573 7690 9738
0.846154 0.440000 0.923077 7638 7642 10025
0.846154 0.440000 0.923077 7638 7642 10025
0.615385 0.360000 0.923077 7664 7585 10316
0.538462 0.360000 0.923077 7830 7461 10776
0.538462 0.360000 0.923077 7830 7461 10776
0.384615 0.280000 0.923077 7854 7529 10877
0.384615 0.320000 0.961538 7872 7714 11027
0.384615 0.320000 0.961538 7872 7714 11027
0.346154 0.320000 0.961538 7885 7761 11083
0.307692 0.360000 0.961538 7926 7991 11285
0.269231 0.320000 0.961538 7908 8072 11371
0.269231 0.320000 0.961538 7908 8072 11371
0.269231 0.360000 1.000000 7902 8076 11416
0.230769 0.360000 0.961538 7874 8190 11531
0.230769 0.400000 0.923077 7757 8265 11558
0.230769 0.400000 0.923077 7757 8265 11558
0.230769 0.480000 0.884615 7776 8373 11565
0.230769 0.480000 0.884615 7753 8535 11643
0.230769 0.480000 0.884615 7753 8535 11643
0.269231 0.640000 0.846154 7770 8590 11696
0.269231 0.680000 0.846154 7871 8682 12005
0.269231 0.680000 0.846154 7871 8682 12005
0.230769 0.800000 0.884615 7920 8738 12195
0.192308 0.840000 0.923077 7948 8759 12826
0.192308 0.840000 0.923077 7948 8759 12826
0.115385 0.920000 0.884615 7939 8718 13018
0.115385 1.000000 0.846154 8040 8553 13508
0.115385 1.040000 0.846154 8101 8559 13761
0.115385 1.040000 0.846154 8101 8559 13761
-0.038462 1.200000 0.923077 8162 8548 14046
-0.076923 1.240000 0.923077 8299 8325 15083
-0.076923 1.280000 0.884615 8345 8256 15462
-0.076923 1.280000 0.884615 8345 8256 15462
-0.615385 1.160000 1.115385 8399 8336 9847
-0.730769 1.000000 1.230769 8424 8148 9956
-0.730769 1.000000 1.230769 8424 8148 9956
