1.192308 0.400000 0.807692 7976 7720 8937
1.230769 0.400000 0.846154 8125 7687 9307
1.230769 0.400000 0.846154 8125 7687 9307
1.076923 0.400000 0.769231 8042 7706 9756
1.038462 0.400000 0.769231 8231 7682 10766
1.038462 0.400000 0.769231 8231 7682 10766
0.884615 0.480000 0.846154 8314 7681 11031
0.846154 0.560000 0.884615 8489 7758 11739
0.846154 0.600000 0.884615 8470 7803 12008
0.846154 0.600000 0.884615 8470 7803 12008
0.730769 0.720000 0.884615 8451 7854 12261
0.692308 0.800000 0.923077 8391 8096 13167
0.576923 0.840000 0.923077 8367 8170 13494
0.576923 0.840000 0.923077 8367 8170 13494
0.346154 1.040000 0.961538 8372 8146 13848
0.269231 1.120000 1.000000 8495 8256 14669
0.269231 1.120000 1.000000 8495 8256 14669
0.153846 1.320000 1.115385 8544 8330 14910
0.115385 1.400000 1.115385 8410 8498 9869
0.076923 1.480000 1.076923 8274 8636 9951
0.076923 1.480000 1.076923 8274 8636 9951
-0.346154 1.640000 1.038462 8149 8752 10035
-0.538462 1.600000 1.038462 8143 8675 10251
-0.538462 1.600000 1.038462 8143 8675 10251
-1.192308 1.200000 1.115385 8177 8577 10272
-1.307692 1.040000 1.153846 8118 8419 9979
-1.307692 1.040000 1.153846 8118 8419 9979
-1.076923 0.800000 1.115385 8025 8505 15533
-1.038462 0.760000 1.076923 7551 9046 13585
-1.038462 0.760000 1.076923 7551 9046 13585
