1.538462 1.040000 0.769231 7956 8097 7714
1.576923 1.040000 0.730769 7827 8214 8368
1.576923 1.040000 0.730769 7827 8214 8368
1.538462 1.200000 0.692308 7819 8443 9093
1.423077 1.240000 0.692308 7773 8632 11448
1.346154 1.320000 0.692308 7832 8652 12264
1.346154 1.320000 0.692308 7832 8652 12264
0.923077 1.520000 0.730769 7926 8656 13040
0.769231 1.640000 0.769231 8175 8803 15026
0.769231 1.640000 0.769231 8175 8803 15026
0.500000 1.960000 0.846154 8195 8877 15608
0.384615 2.080000 0.846154 8157 8960 10198
0.384615 2.080000 0.846154 8157 8960 10198
0.076923 2.520000 0.769231 8052 9068 10351
-0.076923 2.680000 0.692308 7735 9353 10823
-0.076923 2.680000 0.692308 7735 9353 10823
-0.807692 2.920000 0.730769 7653 9449 10943
-1.192308 2.920000 0.846154 7970 9209 11200
-1.500000 2.760000 0.961538 8137 8931 11180
-1.500000 2.760000 0.961538 8137 8931 11180
-2.000000 1.960000 1.269231 8212 8646 11101
-1.884615 1.680000 1.192308 7229 9524 10479
-1.884615 1.680000 1.192308 7229 9524 10479
-1.461538 1.400000 0.846154 6782 10045 10238
-1.384615 1.360000 0.692308 6606 10519 9859
-1.384615 1.320000 0.615385 6784 10306 15744
