0.923077 0.520000 0.884615 -50.799999 -35.700001 -99.849998
0.923077 0.520000 0.807692 -47.950001 -26.850000 -78.150002
0.923077 0.520000 0.807692 -47.950001 -26.850000 -78.150002
0.807692 0.480000 0.846154 0.000000 0.000000 0.000000
0.730769 0.440000 0.846154 14.800000 -6.100000 55.250000
0.730769 0.440000 0.846154 14.800000 -6.100000 55.250000
0.576923 0.480000 0.846154 0.000000 0.000000 0.000000
0.576923 0.520000 0.846154 8.650000 -6.000000 28.500000
0.576923 0.520000 0.846154 8.650000 -6.000000 28.500000
0.615385 0.680000 0.923077 0.000000 0.000000 0.000000
0.615385 0.720000 0.923077 -8.150000 12.400000 31.900000
0.615385 0.720000 0.923077 -8.150000 12.400000 31.900000
0.576923 0.880000 0.961538 -11.950000 21.049999 72.699997
0.384615 0.920000 1.000000 0.000000 0.000000 0.000000
0.269231 0.960000 1.000000 7.350000 -9.550000 51.750000
0.269231 0.960000 1.000000 7.350000 -9.550000 51.750000
0.000000 1.120000 1.038462 0.000000 0.000000 0.000000
-0.115385 1.160000 1.076923 4.800000 -2.450000 -1355.750000
-0.115385 1.160000 1.076923 4.800000 -2.450000 -1355.750000
-0.230769 1.280000 1.115385 0.000000 0.000000 0.000000
-0.307692 1.320000 1.115385 -14.900000 7.500000 36.750000
-0.307692 1.320000 1.115385 -14.900000 7.500000 36.750000
-0.500000 1.360000 1.076923 0.000000 0.000000 0.000000
-0.538462 1.400000 1.038462 -13.550000 -4.900000 -3.500000
-0.423077 1.480000 1.038462 -14.600000 -11.200000 -0.750000
-0.423077 1.480000 1.038462 -14.600000 -11.200000 -0.750000
-0.423077 1.680000 1.076923 0.000000 0.000000 0.000000
-0.500000 1.680000 1.076923 -10.150000 13.300000 42.250000
-0.500000 1.680000 1.076923 -10.150000 13.300000 42.250000
-1.000000 1.480000 1.038462 0.000000 0.000000 0.000000
-1.192308 1.280000 1.000000 0.000000 -25.100000 -34.000000
