0.923077 0.560000 0.846154 21.700001 13.250000 -118.800003
0.923077 0.640000 0.923077 22.600000 15.200000 -101.099998
1.000000 0.640000 0.884615 16.950001 22.250000 -82.099998
1.000000 0.640000 0.884615 16.950001 22.250000 -82.099998
1.076923 0.720000 0.846154 0.000000 0.000000 0.000000
1.038462 0.720000 0.846154 8.700000 5.650000 63.450001
1.000000 0.760000 0.846154 12.350000 6.100000 84.650002
1.000000 0.760000 0.846154 12.350000 6.100000 84.650002
0.961538 0.920000 0.884615 0.000000 0.000000 0.000000
1.000000 1.000000 0.884615 11.700000 -12.250000 60.849998
1.038462 1.080000 0.923077 14.250000 -14.200000 89.099998
1.038462 1.080000 0.923077 14.250000 -14.200000 89.099998
0.923077 1.280000 0.923077 0.000000 0.000000 0.000000
0.769231 1.360000 0.923077 -0.500000 4.300000 105.449997
0.769231 1.360000 0.923077 -0.500000 4.300000 105.449997
0.346154 1.520000 0.884615 0.000000 0.000000 0.000000
0.269231 1.600000 0.884615 5.700000 11.350000 85.750000
0.269231 1.600000 0.884615 5.700000 11.350000 85.750000
-0.076923 1.800000 0.923077 0.000000 0.000000 0.000000
-0.192308 1.840000 0.923077 -2.250000 11.200000 64.500000
-0.192308 1.840000 0.923077 -2.250000 11.200000 64.500000
-0.346154 2.040000 0.961538 0.000000 0.000000 0.000000
-0.461538 2.080000 0.923077 2.600000 -9.600000 39.250000
-0.461538 2.080000 0.923077 2.600000 -9.600000 39.250000
-0.884615 2.040000 1.038462 0.000000 0.000000 0.000000
-1.038462 1.920000 1.076923 3.100000 0.500000 -13.500000
-1.038462 1.920000 1.076923 3.100000 0.500000 -13.500000
