0.000000 0.000000 0.000000 0.000000 0.000000 0.000000
0.769231 0.360000 0.923077 0.000000 0.000000 0.000000
0.807692 0.400000 0.884615 0.000000 0.000000 0.000000
0.884615 0.440000 0.884615 0.000000 0.000000 0.000000
0.923077 0.480000 0.884615 0.000000 0.000000 0.000000
1.000000 0.560000 0.884615 0.000000 0.000000 0.000000
1.076923 0.640000 0.884615 0.000000 0.000000 0.000000
1.192308 0.720000 0.884615 0.000000 0.000000 0.000000
1.307692 0.840000 0.884615 0.000000 0.000000 0.000000
1.423077 0.960000 0.923077 0.000000 0.000000 0.000000
1.576923 1.080000 0.961538 0.000000 0.000000 0.000000
1.615385 1.160000 0.961538 0.000000 0.000000 0.000000
0.923077 2.160000 0.769231 0.000000 0.000000 0.000000
0.807692 2.400000 0.807692 0.000000 0.000000 0.000000
0.653846 2.600000 0.807692 0.000000 0.000000 0.000000
0.346154 2.800000 0.807692 0.000000 0.000000 0.000000
-0.038462 2.920000 0.846154 0.000000 0.000000 0.000000
-0.461538 3.000000 0.884615 0.000000 0.000000 0.000000
