0.230769 0.040000 0.769231 0.000000 0.000000 0.000000
0.346154 0.160000 0.961538 0.000000 0.000000 0.000000
0.384615 0.200000 0.923077 0.000000 0.000000 0.000000
0.500000 0.280000 0.961538 0.000000 0.000000 0.000000
0.538462 0.280000 0.923077 0.000000 0.000000 0.000000
0.615385 0.400000 0.923077 0.000000 0.000000 0.000000
0.730769 0.480000 0.923077 0.000000 0.000000 0.000000
0.807692 0.600000 0.961538 0.000000 0.000000 0.000000
0.923077 0.680000 1.000000 0.000000 0.000000 0.000000
1.038462 0.840000 1.000000 0.000000 0.000000 0.000000
1.153846 0.960000 1.000000 0.000000 0.000000 0.000000
1.269231 1.160000 1.038462 0.000000 0.000000 0.000000
1.384615 1.360000 1.115385 0.000000 0.000000 0.000000
1.500000 1.560000 1.192308 0.000000 0.000000 0.000000
1.653846 1.800000 1.269231 0.000000 0.000000 0.000000
1.730769 1.960000 1.269231 0.000000 0.000000 0.000000
1.769231 2.200000 1.269231 0.000000 0.000000 0.000000
1.653846 2.400000 1.230769 0.000000 0.000000 0.000000
1.423077 2.600000 1.153846 0.000000 0.000000 0.000000
1.153846 2.760000 1.038462 0.000000 0.000000 0.000000
0.961538 3.000000 0.923077 0.000000 0.000000 0.000000
0.730769 3.320000 0.846154 0.000000 0.000000 0.000000
0.384615 3.600000 0.769231 0.000000 0.000000 0.000000
-0.038462 3.800000 0.730769 0.000000 0.000000 0.000000
-0.500000 3.920000 0.730769 0.000000 0.000000 0.000000
-0.923077 3.960000 0.692308 0.000000 0.000000 0.000000
-1.423077 3.880000 0.769231 0.000000 0.000000 0.000000
-1.884615 3.560000 0.923077 0.000000 0.000000 0.000000
