0.730769 0.640000 1.076923 0.000000 0.000000 0.000000
0.730769 0.680000 1.000000 0.000000 0.000000 0.000000
0.769231 0.760000 1.038462 0.000000 0.000000 0.000000
0.769231 0.800000 1.038462 0.000000 0.000000 0.000000
0.769231 0.880000 1.038462 0.000000 0.000000 0.000000
0.769231 0.920000 1.038462 0.000000 0.000000 0.000000
0.769231 1.040000 1.000000 0.000000 0.000000 0.000000
0.730769 1.280000 0.923077 0.000000 0.000000 0.000000
0.692308 1.400000 0.884615 0.000000 0.000000 0.000000
0.615385 1.480000 0.884615 0.000000 0.000000 0.000000
0.538462 1.680000 0.846154 0.000000 0.000000 0.000000
0.500000 1.800000 0.769231 0.000000 0.000000 0.000000
0.461538 1.960000 0.692308 0.000000 0.000000 0.000000
0.576923 2.120000 0.538462 0.000000 0.000000 0.000000
0.384615 2.280000 0.423077 0.000000 0.000000 0.000000
0.230769 2.520000 0.346154 0.000000 0.000000 0.000000
0.115385 2.720000 0.269231 0.000000 0.000000 0.000000
-0.192308 2.880000 0.307692 0.000000 0.000000 0.000000
-0.346154 3.000000 0.384615 0.000000 0.000000 0.000000
-0.653846 3.080000 0.538462 0.000000 0.000000 0.000000
-0.884615 3.120000 0.730769 0.000000 0.000000 0.000000
-1.153846 3.120000 1.000000 0.000000 0.000000 0.000000
-1.461538 2.960000 1.230769 0.000000 0.000000 0.000000
-1.730769 2.680000 1.307692 0.000000 0.000000 0.000000
-1.846154 2.400000 1.153846 0.000000 0.000000 0.000000
-1.923077 2.200000 1.115385 0.000000 0.000000 0.000000
-2.000000 1.960000 1.076923 0.000000 0.000000 0.000000
-2.000000 1.720000 1.000000 0.000000 0.000000 0.000000
