-0.019944 0.101171 0.760377 0.401762 -7881.372559 -8012.177734 -8354.272461 
0.348756 0.942141 -1.000000 0.967980 -15762.745117 -16024.355469 -16708.544922 
0.348756 0.942141 -1.000000 0.967980 -23644.117676 -24036.533203 -25062.817383 
0.834360 0.921480 -0.119407 -0.017631 -15142.490723 -15665.710938 -17034.089844 
0.834364 0.921478 -0.119447 -0.017629 -6640.863770 -7294.888672 -9005.362305 
0.834364 0.921478 -0.119447 -0.017629 1860.763184 1075.933594 -976.634766 
0.834364 0.921478 -0.119447 -0.017629 10362.390137 9446.755859 7052.092773 
0.834364 0.921478 -0.119447 -0.017629 18864.017090 17817.578125 15080.820312 
0.834364 0.921478 -0.119447 -0.017629 27365.644043 26188.400391 23109.547852 
-0.805382 0.915294 -0.999977 -0.329279 19550.271484 18247.222656 24144.275391 
-0.000110 0.992588 0.030422 0.007698 20065.898926 18481.044922 29554.002930 
-0.000110 0.992588 0.030422 0.007698 20581.526367 18714.867188 34963.730469 
-0.000110 0.992588 0.030422 0.007698 21156.153809 18966.689453 40951.458008 
0.011663 0.992060 0.003142 0.031473 21874.781250 19162.511719 46950.185547 
0.011663 0.992060 0.003142 0.031473 22593.408691 19358.333984 52948.913086 
-0.171740 0.991461 0.051563 0.011742 23316.036133 19655.156250 58560.640625 
0.487251 0.914999 -0.715806 0.891571 23715.663574 20544.978516 65553.368164 
0.487251 0.914999 -0.715806 0.891571 24115.291016 21434.800781 72546.095703 
0.242618 0.885768 -0.197639 0.088738 24340.918457 22515.623047 74039.823242 
0.242618 0.885768 -0.197639 0.088738 24331.545898 23696.445312 75755.550781 
0.242630 0.885864 -0.196640 0.088379 24420.173340 24611.267578 77637.278320 
0.242630 0.885864 -0.196640 0.088379 24508.800781 25526.089844 79519.005859 
-0.115169 0.209189 0.879576 0.018726 24778.428223 26136.912109 81432.733398 
0.723317 0.338681 0.061024 -0.116564 25498.055664 26405.734375 83277.460938 
0.723317 0.338681 0.061024 -0.116564 26217.683105 26674.556641 85122.188477 
0.723317 0.338681 0.061024 -0.116564 26791.310547 27125.378906 86905.916016 
0.537062 -0.795484 0.173097 0.911845 26488.937988 28931.201172 88548.643555 
0.537062 -0.795484 0.173097 0.911845 26186.565430 30737.023438 90191.371094 
0.537062 -0.795484 0.173097 0.911845 25760.192871 32906.845703 91821.098633 
0.537062 -0.795484 0.173097 0.911845 25268.820312 34898.667969 93492.826172 
0.537062 -0.795484 0.173097 0.911845 24777.447754 36890.490234 95164.553711 
0.538915 -0.758123 0.375792 0.897955 24294.075195 38458.312500 96821.281250 
0.781682 0.769094 -0.534305 0.415765 23982.702637 38775.134766 103975.008789 
0.781682 0.769094 -0.534305 0.415765 23671.330078 39091.957031 111128.736328 
0.625732 0.774329 -0.415195 0.279198 23428.957520 39413.779297 117720.463867 
