0.045743 0.618184 0.138389 0.134458 3242.400094 3317.400097 1295.350090 
0.037133 0.587820 -0.090317 0.385422 3124.300096 3277.150097 1253.150089 
0.642183 0.744358 -0.723838 0.364008 3006.650094 3243.750095 1238.550089 
0.642183 0.744358 -0.723838 0.364008 2889.000093 3210.350094 1223.950089 
0.013212 0.968912 0.051808 -0.030751 2889.000093 3210.350094 1223.950089 
-0.052379 0.983785 0.055247 -0.035845 2885.750093 3217.200094 1316.400085 
-0.052379 0.983785 0.055247 -0.035845 2882.500093 3224.050094 1408.850082 
-0.131337 0.965007 -0.021918 0.051790 2882.500093 3224.050094 1408.850082 
-0.063587 0.968658 -0.180170 0.003221 2882.500093 3216.100094 502.100082 
-0.072929 0.972116 -0.021323 0.091788 2881.050092 3198.600094 -364.649918 
-0.072929 0.972116 -0.021323 0.091788 2879.600092 3181.100094 -1231.399918 
0.281415 0.706043 0.176060 -0.029314 2879.600092 3181.100094 -1231.399918 
-0.101454 0.984971 0.004577 0.041097 2875.050092 3202.100094 -1146.399918 
-0.101454 0.984971 0.004577 0.041097 2870.500092 3223.100094 -1061.399918 
0.172379 0.104026 0.003159 0.618433 2870.500092 3223.100094 -1061.399918 
0.580621 0.646779 0.167768 0.285792 2903.200093 3233.550094 -998.899918 
0.580621 0.646779 0.167768 0.285792 2935.900094 3244.000093 -936.399918 
0.302352 0.317751 0.228472 0.069064 2935.900094 3244.000093 -936.399918 
0.725329 0.101929 0.261115 -0.890641 2933.750093 3225.950094 -938.649918 
0.725329 0.101929 0.261115 -0.890641 2931.600093 3207.900095 -940.899918 
0.041405 0.347873 0.672731 0.099263 2931.600093 3207.900095 -940.899918 
0.034968 0.053434 0.339157 -0.125785 2915.850093 3254.550097 -1049.149918 
