0.011663 0.992060 0.003142 0.031473 
0.011663 0.992060 0.003142 0.031473 
0.011663 0.992060 0.003142 0.031473 
0.011663 0.992060 0.003142 0.031473 
0.011663 0.992060 0.003142 0.031473 
-0.043608 0.992829 0.136811 -0.108964 
-0.043608 0.992829 0.136811 -0.108964 
-0.043608 0.992829 0.136811 -0.108964 
0.079579 0.988856 0.235318 -0.109490 
0.079579 0.988856 0.235318 -0.109490 
0.067869 0.989596 0.260925 -0.132924 
-0.000110 0.992588 0.030422 0.007698 
-0.334993 0.990123 0.008310 -0.005723 
-0.334993 0.990123 0.008310 -0.005723 
-0.337275 0.988083 -0.208860 0.070965 
0.333758 0.959648 -0.186635 0.180247 
-0.214755 0.985808 0.131237 0.082060 
-0.214755 0.985808 0.131237 0.082060 
-0.242637 -0.689427 -0.812975 -0.895177 
-0.921696 -0.889879 -0.884800 -0.130510 
-0.913105 -0.899871 -0.910344 0.007050 
-0.913105 -0.899871 -0.910344 0.007050 
-0.964603 -0.995670 -0.858129 -0.961106 
-0.990436 -0.999477 -0.971679 -0.995292 
