0.127522 0.987623 0.090708 -0.103685 
0.088389 0.988640 0.209420 -0.108428 
0.088389 0.988640 0.209420 -0.108428 
0.067869 0.989596 0.260925 -0.132924 
0.067869 0.989596 0.260925 -0.132924 
0.067869 0.989596 0.260925 -0.132924 
0.000438 0.992573 0.030876 0.007696 
-0.000110 0.992588 0.030422 0.007698 
-0.000110 0.992588 0.030422 0.007698 
-0.000110 0.992588 0.030422 0.007698 
-0.000110 0.992588 0.030422 0.007698 
-0.000110 0.992588 0.030422 0.007698 
-0.000110 0.992588 0.030422 0.007698 
-0.000110 0.992588 0.030422 0.007698 
0.129424 0.974006 -0.245481 0.224616 
0.123611 0.974284 -0.231878 0.210228 
0.123611 0.974284 -0.231878 0.210228 
-0.203496 0.984802 0.104327 0.105634 
-0.204140 0.949706 -0.147410 0.264315 
-0.194746 0.948073 -0.160423 0.282495 
-0.194746 0.948073 -0.160423 0.282495 
0.586836 0.423801 -0.731030 0.909806 
-0.474333 -0.869558 -0.993227 -0.128067 
-0.474333 -0.869558 -0.993227 -0.128067 
-0.914531 -0.968924 -0.580424 -0.878100 
-0.948292 -0.971176 -0.567179 -0.881459 
-0.982129 -0.983042 -0.859411 -0.944861 
