0.079690 0.988854 0.234994 -0.109477 
0.079579 0.988856 0.235318 -0.109490 
0.067869 0.989596 0.260925 -0.132924 
0.067869 0.989596 0.260925 -0.132924 
0.067869 0.989596 0.260925 -0.132924 
-0.000110 0.992588 0.030422 0.007698 
-0.000110 0.992588 0.030422 0.007698 
-0.000110 0.992588 0.030422 0.007698 
-0.000110 0.992588 0.030422 0.007698 
-0.000110 0.992588 0.030422 0.007698 
-0.000110 0.992588 0.030422 0.007698 
-0.000110 0.992588 0.030422 0.007698 
-0.000110 0.992588 0.030422 0.007698 
-0.000110 0.992588 0.030422 0.007698 
-0.000110 0.992588 0.030422 0.007698 
-0.000110 0.992588 0.030422 0.007698 
-0.000110 0.992588 0.030422 0.007698 
-0.000110 0.992588 0.030422 0.007698 
-0.334994 0.990123 0.008312 -0.005723 
0.129449 0.974004 -0.245490 0.224628 
0.129449 0.974004 -0.245490 0.224628 
0.129449 0.974004 -0.245490 0.224628 
-0.256490 0.954484 -0.013959 0.129135 
0.644134 -0.635087 -0.834722 0.760217 
0.045377 -0.746282 -0.791418 -0.510438 
0.045377 -0.746282 -0.791418 -0.510438 
-0.876878 -0.901039 -0.304672 -0.676049 
-0.876803 -0.901106 -0.305573 -0.676028 
-0.913976 -0.126332 0.728915 -0.929747 
-0.913976 -0.126332 0.728915 -0.929747 
-0.932451 0.467208 0.906148 -0.886904 
-0.751371 -0.583780 0.501082 0.000330 
-0.751371 -0.583780 0.501082 0.000330 
