0.067869 0.989596 0.260925 -0.132924 
0.067869 0.989596 0.260925 -0.132924 
0.067869 0.989596 0.260925 -0.132924 
0.079579 0.988856 0.235318 -0.109490 
0.079579 0.988856 0.235318 -0.109490 
0.079579 0.988856 0.235318 -0.109490 
0.079579 0.988856 0.235318 -0.109490 
0.079579 0.988856 0.235318 -0.109490 
0.079579 0.988856 0.235318 -0.109490 
0.079579 0.988856 0.235318 -0.109490 
0.067869 0.989596 0.260925 -0.132924 
0.122653 0.988482 0.131798 0.007166 
0.122653 0.988482 0.131798 0.007166 
-0.000110 0.992588 0.030422 0.007698 
-0.334994 0.990123 0.008312 -0.005723 
-0.334994 0.990123 0.008312 -0.005723 
-0.337306 0.988082 -0.208862 0.070963 
0.614170 0.904879 -0.823823 0.909968 
0.614170 0.904879 -0.823823 0.909968 
0.614170 0.904879 -0.823823 0.909968 
0.333758 0.959648 -0.186635 0.180247 
-0.161426 0.984292 -0.002534 0.219495 
-0.161426 0.984292 -0.002534 0.219495 
0.538195 0.516604 -0.682565 0.881699 
-0.476920 0.449751 0.183458 0.951689 
-0.476920 0.449751 0.183458 0.951689 
-0.755874 -0.986854 -0.835316 -0.262379 
-0.942811 -0.847737 -0.920346 0.053287 
-0.997341 -0.956748 -0.949512 -0.966699 
-0.997341 -0.956748 -0.949512 -0.966699 
-0.995654 -0.997706 -0.962425 -0.993353 
