-0.000110 0.992588 0.030422 0.007698 
-0.000110 0.992588 0.030422 0.007698 
-0.000110 0.992588 0.030422 0.007698 
-0.000110 0.992588 0.030422 0.007698 
-0.000110 0.992588 0.030422 0.007698 
-0.000110 0.992588 0.030422 0.007698 
-0.000110 0.992588 0.030422 0.007698 
-0.000110 0.992588 0.030422 0.007698 
-0.000110 0.992588 0.030422 0.007698 
0.405695 0.968977 -0.505175 0.702662 
0.405695 0.968977 -0.505175 0.702662 
0.613219 0.921416 -0.738024 0.894398 
0.614170 0.904879 -0.823823 0.909968 
0.614170 0.904879 -0.823823 0.909968 
0.351590 0.875074 -0.830802 0.907631 
-0.286032 0.635989 -0.952013 0.862540 
-0.668181 -0.183607 -0.988588 0.456321 
-0.668181 -0.183607 -0.988588 0.456321 
-0.979814 -0.998703 -0.934427 -0.992290 
-0.779080 -0.998304 -0.995603 -0.999485 
-0.872076 -0.995509 -0.990874 -0.999860 
-0.872076 -0.995509 -0.990874 -0.999860 
-0.917703 -0.986010 -0.987953 -0.999675 
-0.941513 -0.745830 -0.056457 -0.989370 
-0.941513 -0.745830 -0.056457 -0.989370 
-0.643263 0.332449 0.874434 -0.861342 
-0.932462 0.467324 0.906170 -0.886942 
