0.127523 0.987623 0.090706 -0.103685 
0.121485 0.987786 0.109350 -0.104420 
0.079579 0.988856 0.235318 -0.109490 
0.079579 0.988856 0.235318 -0.109490 
0.067869 0.989596 0.260925 -0.132924 
0.067869 0.989596 0.260925 -0.132924 
0.067869 0.989596 0.260925 -0.132924 
0.067869 0.989596 0.260925 -0.132924 
0.122653 0.988482 0.131798 0.007166 
-0.000110 0.992588 0.030422 0.007698 
-0.000110 0.992588 0.030422 0.007698 
-0.000110 0.992588 0.030422 0.007698 
0.615790 0.920596 -0.739014 0.895797 
0.615791 0.920595 -0.739016 0.895797 
0.615791 0.920595 -0.739016 0.895797 
0.613936 0.904993 -0.823658 0.909838 
0.129449 0.974004 -0.245490 0.224628 
0.129449 0.974004 -0.245490 0.224628 
0.129449 0.974004 -0.245490 0.224628 
-0.256490 0.954484 -0.013959 0.129135 
-0.255598 0.954341 -0.015260 0.131021 
0.426785 0.588782 -0.758511 0.917453 
0.426785 0.588782 -0.758511 0.917453 
-0.393180 -0.912412 -0.295352 0.585634 
-0.942667 -0.848111 -0.920290 0.053012 
-0.942667 -0.848111 -0.920290 0.053012 
-0.943764 -0.951832 -0.619911 -0.867062 
-0.983801 -0.981130 -0.815266 -0.945463 
-0.991863 -0.994490 -0.905569 -0.980689 
-0.991863 -0.994490 -0.905569 -0.980689 
-0.990174 -0.995168 -0.916643 -0.982057 
