0.122653 0.988482 0.131798 0.007166 
0.122653 0.988482 0.131798 0.007166 
-0.000110 0.992588 0.030422 0.007698 
-0.000110 0.992588 0.030422 0.007698 
-0.000110 0.992588 0.030422 0.007698 
-0.000110 0.992588 0.030422 0.007698 
-0.000110 0.992588 0.030422 0.007698 
-0.000110 0.992588 0.030422 0.007698 
-0.000110 0.992588 0.030422 0.007698 
-0.000110 0.992588 0.030422 0.007698 
-0.000110 0.992588 0.030422 0.007698 
-0.000110 0.992588 0.030422 0.007698 
-0.000110 0.992588 0.030422 0.007698 
-0.000110 0.992588 0.030422 0.007698 
0.615791 0.920595 -0.739016 0.895797 
0.615791 0.920595 -0.739016 0.895797 
0.129449 0.974004 -0.245490 0.224628 
0.129454 0.974003 -0.245496 0.224638 
0.129454 0.974003 -0.245496 0.224638 
-0.362467 0.989925 -0.064204 0.263078 
0.461711 0.577814 -0.800478 0.934120 
0.470925 0.554369 -0.810070 0.937084 
0.470925 0.554369 -0.810070 0.937084 
-0.913105 -0.899871 -0.910344 0.007050 
-0.913105 -0.899871 -0.910344 0.007050 
-0.971322 -0.775747 -0.756325 -0.797385 
-0.971322 -0.775747 -0.756325 -0.797385 
-0.975114 -0.987891 -0.793487 -0.950165 
-0.991863 -0.994490 -0.905569 -0.980689 
-0.950507 -0.996004 -0.929731 -0.976048 
-0.950507 -0.996004 -0.929731 -0.976048 
-0.644251 -0.957414 -0.397493 -0.683217 
-0.859920 -0.866394 0.163649 -0.455201 
-0.862989 -0.865869 0.165602 -0.456325 
-0.862989 -0.865869 0.165602 -0.456325 
