0.011663 0.992060 0.003142 0.031473 
0.011663 0.992060 0.003142 0.031473 
0.011663 0.992060 0.003142 0.031473 
-0.000110 0.992588 0.030422 0.007698 
-0.000110 0.992588 0.030422 0.007698 
-0.000110 0.992588 0.030422 0.007698 
-0.000110 0.992588 0.030422 0.007698 
-0.000110 0.992588 0.030422 0.007698 
-0.000110 0.992588 0.030422 0.007698 
-0.335073 0.990059 0.000791 -0.003101 
0.129449 0.974004 -0.245490 0.224628 
0.129449 0.974004 -0.245490 0.224628 
0.129449 0.974004 -0.245490 0.224628 
-0.203496 0.984802 0.104327 0.105634 
0.009826 0.922460 -0.086520 0.220765 
0.603884 0.421578 -0.772342 0.923050 
0.603884 0.421578 -0.772342 0.923050 
-0.481013 -0.959064 -0.962283 -0.905734 
-0.846194 -0.623077 -0.760397 -0.994493 
-0.978981 -0.701836 0.305018 -0.992770 
-0.978981 -0.701836 0.305018 -0.992770 
-0.990906 -0.994907 -0.927952 -0.980023 
-0.989179 -0.995651 -0.937435 -0.981847 
-0.989179 -0.995651 -0.937435 -0.981847 
-0.940508 -0.972285 -0.588868 -0.872837 
-0.792740 -0.982124 -0.716205 -0.879005 
-0.372850 -0.900979 0.013074 -0.365982 
-0.372850 -0.900979 0.013074 -0.365982 
0.735253 -0.514331 -0.514464 -0.071911 
0.820524 -0.082845 -0.173073 0.341974 
0.820524 -0.082845 -0.173073 0.341974 
-0.091028 -0.611507 0.630367 0.061554 
-0.042790 -0.643494 0.532190 0.067400 
