-0.000110 0.992588 0.030422 0.007698 
-0.000110 0.992588 0.030422 0.007698 
-0.000110 0.992588 0.030422 0.007698 
-0.000110 0.992588 0.030422 0.007698 
-0.000110 0.992588 0.030422 0.007698 
-0.000110 0.992588 0.030422 0.007698 
-0.000110 0.992588 0.030422 0.007698 
-0.000110 0.992588 0.030422 0.007698 
-0.000110 0.992588 0.030422 0.007699 
0.002837 0.992514 0.026411 0.013615 
0.002837 0.992514 0.026411 0.013615 
0.600438 0.926595 -0.723576 0.885695 
0.129449 0.974004 -0.245490 0.224628 
0.129449 0.974004 -0.245490 0.224628 
0.129449 0.974004 -0.245490 0.224628 
-0.362467 0.989925 -0.064204 0.263078 
-0.354386 0.989609 -0.076775 0.280326 
0.603875 0.406129 -0.790853 0.932007 
0.603875 0.406129 -0.790853 0.932007 
-0.913105 -0.899871 -0.910345 0.007050 
-0.913105 -0.899871 -0.910344 0.007050 
-0.913105 -0.899871 -0.910344 0.007050 
-0.913105 -0.899871 -0.910344 0.007050 
-0.975114 -0.987891 -0.793487 -0.950165 
