-0.059516 0.808991 -0.075423 0.115799 
-0.059516 0.808991 -0.075423 0.115799 
-0.044091 0.888134 -0.190730 -0.242258 
-0.044091 0.888134 -0.190730 -0.242258 
-0.044091 0.888134 -0.190730 -0.242258 
-0.007857 0.868760 -0.221888 -0.374900 
-0.007857 0.868760 -0.221888 -0.374900 
-0.007858 0.868761 -0.221888 -0.374895 
-0.029439 0.884801 -0.202820 -0.272755 
-0.029439 0.884801 -0.202820 -0.272755 
0.110358 0.862036 -0.058372 -0.003156 
0.100177 0.850426 -0.004959 0.077256 
0.100177 0.850426 -0.004959 0.077256 
0.100177 0.850426 -0.004959 0.077256 
0.100177 0.850426 -0.004959 0.077256 
0.100177 0.850426 -0.004959 0.077256 
0.100177 0.850426 -0.004959 0.077256 
0.100177 0.850426 -0.004959 0.077256 
0.100177 0.850426 -0.004959 0.077256 
0.100177 0.850426 -0.004959 0.077256 
0.100177 0.850426 -0.004959 0.077256 
0.100177 0.850426 -0.004959 0.077256 
0.100177 0.850426 -0.004959 0.077256 
0.100177 0.850426 -0.004959 0.077256 
0.100177 0.850426 -0.004959 0.077256 
0.100177 0.850426 -0.004959 0.077256 
0.100177 0.850426 -0.004959 0.077256 
0.100177 0.850426 -0.004959 0.077256 
0.059780 0.797525 -0.120025 -0.190315 
0.086332 0.799283 -0.146559 -0.231895 
0.086332 0.799283 -0.146559 -0.231895 
0.086334 0.799283 -0.146561 -0.231899 
0.172796 0.816846 -0.079280 -0.105225 
0.172796 0.816846 -0.079280 -0.105225 
0.172796 0.816846 -0.079280 -0.105225 
-0.052188 0.627352 -0.099037 0.269391 
-0.059524 0.808985 -0.075424 0.115808 
-0.059524 0.808985 -0.075424 0.115808 
