0.082275 0.988791 0.227431 -0.109165 
0.079579 0.988856 0.235318 -0.109490 
0.079579 0.988856 0.235318 -0.109490 
0.079579 0.988856 0.235318 -0.109490 
0.079579 0.988856 0.235318 -0.109490 
0.079579 0.988856 0.235318 -0.109490 
0.079579 0.988856 0.235318 -0.109490 
0.079579 0.988856 0.235318 -0.109490 
0.067869 0.989596 0.260925 -0.132924 
-0.000110 0.992588 0.030422 0.007698 
-0.000110 0.992588 0.030422 0.007698 
-0.000110 0.992588 0.030422 0.007698 
-0.000110 0.992588 0.030422 0.007698 
-0.000110 0.992588 0.030422 0.007698 
-0.000110 0.992588 0.030422 0.007698 
-0.000110 0.992588 0.030422 0.007698 
-0.000110 0.992588 0.030422 0.007698 
-0.000110 0.992588 0.030422 0.007698 
-0.000110 0.992588 0.030422 0.007698 
-0.000110 0.992588 0.030422 0.007698 
-0.000110 0.992588 0.030422 0.007698 
-0.000110 0.992588 0.030422 0.007698 
-0.000110 0.992588 0.030422 0.007698 
-0.000110 0.992588 0.030422 0.007698 
-0.000110 0.992588 0.030422 0.007698 
-0.183143 0.992028 0.078735 -0.012042 
0.242618 0.885768 -0.197639 0.088738 
0.242618 0.885768 -0.197639 0.088738 
0.242618 0.885768 -0.197639 0.088738 
0.242618 0.885768 -0.197639 0.088738 
0.242618 0.885768 -0.197639 0.088738 
0.242618 0.885768 -0.197639 0.088738 
0.242618 0.885768 -0.197639 0.088738 
0.339550 0.657827 0.174183 -0.005274 
0.339550 0.657827 0.174183 -0.005274 
0.381708 0.626829 0.027114 0.000598 
