0.236108 0.948095 0.180889 -0.131619 
0.120211 0.965932 0.083492 -0.131111 
0.116730 0.966354 0.080589 -0.131096 
0.116730 0.966354 0.080589 -0.131096 
0.108671 0.968873 0.083457 -0.129976 
-0.000110 0.992588 0.030422 0.007698 
-0.000110 0.992588 0.030422 0.007698 
-0.000110 0.992588 0.030422 0.007698 
-0.000110 0.992588 0.030422 0.007698 
-0.000110 0.992588 0.030422 0.007698 
-0.000110 0.992588 0.030422 0.007698 
-0.000110 0.992588 0.030422 0.007698 
-0.000110 0.992588 0.030422 0.007698 
-0.000110 0.992588 0.030422 0.007698 
-0.000110 0.992588 0.030422 0.007698 
-0.000110 0.992588 0.030422 0.007698 
-0.000110 0.992588 0.030422 0.007698 
-0.000110 0.992588 0.030422 0.007698 
-0.183143 0.992028 0.078735 -0.012042 
0.086438 0.974843 -0.142391 0.110970 
0.086438 0.974843 -0.142391 0.110970 
0.086438 0.974843 -0.142391 0.110970 
-0.256490 0.954484 -0.013959 0.129135 
0.470924 0.554370 -0.810069 0.937084 
0.470925 0.554369 -0.810070 0.937084 
0.470925 0.554369 -0.810070 0.937084 
0.283792 0.135817 -0.909245 0.857293 
-0.629798 -0.936716 -0.966588 -0.897038 
-0.943764 -0.951832 -0.619911 -0.867062 
-0.943764 -0.951832 -0.619911 -0.867062 
-0.989179 -0.995651 -0.937435 -0.981847 
