0.067869 0.989596 0.260925 -0.132924 
0.122653 0.988482 0.131798 0.007166 
0.122653 0.988482 0.131798 0.007166 
-0.000108 0.992588 0.030424 0.007698 
-0.000110 0.992588 0.030422 0.007698 
-0.000110 0.992588 0.030422 0.007698 
-0.000110 0.992588 0.030422 0.007698 
-0.000110 0.992588 0.030422 0.007698 
-0.000110 0.992588 0.030422 0.007698 
-0.000110 0.992588 0.030422 0.007698 
-0.000110 0.992588 0.030422 0.007698 
-0.000110 0.992588 0.030422 0.007698 
0.195706 0.963647 -0.013937 0.086891 
0.195706 0.963647 -0.013937 0.086891 
-0.092632 0.922914 -0.053410 0.134101 
-0.256490 0.954484 -0.013959 0.129135 
-0.256490 0.954484 -0.013959 0.129135 
-0.256490 0.954484 -0.013959 0.129135 
-0.755334 -0.986913 -0.835191 -0.262662 
-0.913105 -0.899871 -0.910344 0.007050 
-0.913105 -0.899871 -0.910344 0.007050 
-0.913105 -0.899871 -0.910344 0.007050 
-0.991863 -0.994490 -0.905569 -0.980689 
-0.995213 -0.997936 -0.971964 -0.993274 
-0.995213 -0.997936 -0.971964 -0.993274 
-0.961394 -0.998775 -0.977208 -0.991745 
-0.919645 -0.997420 -0.932773 -0.981924 
-0.919645 -0.997420 -0.932773 -0.981924 
-0.792740 -0.982124 -0.716205 -0.879005 
