0.928317 0.534042 -0.573390 -0.210079 2789.950096 3042.000092 -8136.449962 
0.956956 0.062314 -0.595889 -0.429987 2742.000095 3015.150092 -8214.599963 
0.956956 0.062314 -0.595889 -0.429987 2694.050094 2988.300091 -8292.749965 
0.001063 0.968565 0.019123 0.008262 2694.050094 2988.300091 -8292.749965 
0.102115 0.961027 0.030091 -0.066450 2708.850095 2982.200091 -8237.499965 
0.102115 0.961027 0.030091 -0.066450 2723.650095 2976.100091 -8182.249965 
0.022602 0.972900 -0.018759 0.007166 2723.650095 2976.100091 -8182.249965 
-0.392870 0.966615 0.076924 0.148706 2732.300094 2970.100091 -8153.749965 
-0.392870 0.966615 0.076924 0.148706 2740.950094 2964.100091 -8125.249965 
0.051178 0.977522 -0.011313 -0.065545 2740.950094 2964.100091 -8125.249965 
-0.487402 0.985391 0.234007 -0.169436 2732.800094 2976.500091 -8093.349965 
-0.487402 0.985391 0.234007 -0.169436 2724.650095 2988.900091 -8061.449965 
-0.067476 0.986756 -0.255696 0.241199 2712.700095 3009.950090 -7988.749969 
-0.101660 0.966573 -0.099968 -0.021868 2712.700095 3009.950090 -7988.749969 
-0.188864 0.956926 0.104208 0.137475 2720.050095 3000.400090 -7936.999969 
-0.188864 0.956926 0.104208 0.137475 2727.400095 2990.850090 -7885.249969 
0.455118 0.362912 0.057829 0.088272 2727.400095 2990.850090 -7885.249969 
-0.029759 0.966740 0.022041 0.030464 2732.200095 2988.400090 -9240.999969 
-0.029759 0.966740 0.022041 0.030464 2737.000095 2985.950089 -10596.749969 
0.654451 0.218542 0.076341 0.121301 2737.000095 2985.950089 -10596.749969 
-0.268480 0.672419 0.542382 -0.281176 2722.100096 2993.450089 -10559.999969 
-0.268480 0.672419 0.542382 -0.281176 2707.200096 3000.950089 -10523.249969 
0.472337 0.291743 0.172631 0.086195 2707.200096 3000.950089 -10523.249969 
0.826191 -0.542777 0.816167 0.886690 2693.650096 2996.050089 -10526.749969 
0.799753 -0.018990 -0.039759 -0.163309 2679.050095 2984.850090 -10527.499969 
0.799753 -0.018990 -0.039759 -0.163309 2664.450095 2973.650090 -10528.249969 
0.561798 0.210107 0.190401 0.064448 2664.450095 2973.650090 -10528.249969 
-0.467525 0.782914 0.755416 -0.127404 2654.300095 2986.950090 -10485.999969 
-0.467525 0.782914 0.755416 -0.127404 2644.150096 3000.250090 -10443.749969 
0.024043 0.285593 0.500961 0.087671 2644.150096 3000.250090 -10443.749969 
0.124464 0.165857 0.739592 0.068718 2644.150096 2975.150090 -10477.749969 
