0.753578 0.985670 0.112556 -0.024827 
0.753578 0.985670 0.112556 -0.024827 
0.753578 0.985670 0.112556 -0.024827 
0.753578 0.985670 0.112556 -0.024827 
0.753578 0.985670 0.112556 -0.024827 
0.753578 0.985670 0.112556 -0.024827 
0.753578 0.985670 0.112556 -0.024827 
0.753578 0.985670 0.112556 -0.024827 
0.753578 0.985670 0.112556 -0.024827 
0.753578 0.985670 0.112556 -0.024827 
0.753578 0.985670 0.112556 -0.024827 
0.753578 0.985670 0.112556 -0.024827 
-0.221335 0.984662 0.110002 -0.006256 
-0.000110 0.992588 0.030422 0.007698 
-0.000110 0.992588 0.030422 0.007698 
-0.000110 0.992588 0.030422 0.007698 
0.392735 0.943756 0.047697 0.040802 
-0.214755 0.985808 0.131237 0.082060 
-0.045445 0.929733 0.047762 0.083379 
-0.045445 0.929733 0.047762 0.083379 
-0.929553 -0.876401 -0.358508 -0.936146 
-0.914493 -0.968940 -0.580903 -0.878093 
-0.914531 -0.968924 -0.580424 -0.878100 
-0.914531 -0.968924 -0.580424 -0.878100 
-0.961070 -0.996103 -0.892699 -0.960655 
-0.995213 -0.997936 -0.971964 -0.993274 
-0.995213 -0.997936 -0.971964 -0.993274 
-0.995213 -0.997936 -0.971964 -0.993274 
-0.997417 -0.952707 -0.627763 -0.998978 
