0.758621 0.984654 0.085535 -0.001047 
0.758621 0.984654 0.085535 -0.001047 
0.758621 0.984654 0.085535 -0.001047 
0.079579 0.988856 0.235318 -0.109490 
0.079579 0.988856 0.235318 -0.109490 
0.079579 0.988856 0.235318 -0.109490 
0.079579 0.988856 0.235318 -0.109490 
0.079579 0.988856 0.235318 -0.109490 
0.079579 0.988856 0.235318 -0.109490 
0.067869 0.989596 0.260925 -0.132924 
-0.000110 0.992588 0.030422 0.007698 
-0.000110 0.992588 0.030422 0.007698 
-0.337306 0.988083 -0.208828 0.070951 
-0.011442 0.956390 -0.432012 0.176738 
0.028377 0.977177 -0.457321 0.171126 
0.028377 0.977177 -0.457321 0.171126 
-0.256490 0.954484 -0.013959 0.129135 
-0.025972 0.909607 -0.375845 0.561109 
-0.025972 0.909607 -0.375845 0.561109 
-0.914496 -0.968934 -0.580559 -0.878005 
-0.905011 -0.971902 -0.662712 -0.841568 
-0.934709 -0.995807 -0.845486 -0.977540 
-0.934709 -0.995807 -0.845486 -0.977540 
-0.990046 -0.999420 -0.968985 -0.997998 
