-0.000110 0.992588 0.030422 0.007698 
-0.000110 0.992588 0.030422 0.007698 
-0.000110 0.992588 0.030422 0.007698 
-0.000110 0.992588 0.030422 0.007698 
-0.000110 0.992588 0.030422 0.007698 
0.615791 0.920595 -0.739016 0.895797 
0.615791 0.920595 -0.739016 0.895797 
0.488941 0.914880 -0.716424 0.891863 
-0.107445 0.991680 0.034513 0.018650 
-0.107445 0.991680 0.034513 0.018650 
-0.000110 0.992588 0.030422 0.007698 
-0.000110 0.992588 0.030422 0.007698 
-0.000110 0.992588 0.030422 0.007698 
-0.000110 0.992588 0.030422 0.007698 
-0.000110 0.992588 0.030422 0.007698 
0.129449 0.974004 -0.245490 0.224628 
0.129449 0.974004 -0.245490 0.224628 
0.129449 0.974004 -0.245490 0.224628 
0.504596 0.838267 -0.753615 0.931015 
-0.483406 -0.860886 -0.992849 -0.151386 
-0.795018 -0.713521 -0.980111 -0.841769 
-0.795018 -0.713521 -0.980111 -0.841769 
-0.989357 -0.999531 -0.967754 -0.997380 
-0.990315 -0.999402 -0.966295 -0.998005 
-0.990313 -0.999403 -0.966317 -0.998005 
-0.990313 -0.999403 -0.966317 -0.998005 
-0.989446 -0.995530 -0.932574 -0.981902 
-0.990174 -0.995168 -0.916643 -0.982057 
-0.940486 -0.996496 -0.938063 -0.977741 
-0.940486 -0.996496 -0.938063 -0.977741 
