0.122653 0.988482 0.131798 0.007166 
-0.000110 0.992588 0.030422 0.007698 
-0.000110 0.992588 0.030422 0.007698 
-0.000110 0.992588 0.030422 0.007698 
-0.000110 0.992588 0.030422 0.007698 
-0.000110 0.992588 0.030422 0.007698 
-0.000110 0.992588 0.030422 0.007698 
-0.000110 0.992588 0.030422 0.007698 
-0.000110 0.992588 0.030422 0.007698 
-0.000110 0.992588 0.030422 0.007698 
-0.000110 0.992588 0.030422 0.007698 
-0.000110 0.992588 0.030422 0.007698 
-0.000110 0.992588 0.030422 0.007698 
-0.000110 0.992588 0.030422 0.007698 
0.722617 0.989785 -0.123009 0.116057 
0.722617 0.989785 -0.123009 0.116057 
0.722617 0.989785 -0.123009 0.116057 
0.442538 0.933358 -0.127625 0.070365 
0.250405 0.957105 -0.179920 0.115922 
0.250405 0.957105 -0.179920 0.115922 
0.630540 0.283292 0.188727 -0.046189 
0.630540 0.283292 0.188727 -0.046189 
0.795503 0.513256 0.521870 -0.776215 
0.795503 0.513256 0.521870 -0.776215 
0.557408 -0.396272 -0.231273 -0.959389 
0.275163 -0.269817 0.691941 -0.227451 
-0.795062 -0.372050 0.481983 -0.644620 
-0.795062 -0.372050 0.481983 -0.644620 
-0.932443 0.467121 0.906191 -0.886942 
-0.932462 0.467324 0.906170 -0.886942 
-0.932462 0.467324 0.906170 -0.886942 
