-1.153846 0.120000 0.653846 8055 7393 7581
-1.038462 0.120000 0.615385 8298 6952 6818
-0.846154 0.160000 0.615385 8477 7198 6332
-0.846154 0.160000 0.615385 8477 7198 6332
-0.653846 0.240000 0.884615 8635 7214 6090
-0.653846 0.240000 0.961538 8370 7667 5910
-0.653846 0.240000 0.961538 8370 7667 5910
-0.846154 0.240000 1.076923 8215 7789 5864
-0.923077 0.240000 1.115385 8041 7656 5481
-0.923077 0.240000 1.115385 8041 7656 5481
-0.884615 0.400000 1.115385 8124 7228 5162
-0.769231 0.480000 1.115385 8164 6302 4386
-0.769231 0.480000 1.115385 8164 6302 4386
-0.730769 0.560000 1.076923 7989 6367 4300
-0.769231 0.600000 1.038462 7439 6586 3981
-0.807692 0.600000 1.000000 7327 6655 3780
-0.807692 0.600000 1.000000 7327 6655 3780
-0.769231 0.680000 0.846154 7216 6781 3502
-0.730769 0.760000 0.807692 7146 7271 2653
-0.730769 0.760000 0.807692 7146 7271 2653
-0.615385 0.840000 0.846154 7203 7406 2470
-0.615385 0.840000 0.846154 7343 7895 2108
-0.615385 0.840000 0.846154 7343 7895 2108
-0.500000 0.920000 0.846154 7352 7956 1980
-0.423077 0.960000 0.846154 7877 7409 1594
-0.423077 0.960000 0.846154 7877 7409 1594
-0.615385 0.840000 0.769231 7976 7301 1578
-0.615385 0.960000 0.769231 8469 6968 863
-0.576923 1.000000 0.807692 8655 7091 6498
-0.576923 1.000000 0.807692 8655 7091 6498
-0.384615 1.200000 0.884615 8655 7312 6427
-0.192308 1.280000 0.961538 8755 7293 6260
0.038462 1.320000 1.000000 8343 7043 6350
