-1.269231 0.280000 0.769231 8253 7914 6352
-1.076923 0.360000 0.846154 8150 8079 5855
-1.076923 0.360000 0.846154 8150 8079 5855
-1.000000 0.440000 0.923077 7936 8309 5612
-1.076923 0.480000 0.884615 7751 7821 5156
-1.076923 0.480000 0.884615 7751 7821 5156
-1.076923 0.560000 0.923077 7929 7311 4904
-1.076923 0.600000 0.923077 8047 6305 3994
-1.076923 0.680000 0.846154 7970 6242 3661
-1.076923 0.680000 0.846154 7970 6242 3661
-0.961538 0.880000 0.769231 7902 6292 3323
-0.961538 0.920000 0.769231 7654 6854 2432
-0.961538 0.960000 0.807692 7610 7148 2172
-0.961538 0.960000 0.807692 7610 7148 2172
-0.923077 1.120000 0.884615 7567 7421 1887
-0.884615 1.200000 0.884615 7739 7396 968
-0.884615 1.200000 0.884615 7739 7396 968
-0.769231 1.320000 0.884615 7841 7264 761
-0.692308 1.360000 0.884615 8139 6990 6434
-0.692308 1.360000 0.884615 8139 6990 6434
-0.576923 1.400000 0.884615 8162 6972 6400
-0.461538 1.400000 0.923077 8265 7133 6274
-0.461538 1.400000 0.923077 8265 7133 6274
