-1.423077 0.280000 1.192308 -80.099998 56.799999 178.500000
-1.730769 0.240000 1.307692 -86.449997 75.699997 141.949997
-2.153846 0.160000 1.500000 -94.349998 94.599998 92.550003
-2.153846 0.160000 1.500000 -94.349998 94.599998 92.550003
-3.615385 0.480000 1.461538 0.000000 0.000000 0.000000
-3.769231 0.640000 1.192308 -44.650002 28.900000 -261.100006
-3.769231 0.640000 1.192308 -44.650002 28.900000 -261.100006
-3.692308 1.520000 0.807692 0.000000 0.000000 0.000000
-3.692308 1.720000 0.692308 61.849998 -77.150002 -217.000000
-3.692308 2.080000 0.538462 72.150002 -78.500000 -280.750000
-3.692308 2.080000 0.538462 72.150002 -78.500000 -280.750000
-3.153846 3.480000 0.269231 428.500000 399.700012 1213.750000
-2.769231 3.920000 0.269231 486.100006 372.649994 1094.000000
-2.769231 3.920000 0.269231 486.100006 372.649994 1094.000000
