-1.153846 0.320000 1.346154 -92.599998 83.900002 154.000000
-1.230769 0.240000 1.269231 -96.349998 90.250000 122.150002
-1.269231 0.240000 1.230769 -97.500000 87.500000 87.699997
-1.269231 0.240000 1.230769 -97.500000 87.500000 87.699997
-1.692308 0.320000 1.038462 0.000000 0.000000 0.000000
-1.846154 0.400000 1.115385 5.500000 23.650000 -143.100006
-1.884615 0.600000 1.192308 12.550000 18.500000 -194.449997
-1.884615 0.600000 1.192308 12.550000 18.500000 -194.449997
-1.692308 1.000000 1.346154 364.750000 406.799988 69.400002
-1.653846 1.120000 1.269231 0.000000 0.000000 0.000000
-1.653846 1.120000 1.269231 0.000000 0.000000 0.000000
-1.576923 1.480000 1.076923 0.000000 0.000000 0.000000
-1.423077 1.680000 0.961538 7.600000 -20.700001 -87.750000
-1.423077 1.680000 0.961538 7.600000 -20.700001 -87.750000
-1.076923 2.160000 1.076923 0.000000 0.000000 0.000000
-0.807692 2.200000 1.115385 -15.950000 57.150002 -42.750000
-0.653846 2.200000 1.192308 -26.450001 87.150002 -38.000000
-0.653846 2.200000 1.192308 -26.450001 87.150002 -38.000000
-0.500000 2.040000 1.000000 0.000000 0.000000 0.000000
-0.538462 1.960000 0.923077 44.150002 -25.000000 44.750000
-0.538462 1.960000 0.923077 44.150002 -25.000000 44.750000
-0.153846 1.920000 0.615385 0.000000 0.000000 0.000000
0.038462 1.880000 0.692308 88.250000 -130.100006 60.250000
0.230769 1.880000 0.692308 84.050003 -174.000000 94.500000
