-1.192308 0.440000 1.192308 -132.350006 142.750000 132.649994
-1.115385 0.440000 1.076923 -131.350006 131.500000 101.250000
-1.115385 0.440000 1.076923 -131.350006 131.500000 101.250000
-0.807692 0.520000 1.000000 0.000000 0.000000 0.000000
-0.769231 0.640000 0.961538 -17.299999 20.150000 -78.849998
-0.769231 0.720000 0.961538 -21.750000 49.700001 -92.500000
-0.769231 0.720000 0.961538 -21.750000 49.700001 -92.500000
-1.269231 0.720000 1.038462 0.000000 0.000000 0.000000
-1.500000 0.680000 1.115385 24.250000 -27.700001 -63.349998
-1.653846 0.640000 1.153846 35.750000 -51.599998 -107.000000
-1.653846 0.640000 1.153846 35.750000 -51.599998 -107.000000
-1.807692 1.120000 1.038462 379.450012 375.399994 128.449997
-1.769231 1.280000 1.000000 0.000000 0.000000 0.000000
-1.807692 1.400000 1.000000 2.050000 2.850000 -47.750000
-1.807692 1.400000 1.000000 2.050000 2.850000 -47.750000
-2.230769 1.880000 1.038462 0.000000 0.000000 0.000000
-2.346154 2.160000 0.961538 -1.900000 39.250000 -183.000000
-2.346154 2.160000 0.961538 -1.900000 39.250000 -183.000000
-1.884615 3.480000 0.769231 388.049988 447.600006 1209.500000
-1.692308 3.640000 0.923077 417.600006 495.450012 1099.000000
-1.692308 3.640000 0.923077 417.600006 495.450012 1099.000000
-0.653846 3.960000 1.115385 424.700012 486.850006 1097.500000
-0.076923 3.840000 0.923077 434.049988 307.049988 1209.750000
-0.076923 3.840000 0.923077 434.049988 307.049988 1209.750000
