-1.384615 0.400000 1.230769 -73.250000 123.550003 133.449997
-1.307692 0.480000 1.115385 -80.099998 105.699997 98.349998
-1.153846 0.560000 1.038462 -76.699997 91.150002 69.000000
-1.153846 0.560000 1.038462 -76.699997 91.150002 69.000000
-1.076923 0.760000 0.961538 0.000000 0.000000 0.000000
-1.384615 0.760000 1.076923 -14.450000 70.250000 -70.400002
-1.692308 0.760000 1.230769 -10.850000 68.500000 -108.150002
-1.692308 0.760000 1.230769 -10.850000 68.500000 -108.150002
-2.153846 1.080000 1.423077 361.250000 425.299988 145.500000
-2.153846 1.320000 1.307692 0.000000 0.000000 0.000000
-2.153846 1.320000 1.307692 0.000000 0.000000 0.000000
-1.846154 2.000000 0.884615 0.000000 0.000000 0.000000
-1.769231 2.160000 0.846154 11.100000 -7.400000 -148.750000
-1.769231 2.160000 0.846154 11.100000 -7.400000 -148.750000
-1.961538 2.680000 0.730769 0.000000 0.000000 0.000000
-1.923077 3.000000 0.692308 29.450001 47.700001 -148.750000
-1.769231 3.320000 0.730769 39.000000 62.099998 -187.500000
-1.769231 3.320000 0.730769 39.000000 62.099998 -187.500000
-0.846154 3.840000 1.153846 399.950012 446.700012 1103.500000
-0.384615 3.840000 1.423077 389.700012 431.000000 1157.000000
-0.384615 3.840000 1.423077 389.700012 431.000000 1157.000000
