-0.461538 0.240000 1.076923 35.349998 5.850000 60.099998
-0.538462 0.280000 1.000000 29.500000 2.900000 40.950001
-0.538462 0.280000 1.000000 29.500000 2.900000 40.950001
-0.615385 0.360000 0.884615 0.000000 0.000000 0.000000
-0.653846 0.400000 0.884615 -4.200000 19.350000 -49.900002
-0.653846 0.400000 0.884615 -4.200000 19.350000 -49.900002
-0.769231 0.600000 1.076923 0.000000 0.000000 0.000000
-0.846154 0.640000 1.115385 0.000000 -18.150000 -41.750000
-0.961538 0.640000 1.153846 -4.150000 -31.150000 -59.950001
-0.961538 0.640000 1.153846 -4.150000 -31.150000 -59.950001
-1.000000 0.840000 1.038462 371.350006 352.149994 174.500000
-1.000000 0.920000 1.000000 366.649994 318.799988 116.900002
-1.038462 1.000000 0.961538 366.350006 315.399994 99.349998
-1.038462 1.000000 0.961538 366.350006 315.399994 99.349998
-1.153846 1.120000 0.961538 365.750000 314.700012 77.349998
-1.192308 1.200000 0.961538 0.000000 0.000000 0.000000
-1.269231 1.320000 0.961538 -2.350000 7.950000 -31.750000
-1.269231 1.320000 0.961538 -2.350000 7.950000 -31.750000
-1.384615 1.720000 1.038462 0.000000 0.000000 0.000000
-1.423077 1.800000 1.038462 -23.299999 82.250000 -112.500000
-1.423077 1.800000 1.038462 -23.299999 82.250000 -112.500000
-1.730769 1.960000 0.884615 -21.200001 106.849998 -149.000000
-1.923077 2.400000 0.653846 0.000000 0.000000 0.000000
-1.730769 2.720000 0.615385 76.650002 -83.599998 -84.250000
-1.461538 3.040000 0.730769 101.599998 -137.250000 -105.000000
-1.461538 3.040000 0.730769 101.599998 -137.250000 -105.000000
