-1.653846 0.400000 0.923077 -26.400000 163.800003 181.000000
-1.615385 0.360000 0.923077 -9.150000 129.449997 142.699997
-1.500000 0.320000 0.884615 -7.650000 111.300003 97.900002
-1.500000 0.320000 0.884615 -7.650000 111.300003 97.900002
-1.153846 0.440000 0.615385 0.000000 0.000000 0.000000
-1.230769 0.480000 0.576923 13.000000 14.550000 -71.849998
-1.230769 0.480000 0.576923 13.000000 14.550000 -71.849998
-1.307692 0.680000 0.884615 417.100006 407.549988 239.850006
-1.346154 0.760000 1.000000 435.100006 388.850006 151.850006
-1.346154 0.760000 1.000000 435.100006 388.850006 151.850006
-1.384615 1.120000 1.000000 434.600006 376.950012 120.349998
-1.384615 1.240000 1.038462 444.399994 314.200012 31.850000
-1.423077 1.280000 1.076923 0.000000 0.000000 0.000000
-1.423077 1.280000 1.076923 0.000000 0.000000 0.000000
-1.615385 1.600000 0.807692 0.000000 0.000000 0.000000
-1.615385 1.760000 0.692308 -15.550000 -4.150000 -118.250000
-1.576923 1.920000 0.653846 -12.350000 4.350000 -156.750000
-1.576923 1.920000 0.653846 -12.350000 4.350000 -156.750000
-1.384615 2.440000 0.730769 0.000000 0.000000 0.000000
-1.192308 2.600000 0.692308 -9.100000 24.600000 -72.000000
-1.192308 2.600000 0.692308 -9.100000 24.600000 -72.000000
-0.500000 2.680000 0.538462 0.000000 0.000000 0.000000
-0.423077 2.600000 0.500000 17.299999 -54.099998 72.500000
-0.230769 2.480000 0.269231 6.700000 -101.900002 109.500000
-0.230769 2.480000 0.269231 6.700000 -101.900002 109.500000
