-1.384615 0.440000 1.115385 -111.750000 169.850006 186.350006
-1.461538 0.400000 1.153846 -117.449997 172.399994 149.750000
-1.500000 0.360000 1.153846 -116.000000 172.949997 104.150002
-1.500000 0.360000 1.153846 -116.000000 172.949997 104.150002
-1.230769 0.440000 0.884615 0.000000 0.000000 0.000000
-1.076923 0.520000 0.769231 24.250000 -49.250000 -99.449997
-1.000000 0.600000 0.769231 36.150002 -58.750000 -114.599998
-1.000000 0.600000 0.769231 36.150002 -58.750000 -114.599998
-1.461538 0.560000 1.038462 0.000000 0.000000 0.000000
-1.653846 0.560000 1.000000 -3.500000 14.250000 -86.550003
-1.653846 0.560000 1.000000 -3.500000 14.250000 -86.550003
-2.038461 0.680000 0.923077 372.299988 404.750000 132.500000
-2.192308 0.800000 0.807692 0.000000 0.000000 0.000000
-2.192308 0.800000 0.807692 0.000000 0.000000 0.000000
-2.576923 1.520000 0.807692 0.000000 0.000000 0.000000
-2.692308 1.800000 0.846154 38.950001 -5.450000 -187.250000
-2.807692 2.120000 0.807692 42.400002 -16.549999 -243.000000
-2.807692 2.120000 0.807692 42.400002 -16.549999 -243.000000
-2.038461 3.120000 0.307692 452.950012 393.850006 1205.750000
-1.653846 3.240000 0.230769 500.299988 334.649994 1182.000000
-1.346154 3.240000 0.307692 518.549988 320.200012 1225.250000
-1.346154 3.240000 0.307692 518.549988 320.200012 1225.250000
