-1.230769 0.240000 0.961538 -160.550003 110.150002 222.750000
-1.192308 0.240000 0.961538 -157.250000 90.000000 191.000000
-1.192308 0.240000 0.961538 -157.250000 90.000000 191.000000
-1.038462 0.360000 0.846154 0.000000 0.000000 0.000000
-1.038462 0.440000 0.769231 -8.000000 2.000000 -93.949997
-1.038462 0.440000 0.769231 -8.000000 2.000000 -93.949997
-1.115385 0.640000 0.769231 0.000000 0.000000 0.000000
-1.192308 0.680000 0.884615 13.400000 15.950000 -66.050003
-1.192308 0.680000 0.884615 13.400000 15.950000 -66.050003
-1.461538 0.800000 0.923077 399.450012 405.299988 197.000000
-1.423077 0.880000 0.884615 412.950012 399.950012 99.900002
-1.346154 1.000000 0.884615 420.299988 384.600006 73.900002
-1.346154 1.000000 0.884615 420.299988 384.600006 73.900002
-1.423077 1.160000 1.000000 425.450012 389.350006 53.099998
-1.500000 1.200000 1.000000 0.000000 0.000000 0.000000
-1.500000 1.200000 1.000000 0.000000 0.000000 0.000000
-1.846154 1.520000 0.884615 0.000000 0.000000 0.000000
-1.846154 1.760000 0.769231 25.900000 -22.950001 -153.750000
-1.846154 1.760000 0.769231 25.900000 -22.950001 -153.750000
-1.500000 2.640000 0.576923 0.000000 0.000000 0.000000
-1.307692 2.840000 0.576923 37.349998 -37.150002 -91.000000
-1.076923 3.080000 0.615385 43.599998 -52.049999 -102.750000
-1.076923 3.080000 0.615385 43.599998 -52.049999 -102.750000
-0.038462 3.480000 0.769231 512.349976 263.549988 1240.500000
