-0.307692 0.120000 1.038462 19.000000 33.950001 59.450001
-0.423077 0.080000 0.923077 24.049999 25.350000 47.150002
-0.538462 0.080000 0.923077 33.450001 18.700001 34.150002
-0.538462 0.080000 0.923077 33.450001 18.700001 34.150002
-0.769231 0.320000 0.884615 0.000000 0.000000 0.000000
-1.000000 0.360000 1.000000 -12.750000 54.000000 -49.799999
-1.307692 0.400000 1.192308 -13.500000 71.650002 -68.650002
-1.307692 0.400000 1.192308 -13.500000 71.650002 -68.650002
-2.230769 0.520000 1.461538 394.799988 442.799988 234.800003
-2.538461 0.560000 1.423077 376.450012 413.250000 105.949997
-2.538461 0.560000 1.423077 376.450012 413.250000 105.949997
-3.076923 1.040000 1.038462 378.200012 389.850006 45.299999
-3.423077 1.200000 0.961538 0.000000 0.000000 0.000000
-3.423077 1.200000 0.961538 0.000000 0.000000 0.000000
-3.230769 2.920000 -0.115385 0.000000 0.000000 0.000000
-2.846154 3.560000 -0.115385 72.349998 -16.049999 -250.750000
-2.423077 3.960000 -0.038462 85.300003 11.400000 -288.000000
-2.423077 3.960000 -0.038462 85.300003 11.400000 -288.000000
-1.038462 4.360000 0.923077 478.250000 363.299988 1000.000000
-0.538462 4.360000 1.038462 382.649994 389.899994 1094.250000
-0.538462 4.360000 1.038462 382.649994 389.899994 1094.250000
