0.000000 0.000000 0.000000 0.000000 0.000000 0.000000
-0.307692 0.000000 1.076923 0.000000 0.000000 0.000000
-0.576923 0.000000 1.153846 819.150024 819.150024 819.150024
-0.692308 0.080000 1.269231 819.150024 819.150024 819.150024
-0.692308 0.080000 1.269231 819.150024 819.150024 819.150024
-1.076923 0.240000 1.692308 819.150024 819.150024 819.150024
-1.076923 0.240000 1.692308 819.150024 819.150024 819.150024
-1.653846 0.240000 1.653846 15.500000 17.500000 474.350006
-1.653846 0.280000 1.538462 0.000000 0.000000 0.000000
-1.653846 0.280000 1.538462 0.000000 0.000000 0.000000
-1.730769 0.520000 1.346154 0.000000 0.000000 0.000000
-1.653846 0.600000 1.230769 -13.600000 -4.600000 -240.500000
-1.576923 0.720000 1.115385 -12.200000 -3.250000 -236.000000
-1.576923 0.720000 1.115385 -12.200000 -3.250000 -236.000000
-1.076923 1.160000 0.961538 290.450012 370.649994 32.700001
-0.961538 1.240000 0.923077 0.000000 0.000000 0.000000
-0.807692 1.320000 0.807692 -2.850000 7.550000 -13.750000
-0.807692 1.320000 0.807692 -2.850000 7.550000 -13.750000
-0.307692 1.640000 0.692308 0.000000 0.000000 0.000000
-0.153846 1.680000 0.692308 29.500000 28.150000 -12.250000
-0.153846 1.680000 0.692308 29.500000 28.150000 -12.250000
0.500000 1.680000 0.807692 0.000000 0.000000 0.000000
