-1.038462 0.320000 0.769231 8107 7966 8158
-1.038462 0.320000 0.730769 8095 7978 7733
-1.038462 0.320000 0.730769 8095 7978 7733
-0.923077 0.320000 0.769231 8119 7955 7286
-0.923077 0.360000 0.769231 8131 7996 6472
-0.923077 0.360000 0.807692 8208 7869 6272
-0.923077 0.360000 0.807692 8208 7869 6272
-1.000000 0.400000 0.846154 8181 7736 6061
-1.000000 0.440000 0.846154 8234 7103 5204
-1.000000 0.520000 0.846154 8259 6926 4900
-1.000000 0.520000 0.846154 8259 6926 4900
-0.923077 0.600000 0.807692 8288 6824 4613
-0.846154 0.640000 0.769231 8178 6808 3850
-0.846154 0.680000 0.730769 8141 6943 3641
-0.846154 0.680000 0.730769 8141 6943 3641
-0.807692 0.720000 0.692308 8129 7109 3432
-0.807692 0.760000 0.730769 8211 7733 2622
-0.807692 0.760000 0.730769 8245 7927 2266
-0.807692 0.760000 0.730769 8245 7927 2266
-0.653846 1.000000 0.884615 8375 8020 1952
-0.576923 1.040000 0.923077 8659 8321 1365
-0.500000 1.080000 0.923077 8686 8397 1341
-0.500000 1.080000 0.923077 8686 8397 1341
-0.615385 1.040000 1.038462 8739 8494 1381
-0.576923 1.040000 1.076923 9192 7767 1035
-0.576923 1.040000 1.076923 9192 7767 1035
0.038462 0.920000 1.384615 9242 7464 940
