-0.500000 0.280000 1.269231 24.049999 1.550000 118.050003
-0.730769 0.240000 1.269231 15.300000 12.700000 102.699997
-0.730769 0.240000 1.269231 15.300000 12.700000 102.699997
-1.307692 0.320000 1.461538 0.000000 0.000000 0.000000
-1.384615 0.400000 1.384615 -22.500000 -5.700000 -84.750000
-1.384615 0.400000 1.384615 -22.500000 -5.700000 -84.750000
-1.384615 0.680000 1.307692 338.549988 423.649994 223.699997
-1.384615 0.720000 1.307692 332.000000 393.149994 163.399994
-1.384615 0.720000 1.307692 332.000000 393.149994 163.399994
-1.500000 0.880000 1.115385 323.950012 385.399994 144.300003
-1.538462 0.960000 1.076923 308.950012 393.500000 65.599998
-1.538462 1.040000 1.038462 308.850006 395.299988 34.950001
-1.538462 1.040000 1.038462 308.850006 395.299988 34.950001
-1.576923 1.440000 0.961538 0.000000 0.000000 0.000000
-1.653846 1.560000 0.961538 33.000000 -33.750000 -88.500000
-1.653846 1.560000 0.961538 33.000000 -33.750000 -88.500000
-1.884615 1.920000 1.153846 0.000000 0.000000 0.000000
-1.923077 2.040000 1.076923 2.050000 -24.400000 -102.750000
-1.923077 2.040000 1.076923 2.050000 -24.400000 -102.750000
-1.307692 2.720000 0.615385 0.000000 0.000000 0.000000
-0.884615 2.960000 0.500000 -31.400000 -33.500000 -59.250000
