-1.269231 0.360000 1.076923 77.150002 69.550003 193.449997
-1.192308 0.400000 1.115385 66.500000 92.800003 168.800003
-1.192308 0.400000 1.115385 66.500000 92.800003 168.800003
-1.307692 0.440000 1.269231 0.000000 0.000000 0.000000
-1.346154 0.440000 1.192308 -24.049999 -20.400000 -62.049999
-1.346154 0.440000 1.192308 -24.049999 -20.400000 -62.049999
-1.230769 0.520000 0.961538 0.000000 0.000000 0.000000
-1.192308 0.520000 0.923077 12.150000 -30.900000 -67.750000
-1.192308 0.520000 0.923077 12.150000 -30.900000 -67.750000
-1.153846 0.600000 1.076923 374.750000 350.649994 228.699997
-1.192308 0.640000 1.115385 365.350006 381.450012 168.949997
-1.192308 0.640000 1.115385 365.350006 381.450012 168.949997
-1.115385 0.800000 1.076923 359.100006 386.899994 147.449997
-1.076923 0.920000 1.000000 350.700012 379.450012 85.400002
-1.076923 0.920000 1.000000 350.700012 379.450012 85.400002
-1.000000 1.160000 0.961538 354.399994 370.250000 68.300003
-1.000000 1.200000 0.961538 0.000000 0.000000 0.000000
-1.000000 1.200000 0.961538 0.000000 0.000000 0.000000
-1.346154 1.280000 0.961538 0.000000 0.000000 0.000000
-1.384615 1.360000 0.884615 -5.700000 7.100000 -99.250000
-1.384615 1.360000 0.884615 -5.700000 7.100000 -99.250000
-1.615385 1.600000 0.461538 0.000000 0.000000 0.000000
-1.730769 1.720000 0.346154 47.799999 -32.099998 -122.250000
-1.730769 1.720000 0.346154 47.799999 -32.099998 -122.250000
