-1.615385 0.600000 1.576923 -50.099998 143.649994 393.299988
-1.884615 0.480000 1.576923 -73.000000 129.750000 360.200012
-1.884615 0.480000 1.576923 -73.000000 129.750000 360.200012
-2.461539 0.320000 0.846154 0.000000 0.000000 0.000000
-2.538461 0.360000 0.923077 26.850000 -6.550000 -181.449997
-2.538461 0.360000 0.923077 26.850000 -6.550000 -181.449997
-2.807692 0.680000 1.269231 0.000000 0.000000 0.000000
-2.769231 0.880000 1.269231 10.350000 -26.299999 -179.149994
-2.769231 0.880000 1.269231 10.350000 -26.299999 -179.149994
-2.653846 1.320000 1.269231 398.799988 386.000000 103.050003
-2.807692 1.400000 1.346154 0.000000 0.000000 0.000000
-2.807692 1.400000 1.346154 0.000000 0.000000 0.000000
-2.500000 2.080000 0.884615 0.000000 0.000000 0.000000
-2.269231 2.240000 0.692308 -16.150000 -2.850000 -135.000000
-2.269231 2.240000 0.692308 -16.150000 -2.850000 -135.000000
-2.038461 2.560000 0.269231 0.000000 0.000000 0.000000
-1.769231 2.800000 0.153846 79.849998 -45.650002 -67.250000
-1.769231 2.800000 0.153846 79.849998 -45.650002 -67.250000
