-1.192308 0.400000 1.038462 -91.099998 77.550003 270.500000
-1.192308 0.440000 1.153846 -88.550003 72.750000 246.899994
-1.192308 0.440000 1.153846 -88.550003 72.750000 246.899994
-1.346154 0.280000 1.076923 -96.199997 71.449997 223.800003
-1.423077 0.280000 0.961538 0.000000 0.000000 0.000000
-1.346154 0.320000 0.961538 10.000000 -7.300000 -82.150002
-1.269231 0.400000 1.000000 15.200000 -12.650000 -112.650002
-1.269231 0.400000 1.000000 15.200000 -12.650000 -112.650002
-1.038462 0.520000 1.076923 0.000000 0.000000 0.000000
-0.961538 0.520000 1.038462 -7.750000 -14.850000 -49.250000
-0.961538 0.520000 1.038462 -7.750000 -14.850000 -49.250000
-0.846154 0.560000 0.961538 372.700012 351.350006 217.449997
-0.884615 0.520000 0.961538 367.899994 349.500000 187.250000
-0.884615 0.520000 0.961538 367.899994 349.500000 187.250000
-0.769231 0.640000 0.807692 367.700012 349.500000 173.449997
-0.730769 0.680000 0.807692 378.799988 361.250000 132.500000
-0.769231 0.680000 0.846154 385.100006 370.100006 124.150002
-0.769231 0.680000 0.846154 385.100006 370.100006 124.150002
-0.884615 0.800000 1.038462 390.200012 373.799988 113.250000
-0.923077 0.840000 1.076923 395.600006 373.049988 73.949997
-0.884615 0.920000 1.115385 388.700012 373.500000 54.799999
-0.884615 0.920000 1.115385 388.700012 373.500000 54.799999
-0.884615 1.080000 1.038462 380.750000 378.799988 39.250000
-0.846154 1.120000 1.038462 0.000000 0.000000 0.000000
-0.961538 1.080000 1.000000 0.850000 0.000000 -11.000000
-0.961538 1.080000 1.000000 0.850000 0.000000 -11.000000
-1.269231 1.120000 0.653846 0.000000 0.000000 0.000000
-1.269231 1.280000 0.500000 41.650002 -56.099998 -105.500000
-1.269231 1.520000 0.384615 60.250000 -70.750000 -140.750000
-1.269231 1.520000 0.384615 60.250000 -70.750000 -140.750000
