-1.576923 0.400000 0.923077 -74.349998 126.550003 264.000000
-1.692308 0.400000 1.000000 -63.799999 118.800003 224.550003
-1.769231 0.360000 1.000000 -60.700001 106.849998 183.199997
-1.769231 0.360000 1.000000 -60.700001 106.849998 183.199997
-1.653846 0.520000 1.038462 0.000000 0.000000 0.000000
-1.576923 0.640000 1.038462 -5.500000 0.600000 -124.199997
-1.576923 0.720000 1.038462 -9.850000 12.550000 -148.399994
-1.576923 0.720000 1.038462 -9.850000 12.550000 -148.399994
-1.807692 0.840000 1.153846 383.850006 410.250000 243.750000
-1.923077 0.840000 1.115385 373.250000 407.100006 169.500000
-1.961538 0.920000 1.076923 372.700012 394.000000 136.699997
-1.961538 0.920000 1.076923 372.700012 394.000000 136.699997
-1.846154 1.280000 0.846154 372.399994 382.000000 102.750000
-1.769231 1.360000 0.769231 0.000000 0.000000 0.000000
-1.692308 1.520000 0.615385 3.600000 4.850000 -32.000000
-1.692308 1.520000 0.615385 3.600000 4.850000 -32.000000
-1.384615 1.920000 0.538462 0.000000 0.000000 0.000000
-1.269231 2.040000 0.576923 34.099998 32.400002 -72.500000
-1.076923 2.160000 0.576923 47.900002 19.950001 -88.500000
-1.076923 2.160000 0.576923 47.900002 19.950001 -88.500000
-0.538462 2.360000 0.538462 0.000000 0.000000 0.000000
-0.384615 2.400000 0.538462 26.450001 -64.900002 15.250000
