-1.461538 0.600000 1.307692 -65.099998 91.699997 175.250000
-1.615385 0.560000 1.192308 -77.050003 82.500000 147.250000
-1.730769 0.480000 1.115385 -76.050003 65.750000 109.199997
-1.730769 0.480000 1.115385 -76.050003 65.750000 109.199997
-1.615385 0.600000 1.038462 0.000000 0.000000 0.000000
-1.500000 0.720000 1.038462 26.150000 -62.000000 -123.699997
-1.423077 0.800000 1.000000 22.549999 -57.950001 -153.899994
-1.423077 0.800000 1.000000 22.549999 -57.950001 -153.899994
-1.500000 0.880000 0.961538 387.500000 349.500000 204.850006
-1.653846 0.880000 0.961538 372.799988 400.850006 117.150002
-1.730769 0.920000 0.923077 375.799988 418.799988 71.699997
-1.730769 0.920000 0.923077 375.799988 418.799988 71.699997
-1.807692 1.200000 0.807692 0.000000 0.000000 0.000000
-1.846154 1.520000 0.730769 0.000000 0.000000 0.000000
-1.807692 1.720000 0.653846 28.500000 -21.500000 -86.250000
-1.653846 1.960000 0.615385 41.450001 -30.950001 -124.500000
-1.653846 1.960000 0.615385 41.450001 -30.950001 -124.500000
-1.423077 2.480000 0.576923 0.000000 0.000000 0.000000
-1.461538 2.640000 0.538462 19.850000 5.700000 -56.750000
-1.461538 2.640000 0.538462 19.850000 5.700000 -56.750000
