-1.615385 0.760000 1.461538 -103.800003 157.300003 302.600006
-1.961538 0.640000 1.307692 -117.000000 160.800003 261.250000
-1.961538 0.640000 1.307692 -117.000000 160.800003 261.250000
-2.423077 0.480000 1.076923 0.000000 0.000000 0.000000
-2.384615 0.480000 1.038462 30.400000 -108.300003 -164.800003
-2.384615 0.480000 1.038462 30.400000 -108.300003 -164.800003
-2.076923 0.760000 0.769231 0.000000 0.000000 0.000000
-2.076923 0.840000 0.769231 22.299999 -38.549999 -141.199997
-2.076923 0.840000 0.769231 22.299999 -38.549999 -141.199997
-2.153846 1.080000 0.653846 413.350006 342.000000 69.199997
-2.230769 1.120000 0.500000 0.000000 0.000000 0.000000
-2.230769 1.120000 0.500000 0.000000 0.000000 0.000000
-2.346154 1.840000 0.192308 0.000000 0.000000 0.000000
-2.384615 2.160000 0.076923 59.250000 -35.700001 -188.250000
-2.384615 2.600000 0.115385 80.500000 -49.549999 -246.250000
-2.384615 2.600000 0.115385 80.500000 -49.549999 -246.250000
-1.307692 3.480000 0.500000 507.250000 261.299988 1151.500000
