-2.000000 0.720000 1.346154 45.599998 166.550003 420.450012
-2.076923 0.560000 1.153846 33.650002 152.800003 365.549988
-2.076923 0.560000 1.153846 33.650002 152.800003 365.549988
-2.384615 0.440000 1.076923 0.000000 0.000000 0.000000
-2.346154 0.400000 1.038462 19.850000 -53.099998 -163.899994
-2.346154 0.400000 1.038462 19.850000 -53.099998 -163.899994
-2.269231 0.560000 1.000000 0.000000 0.000000 0.000000
-2.230769 0.600000 0.923077 14.800000 -54.299999 -139.149994
-2.230769 0.600000 0.923077 14.800000 -54.299999 -139.149994
-2.000000 0.800000 0.692308 402.649994 340.399994 180.199997
-2.038461 0.800000 0.615385 421.049988 303.950012 66.400002
-2.038461 0.800000 0.615385 421.049988 303.950012 66.400002
-2.192308 1.160000 0.500000 0.000000 0.000000 0.000000
-2.192308 1.360000 0.423077 14.000000 -4.650000 -157.750000
-2.076923 1.600000 0.384615 25.600000 -10.800000 -204.250000
-2.076923 1.600000 0.384615 25.600000 -10.800000 -204.250000
-1.653846 2.120000 0.461538 0.000000 0.000000 0.000000
-1.615385 2.200000 0.538462 10.900000 14.050000 -37.250000
-1.538462 2.320000 0.538462 17.350000 1.550000 -42.750000
-1.538462 2.320000 0.538462 17.350000 1.550000 -42.750000
-1.153846 2.560000 0.461538 16.600000 -16.400000 -47.250000
