-1.846154 0.640000 0.653846 -90.750000 231.600006 388.049988
-1.923077 0.640000 0.769231 -62.200001 207.300003 346.450012
-2.153846 0.480000 0.923077 -54.200001 193.500000 305.250000
-2.153846 0.480000 0.923077 -54.200001 193.500000 305.250000
-2.384615 0.320000 0.923077 0.000000 0.000000 0.000000
-2.346154 0.360000 0.884615 3.700000 -31.100000 -200.199997
-2.269231 0.440000 0.884615 13.100000 -40.599998 -259.049988
-2.269231 0.440000 0.884615 13.100000 -40.599998 -259.049988
-2.000000 0.680000 0.846154 400.950012 392.250000 241.750000
-2.153846 0.680000 0.884615 399.549988 373.500000 124.250000
-2.307692 0.680000 0.846154 404.299988 357.350006 77.750000
-2.307692 0.680000 0.846154 404.299988 357.350006 77.750000
-2.615385 1.040000 0.500000 0.000000 0.000000 0.000000
-2.692308 1.360000 0.346154 44.700001 -33.900002 -218.500000
-2.615385 1.760000 0.230769 63.650002 -44.650002 -298.500000
-2.615385 1.760000 0.230769 63.650002 -44.650002 -298.500000
-1.807692 2.720000 0.500000 0.000000 0.000000 0.000000
-1.538462 2.920000 0.615385 -13.750000 30.600000 -60.250000
-1.269231 3.080000 0.692308 -30.049999 29.600000 -50.250000
