-0.384615 0.000000 0.923077 7871 6998 7827
-0.423077 0.000000 0.846154 7985 6855 7619
-0.423077 0.000000 0.846154 7985 6855 7619
-0.500000 0.000000 0.923077 7968 6915 7341
-0.538462 0.040000 0.923077 8089 7034 6432
-0.538462 0.040000 0.923077 8089 7034 6432
-0.576923 0.160000 0.961538 8052 7133 6151
-0.576923 0.160000 0.961538 7946 7722 5399
-0.576923 0.160000 0.961538 7946 7722 5399
-0.615385 0.200000 1.038462 7935 7895 5194
-0.576923 0.240000 1.038462 7890 7764 4570
-0.538462 0.240000 1.038462 7929 7528 4449
-0.538462 0.240000 1.038462 7929 7528 4449
-0.423077 0.320000 0.923077 7994 7289 4358
-0.346154 0.360000 0.923077 8256 6832 4137
-0.346154 0.360000 0.923077 8256 6832 4137
-0.192308 0.440000 1.000000 8239 6896 4084
-0.153846 0.440000 1.000000 7944 7625 4056
-0.153846 0.440000 1.000000 7944 7625 4056
-0.230769 0.400000 1.000000 7857 7830 4031
-0.269231 0.400000 0.961538 7829 8020 3878
-0.230769 0.400000 0.961538 7929 7907 3717
-0.230769 0.400000 0.961538 7929 7907 3717
-0.115385 0.480000 1.000000 8049 7815 3635
-0.076923 0.520000 1.038462 8068 7905 3639
-0.038462 0.520000 1.076923 7947 8082 3673
-0.038462 0.520000 1.076923 7947 8082 3673
-0.076923 0.480000 1.000000 7781 8264 3711
-0.115385 0.440000 1.000000 7662 8335 3901
-0.115385 0.440000 1.000000 7662 8335 3901
-0.153846 0.400000 0.961538 7760 8073 3953
-0.115385 0.400000 0.961538 8073 7469 3884
-0.115385 0.400000 0.961538 8073 7469 3884
-0.076923 0.400000 0.961538 8099 7437 3790
-0.076923 0.400000 0.961538 7924 7869 3533
-0.076923 0.400000 0.961538 7924 7869 3533
-0.384615 0.280000 0.884615 7921 8067 3417
-0.384615 0.320000 0.884615 8397 7937 2396
-0.307692 0.440000 0.961538 8578 7652 2052
-0.307692 0.440000 0.961538 8578 7652 2052
-0.230769 0.560000 0.961538 8623 7511 1773
-0.269231 0.560000 0.923077 8509 7329 1532
-0.269231 0.600000 0.923077 8621 6779 1359
-0.269231 0.600000 0.923077 8621 6779 1359
0.038462 0.800000 0.923077 8650 6657 1058
0.115385 0.840000 0.923077 8233 5596 1417
0.115385 0.840000 0.923077 8233 5596 1417
