-0.423077 -0.080000 0.961538 7753 7689 7810
-0.423077 0.000000 1.076923 7763 7607 7543
-0.423077 0.000000 1.076923 7763 7607 7543
-0.461538 0.120000 0.884615 7598 7506 7322
-0.576923 0.080000 0.923077 7856 7758 6982
-0.576923 0.080000 0.923077 7856 7758 6982
-1.000000 0.040000 1.038462 7866 8019 6792
-1.076923 0.080000 1.038462 7913 8236 5489
-1.076923 0.080000 1.038462 7913 8236 5489
-1.153846 0.160000 0.961538 7891 8254 5015
-1.153846 0.200000 0.923077 8030 7789 3803
-1.153846 0.240000 0.884615 8250 7398 3478
-1.153846 0.240000 0.884615 8250 7398 3478
-1.115385 0.440000 0.807692 8454 7062 3176
-1.115385 0.520000 0.769231 8781 6525 2139
-1.115385 0.600000 0.769231 8786 6625 1749
-1.115385 0.600000 0.769231 8786 6625 1749
-0.923077 0.840000 0.653846 8745 6777 1312
-0.807692 0.960000 0.692308 8679 7722 6420
-0.807692 0.960000 0.692308 8679 7722 6420
-0.769231 1.000000 0.692308 8653 8145 6377
-0.769231 1.040000 0.692308 8901 8692 6297
-0.538462 1.360000 0.884615 9434 8766 6182
-0.461538 1.400000 1.000000 9515 8900 6153
-0.461538 1.400000 1.000000 9515 8900 6153
-0.269231 1.360000 1.307692 9347 9054 6186
-0.307692 1.280000 1.346154 8459 9495 6453
-0.307692 1.200000 1.307692 8242 9075 751
-0.307692 1.200000 1.307692 8242 9075 751
-0.269231 0.960000 1.038462 8054 8238 1140
-0.230769 0.920000 0.961538 8896 7454 2432
-0.230769 0.920000 0.961538 8896 7454 2432
-0.153846 0.920000 1.038462 9032 7263 2646
-0.076923 0.880000 1.076923 8897 7056 3073
0.000000 0.880000 1.076923 8741 7012 3221
0.000000 0.880000 1.076923 8741 7012 3221
0.192308 0.880000 1.038462 8584 7118 3381
0.230769 0.840000 1.000000 8316 7126 4234
0.307692 0.800000 0.961538 8345 6981 4490
0.307692 0.800000 0.961538 8345 6981 4490
