-1.269231 0.400000 1.000000 -127.050003 22.049999 262.250000
-1.538462 0.320000 0.923077 -128.500000 33.950001 240.699997
-1.538462 0.320000 0.923077 -128.500000 33.950001 240.699997
-2.153846 0.080000 1.115385 0.000000 0.000000 0.000000
-2.346154 0.080000 1.076923 -7.300000 12.100000 -149.199997
-2.461539 0.120000 1.038462 -9.300000 12.200000 -212.250000
-2.461539 0.120000 1.038462 -9.300000 12.200000 -212.250000
-2.346154 0.520000 0.846154 357.399994 456.799988 233.350006
-2.307692 0.600000 0.884615 389.750000 442.649994 92.199997
-2.230769 0.720000 0.884615 397.700012 432.350006 52.549999
-2.230769 0.720000 0.884615 397.700012 432.350006 52.549999
-1.961538 1.160000 0.769231 0.000000 0.000000 0.000000
-1.884615 1.280000 0.730769 19.600000 -8.800000 -100.750000
-1.884615 1.280000 0.730769 19.600000 -8.800000 -100.750000
-1.423077 1.960000 0.692308 0.000000 0.000000 0.000000
-1.153846 2.160000 0.730769 41.549999 16.500000 -89.500000
-1.153846 2.160000 0.730769 41.549999 16.500000 -89.500000
-0.153846 2.520000 1.115385 0.000000 0.000000 0.000000
0.153846 2.480000 1.230769 2.600000 14.450000 75.250000
