-2.076923 0.160000 0.769231 -41.200001 40.599998 271.100006
-2.192308 0.120000 0.730769 -16.250000 15.550000 219.350006
-2.230769 0.120000 0.769231 12.700000 -3.550000 157.850006
-2.230769 0.120000 0.769231 12.700000 -3.550000 157.850006
-1.730769 0.400000 1.038462 0.000000 0.000000 0.000000
-1.615385 0.520000 1.000000 -6.500000 -5.050000 -121.900002
-1.615385 0.520000 1.000000 -6.500000 -5.050000 -121.900002
-1.730769 0.640000 0.923077 399.200012 394.250000 217.000000
-1.807692 0.680000 0.923077 407.600006 395.250000 127.449997
-1.769231 0.800000 0.923077 413.200012 382.600006 83.550003
-1.769231 0.800000 0.923077 413.200012 382.600006 83.550003
-1.423077 1.200000 0.846154 415.950012 374.649994 40.400002
-1.307692 1.320000 0.884615 0.000000 0.000000 0.000000
-1.192308 1.440000 0.884615 -0.950000 0.700000 -23.750000
-1.192308 1.440000 0.884615 -0.950000 0.700000 -23.750000
-0.846154 1.640000 0.961538 0.000000 0.000000 0.000000
-0.730769 1.680000 0.884615 -6.000000 2.400000 -25.750000
-0.576923 1.720000 0.884615 -8.350000 3.600000 -29.500000
-0.500000 1.760000 0.884615 -7.800000 3.400000 -25.250000
-0.500000 1.760000 0.884615 -7.800000 3.400000 -25.250000
-0.115385 1.800000 1.000000 0.000000 0.000000 0.000000
0.000000 1.800000 1.038462 -6.950000 -8.650000 31.000000
0.153846 1.880000 1.192308 -12.200000 -18.200001 43.250000
