0.000000 0.000000 0.000000 0.000000 0.000000 0.000000
-0.423077 0.040000 1.038462 0.000000 0.000000 0.000000
-0.461538 0.120000 1.038462 819.150024 819.150024 819.150024
-0.538462 0.200000 1.038462 819.150024 819.150024 819.150024
-0.538462 0.200000 1.038462 819.150024 819.150024 819.150024
-0.846154 0.400000 1.230769 819.150024 819.150024 819.150024
-0.846154 0.400000 1.230769 819.150024 819.150024 819.150024
-1.076923 0.480000 1.384615 15.750000 17.500000 472.299988
-1.115385 0.560000 1.384615 0.000000 0.000000 0.000000
-1.076923 0.640000 1.307692 -8.150000 -22.850000 -77.650002
-1.000000 0.760000 1.269231 -15.800000 -26.150000 -119.199997
-1.000000 0.760000 1.269231 -15.800000 -26.150000 -119.199997
-0.884615 0.920000 1.076923 364.899994 366.049988 169.399994
-0.884615 0.920000 1.000000 351.350006 398.600006 62.599998
-0.884615 0.920000 1.000000 351.350006 398.600006 62.599998
-0.961538 1.040000 0.923077 349.350006 428.600006 33.400002
-0.961538 1.120000 0.884615 0.000000 0.000000 0.000000
-0.923077 1.280000 0.884615 15.350000 -7.150000 -22.250000
-0.923077 1.280000 0.884615 15.350000 -7.150000 -22.250000
-0.730769 1.520000 0.846154 0.000000 0.000000 0.000000
-0.615385 1.560000 0.846154 33.049999 -59.950001 -37.750000
-0.500000 1.680000 0.807692 38.599998 -86.650002 -41.750000
-0.500000 1.680000 0.807692 38.599998 -86.650002 -41.750000
-0.153846 1.920000 0.846154 0.000000 0.000000 0.000000
0.000000 1.960000 0.846154 -27.850000 -39.099998 26.750000
