-1.115385 0.440000 1.346154 23.500000 25.250000 130.649994
-1.115385 0.480000 1.307692 27.299999 14.600000 96.900002
-1.115385 0.480000 1.307692 27.299999 14.600000 96.900002
-0.846154 0.600000 1.038462 0.000000 0.000000 0.000000
-0.807692 0.600000 1.038462 -38.250000 40.549999 -61.500000
-0.884615 0.600000 1.115385 -37.950001 48.500000 -76.199997
-0.884615 0.600000 1.115385 -37.950001 48.500000 -76.199997
-1.115385 0.720000 1.269231 341.799988 410.000000 233.100006
-1.153846 0.760000 1.269231 339.200012 387.000000 158.050003
-1.153846 0.760000 1.269231 339.200012 387.000000 158.050003
-1.153846 0.960000 1.115385 331.850006 390.450012 132.699997
-1.153846 1.000000 1.115385 332.000000 391.500000 62.349998
-1.115385 1.080000 1.076923 332.649994 394.600006 38.150002
-1.115385 1.080000 1.076923 332.649994 394.600006 38.150002
-1.115385 1.280000 0.961538 0.000000 0.000000 0.000000
-1.115385 1.360000 0.923077 5.450000 13.450000 -93.500000
-1.115385 1.360000 0.923077 5.450000 13.450000 -93.500000
-1.038462 1.720000 0.692308 0.000000 0.000000 0.000000
-1.000000 1.880000 0.615385 28.400000 10.150000 -85.750000
-1.000000 1.880000 0.615385 28.400000 10.150000 -85.750000
-0.653846 2.360000 0.538462 0.000000 0.000000 0.000000
-0.384615 2.440000 0.576923 57.650002 -60.650002 -28.000000
-0.115385 2.560000 0.653846 71.349998 -93.300003 -12.500000
