-1.000000 0.360000 1.423077 -80.400002 71.099998 93.449997
-0.961538 0.360000 1.346154 -91.550003 57.500000 66.699997
-0.846154 0.360000 1.192308 -88.250000 39.750000 42.349998
-0.846154 0.360000 1.192308 -88.250000 39.750000 42.349998
-0.730769 0.480000 1.000000 0.000000 0.000000 0.000000
-0.769231 0.520000 1.038462 -15.350000 25.350000 -51.750000
-0.769231 0.520000 1.038462 -15.350000 25.350000 -51.750000
-1.000000 0.600000 1.269231 347.000000 375.250000 228.649994
-1.076923 0.640000 1.346154 337.649994 416.649994 164.399994
-1.076923 0.640000 1.346154 337.649994 416.649994 164.399994
-1.192308 0.880000 1.307692 332.200012 422.799988 135.800003
-1.153846 1.000000 1.269231 320.000000 423.850006 56.799999
-1.153846 1.000000 1.269231 320.000000 423.850006 56.799999
-1.269231 1.160000 1.192308 315.750000 428.600006 33.250000
-1.384615 1.200000 1.192308 0.000000 0.000000 0.000000
-1.500000 1.320000 1.192308 1.450000 11.650000 -38.500000
-1.500000 1.320000 1.192308 1.450000 11.650000 -38.500000
-1.692308 1.760000 0.923077 0.000000 0.000000 0.000000
-1.538462 2.040000 0.807692 50.349998 -14.500000 -127.750000
-1.384615 2.320000 0.692308 72.199997 -25.799999 -152.000000
-1.384615 2.320000 0.692308 72.199997 -25.799999 -152.000000
-0.653846 2.720000 0.692308 0.000000 0.000000 0.000000
-0.346154 2.800000 0.769231 49.450001 -63.349998 20.500000
-0.346154 2.800000 0.769231 49.450001 -63.349998 20.500000
