0.385801 0.170363 0.175347 0.356532 0.000000 0.000000 0.000000 
0.087796 0.045226 0.352196 0.718415 0.000000 0.000000 0.000000 
0.087796 0.045226 0.352196 0.718415 0.000000 0.000000 0.000000 
0.200076 -0.052160 0.765622 -0.059537 819.150024 819.150024 819.150024 
-0.016540 -0.034680 0.870748 -0.102403 1638.300049 1638.300049 1638.300049 
-0.016540 -0.034680 0.870748 -0.102403 2457.450073 2457.450073 2457.450073 
-0.028571 0.009528 0.922971 -0.000521 3276.600098 3276.600098 3276.600098 
-0.006486 0.002284 0.925045 0.002813 4095.750122 4095.750122 4095.750122 
-0.006486 0.002284 0.925045 0.002813 4914.900146 4914.900146 4914.900146 
0.222107 0.021443 0.747462 0.182059 4930.400146 4932.400146 5378.550140 
0.494435 -0.680649 0.780763 0.724673 4930.400146 4932.400146 5378.550140 
0.320025 -0.221719 0.906344 0.113772 4929.100147 4942.550146 5351.400141 
0.320025 -0.221719 0.906344 0.113772 4927.800147 4952.700146 5324.250141 
0.683363 -0.558051 0.049155 0.546070 4927.800147 4952.700146 5324.250141 
0.945354 -0.263242 0.540950 0.028091 4951.150147 4990.900146 5206.250141 
0.817730 -0.170253 0.603215 -0.028191 4986.600148 5041.900146 5068.500141 
0.817730 -0.170253 0.603215 -0.028191 5022.050148 5092.900146 4930.750141 
-0.011979 0.027707 0.966838 0.007918 5438.700142 5582.850159 5143.400135 
-0.011979 -0.008210 0.964720 0.020776 5921.400155 6085.900146 5362.450138 
-0.027507 -0.026273 0.966796 0.034258 6430.100167 6593.000153 5588.000141 
-0.027507 -0.026273 0.966796 0.034258 6938.800179 7100.100159 5813.550144 
-0.019392 -0.014283 0.968624 0.029811 7471.500191 7615.050171 6051.700138 
-0.169557 0.857403 -0.307120 -0.184117 7471.500191 7615.050171 6051.700138 
0.739802 0.807795 0.581850 -0.301202 7488.250191 7626.450171 6093.800137 
0.739802 0.807795 0.581850 -0.301202 7505.000191 7637.850170 6135.900135 
-0.089034 0.974508 -0.101029 0.039409 7505.000191 7637.850170 6135.900135 
-0.252058 0.959881 0.152170 0.134062 7507.350191 7602.100170 6227.850132 
-0.252058 0.959881 0.152170 0.134062 7509.700191 7566.350170 6319.800129 
-0.196769 0.893328 -0.292123 0.549247 7509.700191 7566.350170 6319.800129 
0.423299 0.967328 -0.574696 -0.126232 7457.300189 7552.400170 6398.100132 
0.130943 0.925760 -0.528275 -0.262593 7376.000186 7523.750171 6500.550129 
0.130943 0.925760 -0.528275 -0.262593 7294.700183 7495.100171 6603.000126 
-0.010996 0.038945 0.023976 0.942773 7294.700183 7495.100171 6603.000126 
0.359324 0.728302 -0.252919 0.459618 7199.350185 7483.250171 6647.100124 
0.359324 0.728302 -0.252919 0.459618 7104.000186 7471.400170 6691.200123 
0.014068 0.026516 -0.026849 0.971613 7104.000186 7471.400170 6691.200123 
0.963141 -0.137935 0.206051 0.071082 7061.350185 7416.100171 6724.850124 
0.963141 -0.137935 0.206051 0.071082 7018.700183 7360.800172 6758.500126 
-0.004630 -0.022383 0.049798 0.834452 7018.700183 7360.800172 6758.500126 
0.099108 -0.547522 0.539229 0.223126 6978.700183 7361.350172 6729.300125 
0.300343 -0.579358 0.565357 0.109922 6930.800182 7361.350172 6689.950127 
0.300343 -0.579358 0.565357 0.109922 6882.900180 7361.350172 6650.600128 
0.042537 0.291046 0.675863 0.308632 6882.900180 7361.350172 6650.600128 
-0.135524 -0.104476 0.363456 0.641849 6839.800182 7381.900171 6613.500130 
0.426269 -0.709387 0.521964 0.500182 6785.150180 7408.950170 6556.400131 
0.426269 -0.709387 0.521964 0.500182 6730.500179 7436.000170 6499.300133 
0.342016 -0.120261 -0.032340 0.505823 6921.200176 7855.550157 7094.450157 
0.016207 0.017149 -0.064517 0.955836 7103.850170 8257.850145 7583.550163 
0.016207 0.017149 -0.064517 0.955836 7286.500164 8660.150133 8072.650169 
0.015372 0.002003 -0.030693 0.950819 7473.050167 9054.900133 8530.650169 
-0.012840 -0.009585 -0.016219 0.951820 7678.300167 9446.700121 8917.400169 
-0.108902 0.045776 -0.053238 0.960513 7894.100170 9834.600115 9281.900169 
-0.108902 0.045776 -0.053238 0.960513 8109.900173 10222.500109 9646.400169 
-0.378139 0.027694 -0.028162 0.954469 8338.200176 10607.300096 9983.900169 
0.440550 -0.554608 0.092521 0.749809 8338.200176 10607.300096 9983.900169 
0.440550 -0.554608 0.092521 0.749809 8338.200176 10607.300096 9983.900169 
0.093019 -0.041728 -0.181611 0.622995 8338.200176 10607.300096 9983.900169 
0.871546 0.078564 0.378013 -0.087656 8402.350177 10611.500096 9951.750168 
0.895205 0.367325 0.297140 -0.121928 8477.300174 10621.400096 9920.550167 
