-0.676707 0.383029 0.946919 0.060735 
-0.676707 0.383029 0.946919 0.060735 
-0.676707 0.383029 0.946919 0.060735 
-0.676707 0.383029 0.946919 0.060735 
-0.135450 0.065329 0.948058 0.019151 
-0.135450 0.065329 0.948058 0.019151 
-0.001337 -0.001035 0.948279 0.010967 
-0.002128 0.015258 0.977407 -0.003424 
-0.002128 0.015258 0.977407 -0.003424 
-0.002090 0.015239 0.977403 -0.003346 
-0.002128 0.015258 0.977407 -0.003424 
-0.002128 0.015258 0.977407 -0.003424 
-0.002128 0.015258 0.977407 -0.003424 
-0.002128 0.015258 0.977407 -0.003424 
-0.002128 0.015258 0.977407 -0.003424 
-0.002128 0.015258 0.977407 -0.003424 
-0.002128 0.015258 0.977407 -0.003424 
-0.002128 0.015258 0.977407 -0.003424 
0.365101 0.073900 0.969779 0.534144 
0.365101 0.073900 0.969779 0.534144 
0.885380 0.048941 0.005195 -0.018299 
0.885381 0.048941 0.005193 -0.018300 
0.885381 0.048941 0.005193 -0.018300 
0.885381 0.048941 0.005193 -0.018300 
0.945148 0.123418 0.272294 0.512899 
0.945148 0.123418 0.272294 0.512899 
0.945148 0.123418 0.272294 0.512899 
0.945148 0.123418 0.272294 0.512899 
0.945148 0.123418 0.272294 0.512899 
0.885381 0.048941 0.005193 -0.018300 
0.885381 0.048941 0.005193 -0.018300 
0.799421 0.375537 0.006882 -0.016586 
0.268576 0.663754 -0.006443 0.033243 
0.268576 0.663754 -0.006443 0.033243 
0.268576 0.663754 -0.006443 0.033243 
0.268576 0.663754 -0.006443 0.033243 
0.268576 0.663754 -0.006443 0.033243 
0.268576 0.663755 -0.006443 0.033243 
0.268576 0.663755 -0.006443 0.033243 
0.268576 0.663754 -0.006443 0.033243 
-0.273111 0.951741 -0.017863 -0.033281 
-0.273111 0.951741 -0.017863 -0.033281 
-0.273111 0.951741 -0.017863 -0.033281 
-0.956212 0.695106 0.832674 -0.057579 
-0.668763 0.180856 -0.754424 0.964502 
-0.795617 0.029258 -0.844522 0.972488 
-0.795617 0.029258 -0.844522 0.972488 
-0.654668 -0.306436 -0.845006 0.972395 
-0.885005 -0.155574 -0.906219 0.993059 
-0.885005 -0.155574 -0.906219 0.993059 
-0.885005 -0.155574 -0.906219 0.993059 
-0.930012 -0.054488 -0.951551 0.997046 
-0.930012 -0.054488 -0.951551 0.997046 
-0.885005 -0.155574 -0.906219 0.993059 
-0.358268 -0.439593 -0.227688 0.981227 
0.028359 -0.439669 -0.219107 0.966622 
0.028359 -0.439669 -0.219107 0.966622 
0.259331 -0.432957 -0.172726 0.961768 
-0.002128 0.015258 0.977407 -0.003424 
