-0.067754 0.963848 0.128516 -0.150445 
-0.067754 0.963848 0.128516 -0.150445 
-0.799818 0.952418 0.894104 -0.015770 
-0.799818 0.952418 0.894104 -0.015770 
-0.115169 0.209189 0.879576 0.018726 
0.007701 -0.009105 0.900721 0.018194 
0.007701 -0.009105 0.900721 0.018194 
0.726329 -0.168543 0.867271 0.126400 
0.726329 -0.168543 0.867271 0.126400 
0.726329 -0.168543 0.867271 0.126400 
0.726329 -0.168543 0.867271 0.126400 
0.709289 -0.154734 0.899697 0.087161 
0.709289 -0.154734 0.899697 0.087161 
0.709289 -0.154734 0.899697 0.087161 
0.726329 -0.168543 0.867271 0.126400 
0.726329 -0.168543 0.867271 0.126400 
0.726329 -0.168543 0.867271 0.126400 
0.876265 0.954245 -0.170638 0.167008 
0.876265 0.954245 -0.170638 0.167008 
0.876265 0.954245 -0.170638 0.167008 
0.778453 0.982959 -0.063028 0.004826 
0.758621 0.984654 0.085535 -0.001047 
0.079579 0.988856 0.235318 -0.109490 
0.079579 0.988856 0.235318 -0.109490 
0.758612 0.984655 0.085519 -0.001046 
0.688634 0.950449 -0.024831 -0.042686 
0.688634 0.950449 -0.024831 -0.042686 
0.245070 0.904484 0.020016 0.012165 
0.245070 0.904484 0.020016 0.012165 
-0.049155 0.273622 0.880110 -0.002300 
-0.049155 0.273622 0.880110 -0.002300 
-0.127021 0.201245 0.900165 0.085848 
-0.061702 0.150789 0.339979 0.920275 
-0.061702 0.150789 0.339979 0.920275 
-0.006481 0.100475 0.216077 0.939257 
-0.008908 0.012919 0.014435 0.947138 
-0.006481 0.100475 0.216077 0.939257 
-0.006481 0.100475 0.216077 0.939257 
-0.006481 0.100475 0.216077 0.939257 
-0.009088 0.006409 -0.000756 0.947680 
-0.009088 0.006409 -0.000756 0.947680 
-0.009088 0.006409 -0.000756 0.947680 
-0.009088 0.006409 -0.000756 0.947680 
-0.009088 0.006409 -0.000756 0.947680 
-0.642526 0.340584 0.509008 0.670185 
-0.268399 -0.493163 0.802541 0.329599 
-0.268399 -0.493163 0.802541 0.329599 
-0.168061 -0.713844 0.557571 -0.030055 
-0.202014 -0.706819 0.651538 -0.069648 
0.635918 -0.636713 0.539137 0.914592 
0.635918 -0.636713 0.539137 0.914592 
0.872641 -0.884980 0.471218 0.907883 
0.606355 -0.152722 0.975006 0.127372 
0.606355 -0.152722 0.975006 0.127372 
0.726329 -0.168543 0.867271 0.126400 
0.726329 -0.168543 0.867271 0.126400 
