0.535702 -0.695736 0.862241 0.881728 
0.737855 -0.112196 0.974162 0.139938 
0.745677 -0.115224 0.974012 0.141970 
0.745677 -0.115224 0.974012 0.141970 
0.745677 -0.115224 0.974012 0.141970 
0.745677 -0.115224 0.974012 0.141970 
0.745677 -0.115224 0.974012 0.141970 
0.745677 -0.115224 0.974012 0.141970 
0.709289 -0.154734 0.899697 0.087161 
0.709289 -0.154734 0.899697 0.087161 
0.709289 -0.154734 0.899697 0.087161 
0.709289 -0.154734 0.899697 0.087161 
0.726329 -0.168543 0.867271 0.126400 
0.726329 -0.168543 0.867271 0.126400 
0.802654 -0.132824 0.854714 0.145759 
0.802654 -0.132824 0.854714 0.145759 
0.842753 0.671353 0.857175 0.328583 
0.894734 0.531393 0.872558 0.287137 
0.894734 0.531393 0.872558 0.287137 
0.874456 0.953729 -0.274572 0.150859 
0.874416 0.953756 -0.274621 0.150896 
0.874416 0.953756 -0.274621 0.150896 
0.876265 0.954245 -0.170638 0.167008 
0.778453 0.982959 -0.063027 0.004825 
0.778453 0.982959 -0.063027 0.004825 
0.255340 0.964150 0.030200 0.039941 
0.349602 0.859194 0.114570 0.011670 
0.349602 0.859194 0.114570 0.011670 
0.005095 -0.103143 0.849884 0.094717 
-0.257015 -0.221083 0.730316 -0.143605 
-0.257015 -0.221083 0.730316 -0.143605 
0.007701 -0.009105 0.900721 0.018194 
-0.009088 0.006409 -0.000756 0.947680 
-0.009088 0.006409 -0.000756 0.947680 
-0.009088 0.006409 -0.000756 0.947680 
-0.064299 0.057478 0.132984 0.931237 
-0.064299 0.057478 0.132984 0.931237 
-0.341158 -0.545854 -0.345704 0.856598 
-0.698981 -0.133673 -0.172500 0.867110 
-0.698981 -0.133673 -0.172500 0.867110 
-0.809410 -0.170970 -0.153277 0.863372 
-0.847427 -0.149260 -0.135941 0.832756 
-0.847427 -0.149260 -0.135941 0.832756 
-0.301936 -0.216579 0.491580 0.839837 
0.743798 -0.965585 0.959189 0.738349 
0.743798 -0.965585 0.959189 0.738349 
0.831246 -0.540402 0.925211 0.597775 
0.745677 -0.115224 0.974012 0.141970 
0.745677 -0.115224 0.974012 0.141970 
0.709289 -0.154734 0.899697 0.087161 
0.709289 -0.154734 0.899697 0.087161 
0.709289 -0.154734 0.899697 0.087161 
0.726329 -0.168543 0.867271 0.126400 
0.764932 -0.151787 0.861507 0.135527 
