-0.313570 0.538432 0.317397 0.916698 
-0.362533 0.573738 0.432755 0.891063 
-0.362533 0.573738 0.432755 0.891063 
0.487984 0.455814 0.299723 0.911436 
0.555113 -0.191771 0.903394 0.072387 
0.555113 -0.191771 0.903394 0.072387 
0.555113 -0.191771 0.903394 0.072387 
0.709289 -0.154734 0.899697 0.087161 
0.709289 -0.154734 0.899697 0.087161 
0.709289 -0.154734 0.899697 0.087161 
0.709289 -0.154734 0.899697 0.087161 
0.726329 -0.168543 0.867271 0.126400 
0.726329 -0.168543 0.867271 0.126400 
0.726329 -0.168543 0.867271 0.126400 
0.726329 -0.168543 0.867271 0.126400 
0.802656 -0.132819 0.854742 0.145774 
0.956706 0.650857 0.106250 0.042639 
0.962246 0.656307 0.017612 0.033440 
0.962246 0.656307 0.017612 0.033440 
0.874416 0.953756 -0.274621 0.150896 
0.876265 0.954245 -0.170638 0.167008 
0.876265 0.954245 -0.170638 0.167008 
0.876265 0.954245 -0.170638 0.167008 
0.418803 0.966636 -0.018255 0.059632 
0.089024 0.979126 0.076776 0.034608 
0.245070 0.904484 0.020016 0.012165 
0.245070 0.904484 0.020016 0.012165 
0.245070 0.904484 0.020016 0.012165 
-0.625444 0.836172 0.745709 0.227280 
-0.064299 0.057478 0.132984 0.931237 
-0.064299 0.057478 0.132984 0.931237 
-0.064299 0.057478 0.132984 0.931237 
-0.009088 0.006409 -0.000756 0.947680 
-0.009088 0.006409 -0.000756 0.947680 
-0.009088 0.006409 -0.000756 0.947680 
-0.341158 -0.545854 -0.345704 0.856598 
-0.341158 -0.545854 -0.345704 0.856598 
-0.341158 -0.545854 -0.345704 0.856598 
-0.341158 -0.545854 -0.345704 0.856598 
-0.341158 -0.545854 -0.345704 0.856598 
-0.341158 -0.545854 -0.345704 0.856598 
-0.098896 -0.925765 0.603845 0.733150 
0.425967 -0.978808 0.785757 0.390949 
0.425967 -0.978808 0.785757 0.390949 
0.683442 -0.946919 0.950171 0.738591 
0.722682 -0.967862 0.993536 0.744990 
0.722682 -0.967862 0.993536 0.744990 
0.568497 -0.195919 0.979275 0.094030 
0.578963 -0.205392 0.872082 0.111743 
0.578963 -0.205392 0.872082 0.111743 
