0.726329 -0.168543 0.867271 0.126400 
0.726329 -0.168543 0.867271 0.126400 
0.709289 -0.154734 0.899697 0.087161 
0.709289 -0.154734 0.899697 0.087161 
0.726329 -0.168543 0.867271 0.126400 
0.709289 -0.154734 0.899697 0.087161 
0.709289 -0.154734 0.899697 0.087161 
0.709289 -0.154734 0.899697 0.087161 
0.726329 -0.168543 0.867271 0.126400 
0.972492 0.006671 -0.039276 0.010996 
0.972492 0.006671 -0.039276 0.010996 
0.962246 0.656307 0.017612 0.033440 
0.876265 0.954245 -0.170638 0.167008 
0.876265 0.954245 -0.170638 0.167008 
0.876265 0.954245 -0.170638 0.167008 
0.418803 0.966636 -0.018255 0.059632 
0.378036 0.969929 0.129862 0.053779 
0.378036 0.969929 0.129862 0.053779 
0.368893 0.851091 0.080227 0.013280 
0.245070 0.904484 0.020016 0.012165 
0.245070 0.904484 0.020016 0.012165 
0.245070 0.904484 0.020016 0.012165 
0.296302 0.894740 -0.114016 0.151864 
-0.009092 0.006413 -0.000745 0.947679 
-0.009092 0.006413 -0.000745 0.947679 
0.501677 -0.775266 0.312861 0.910850 
-0.295569 -0.825644 0.149102 0.779970 
-0.295569 -0.825644 0.149102 0.779970 
-0.713255 0.777448 0.701732 0.437796 
-0.009088 0.006409 -0.000756 0.947680 
-0.009088 0.006409 -0.000756 0.947680 
-0.009088 0.006409 -0.000756 0.947680 
-0.341158 -0.545854 -0.345704 0.856598 
-0.341158 -0.545854 -0.345704 0.856598 
-0.547926 -0.572104 -0.328199 0.852588 
-0.547926 -0.572104 -0.328199 0.852588 
-0.547926 -0.572104 -0.328199 0.852588 
0.696533 -0.943740 0.016519 0.775213 
0.646646 -0.949757 0.911396 0.739474 
0.863728 -0.864147 0.987012 0.884988 
0.863728 -0.864147 0.987012 0.884988 
0.889899 -0.875936 0.835505 0.917169 
0.646443 -0.125068 0.986145 0.125455 
0.646443 -0.125068 0.986145 0.125455 
