0.908759 0.799637 -0.225300 0.145099 
0.908759 0.799637 -0.225300 0.145099 
0.908759 0.799637 -0.225300 0.145099 
0.908726 0.799649 -0.225271 0.145078 
0.878665 0.809005 -0.201070 0.127492 
0.542111 0.850696 -0.075025 0.037229 
0.542111 0.850696 -0.075025 0.037229 
0.542111 0.850696 -0.075025 0.037229 
0.398628 0.840275 -0.026694 0.017504 
0.103625 0.938252 0.082326 -0.145222 
0.103625 0.938252 0.082326 -0.145222 
0.055571 0.944255 0.227026 -0.150953 
-0.067754 0.963848 0.128516 -0.150445 
-0.067754 0.963848 0.128516 -0.150445 
0.245070 0.904484 0.020016 0.012165 
-0.067754 0.963848 0.128516 -0.150445 
-0.067754 0.963848 0.128516 -0.150445 
0.245070 0.904484 0.020016 0.012165 
0.771396 0.236529 -0.798062 0.921046 
0.771396 0.236529 -0.798062 0.921046 
0.771396 0.236529 -0.798062 0.921046 
-0.006481 0.100475 0.216077 0.939257 
-0.006481 0.100475 0.216077 0.939257 
-0.006481 0.100475 0.216077 0.939257 
-0.008818 0.016168 0.022015 0.946865 
-0.008818 0.016168 0.022015 0.946865 
-0.006481 0.100475 0.216077 0.939257 
-0.006481 0.100475 0.216077 0.939257 
-0.006481 0.100475 0.216077 0.939257 
-0.006481 0.100475 0.216077 0.939257 
-0.006497 0.099921 0.214831 0.939310 
-0.006497 0.099921 0.214831 0.939310 
-0.006481 0.100475 0.216077 0.939257 
-0.061701 0.150789 0.339977 0.920276 
-0.061701 0.150789 0.339977 0.920276 
-0.061702 0.150789 0.339979 0.920275 
-0.061702 0.150789 0.339979 0.920275 
-0.061702 0.150789 0.339979 0.920275 
-0.059909 0.148873 0.335082 0.920309 
0.907969 -0.818695 0.236519 0.917096 
0.907969 -0.818695 0.236519 0.917096 
0.771202 -0.275994 0.152095 0.936037 
0.726329 -0.168543 0.867271 0.126400 
0.726329 -0.168543 0.867271 0.126400 
0.726329 -0.168543 0.867271 0.126400 
0.726329 -0.168543 0.867271 0.126400 
0.726329 -0.168543 0.867271 0.126400 
0.799950 -0.119640 0.854113 0.147398 
0.802656 -0.132819 0.854742 0.145774 
