-0.067754 0.963848 0.128516 -0.150445 
-0.067083 0.963768 0.127613 -0.149122 
-0.067083 0.963768 0.127613 -0.149122 
0.488122 0.718499 0.325351 -0.277336 
-0.147641 0.218146 0.909274 -0.012698 
-0.147641 0.218146 0.909274 -0.012698 
-0.115346 0.209374 0.879702 0.018711 
-0.013307 0.098826 0.202380 0.921169 
-0.013307 0.098826 0.202380 0.921169 
0.513466 -0.751997 0.495862 0.889989 
0.568199 -0.734005 0.844964 0.900983 
0.568199 -0.734005 0.844964 0.900983 
0.513651 -0.752192 0.496003 0.889987 
0.922277 -0.876415 0.455713 0.910461 
0.713389 -0.168283 0.897520 0.103679 
0.713389 -0.168283 0.897520 0.103679 
0.729342 -0.178963 0.865090 0.139047 
0.709290 -0.154734 0.899696 0.087162 
0.709290 -0.154734 0.899696 0.087162 
0.726329 -0.168543 0.867271 0.126400 
0.726329 -0.168543 0.867271 0.126400 
0.802656 -0.132819 0.854742 0.145774 
0.802656 -0.132819 0.854742 0.145774 
0.454298 0.743082 0.794514 0.274713 
0.454298 0.743082 0.794514 0.274713 
0.454298 0.743082 0.794514 0.274713 
0.908759 0.799637 -0.225300 0.145099 
0.962246 0.656307 0.017612 0.033440 
0.962246 0.656307 0.017612 0.033440 
0.778453 0.982959 -0.063027 0.004826 
0.778453 0.982959 -0.063027 0.004826 
0.778453 0.982959 -0.063027 0.004826 
0.929861 0.858451 0.126151 -0.129576 
0.929861 0.858451 0.126151 -0.129576 
0.929861 0.858451 0.126151 -0.129576 
0.929861 0.858451 0.126151 -0.129576 
0.623226 0.945862 -0.489465 -0.302220 
0.127523 0.987623 0.090706 -0.103685 
0.127523 0.987623 0.090706 -0.103685 
0.127522 0.987623 0.090708 -0.103685 
0.079579 0.988856 0.235318 -0.109490 
0.079579 0.988856 0.235318 -0.109490 
0.079579 0.988856 0.235318 -0.109490 
0.236108 0.948095 0.180889 -0.131619 
0.236108 0.948095 0.180889 -0.131619 
0.055435 0.944274 0.227300 -0.150965 
-0.067754 0.963848 0.128516 -0.150445 
-0.067754 0.963848 0.128516 -0.150445 
-0.067754 0.963848 0.128516 -0.150445 
-0.067754 0.963848 0.128516 -0.150445 
0.604828 0.635532 -0.751850 0.890021 
0.604828 0.635532 -0.751850 0.890021 
0.608004 0.630487 -0.754810 0.892100 
-0.313570 0.538432 0.317397 0.916698 
-0.313570 0.538432 0.317397 0.916698 
-0.313570 0.538432 0.317397 0.916698 
-0.315918 0.468025 0.108034 0.928133 
-0.315918 0.468025 0.108034 0.928133 
-0.315918 0.468025 0.108034 0.928133 
-0.009088 0.006409 -0.000756 0.947680 
-0.009088 0.006409 -0.000756 0.947680 
-0.009088 0.006409 -0.000756 0.947680 
-0.009088 0.006409 -0.000756 0.947680 
-0.064606 0.056829 0.304776 0.935056 
-0.016999 0.000968 -0.109842 0.945969 
-0.016999 0.000968 -0.109842 0.945969 
0.717545 -0.165481 -0.276484 0.956377 
0.454298 0.743082 0.794514 0.274713 
0.454298 0.743082 0.794514 0.274713 
0.454298 0.743082 0.794514 0.274713 
0.310672 0.939234 0.774283 0.280183 
0.310672 0.939234 0.774283 0.280183 
