0.726329 -0.168543 0.867271 0.126400 
0.726329 -0.168543 0.867271 0.126400 
0.726329 -0.168543 0.867271 0.126400 
0.726329 -0.168543 0.867271 0.126400 
0.726329 -0.168543 0.867271 0.126400 
0.726329 -0.168543 0.867271 0.126400 
0.726329 -0.168543 0.867271 0.126400 
0.726329 -0.168543 0.867271 0.126400 
0.802656 -0.132819 0.854742 0.145774 
0.802656 -0.132819 0.854742 0.145774 
0.802656 -0.132819 0.854742 0.145774 
0.874416 0.953756 -0.274621 0.150896 
0.874416 0.953756 -0.274621 0.150896 
0.874416 0.953756 -0.274621 0.150896 
0.775324 0.982773 -0.170954 -0.011693 
0.778453 0.982959 -0.063027 0.004826 
0.778453 0.982959 -0.063027 0.004826 
0.778453 0.982959 -0.063027 0.004826 
0.778453 0.982959 -0.063027 0.004826 
0.778453 0.982959 -0.063027 0.004826 
0.127523 0.987623 0.090706 -0.103685 
0.079603 0.988854 0.235310 -0.109493 
0.055469 0.944267 0.227326 -0.150965 
0.055469 0.944267 0.227326 -0.150965 
0.398628 0.840275 -0.026694 0.017504 
0.245078 0.904482 0.019989 0.012166 
0.245078 0.904482 0.019989 0.012166 
0.723316 0.338682 0.061027 -0.116564 
0.245070 0.904484 0.020016 0.012165 
0.245070 0.904484 0.020016 0.012165 
0.245070 0.904484 0.020015 0.012165 
0.748030 0.284184 -0.743706 0.896677 
0.748030 0.284184 -0.743706 0.896677 
0.748030 0.284184 -0.743706 0.896677 
0.771396 0.236529 -0.798062 0.921046 
0.771396 0.236529 -0.798062 0.921046 
-0.061702 0.150789 0.339979 0.920275 
-0.009088 0.006409 -0.000756 0.947680 
-0.009088 0.006409 -0.000756 0.947680 
-0.012406 0.009514 0.000478 0.947700 
-0.476920 0.449751 0.183458 0.951689 
-0.476920 0.449751 0.183458 0.951689 
-0.796245 0.726527 0.621543 0.635719 
-0.812369 -0.650126 0.611889 -0.067903 
-0.812369 -0.650126 0.611889 -0.067903 
-0.655590 -0.062172 0.859656 0.365541 
0.329809 -0.773898 0.392624 0.895037 
0.329809 -0.773898 0.392624 0.895037 
0.849909 -0.830900 0.255073 0.914701 
0.856643 -0.844164 0.274141 0.914683 
0.856643 -0.844164 0.274141 0.914683 
