0.975513 -0.974844 0.999242 0.997436 
0.972436 -0.994028 0.998806 0.997555 
-0.966645 0.995961 -0.994928 -0.980275 
-0.966129 0.998796 -0.997870 -0.989980 
-0.966129 0.998796 -0.997870 -0.989980 
-0.966129 0.998796 -0.997870 -0.989980 
0.975022 -0.979690 0.999181 0.997536 
0.972436 -0.994028 0.998806 0.997555 
-0.968758 0.994947 -0.994858 -0.980768 
-0.966129 0.998796 -0.997870 -0.989980 
-0.966129 0.998796 -0.997870 -0.989980 
-0.966129 0.998796 -0.997870 -0.989980 
0.975022 -0.979690 0.999181 0.997536 
0.972436 -0.994028 0.998806 0.997555 
-0.968758 0.994947 -0.994858 -0.980768 
-0.966129 0.998796 -0.997870 -0.989980 
-0.966129 0.998796 -0.997870 -0.989980 
-0.966129 0.998796 -0.997870 -0.989980 
0.973582 -0.991163 0.998912 0.997690 
0.972220 -0.994389 0.998793 0.997523 
-0.982922 0.962496 -0.995044 -0.966981 
-0.966129 0.998796 -0.997870 -0.989980 
-0.966129 0.998796 -0.997870 -0.989980 
-0.966129 0.998796 -0.997870 -0.989980 
0.973806 -0.990219 0.998944 0.997701 
0.972436 -0.994028 0.998806 0.997555 
-0.975451 0.987273 -0.995291 -0.980123 
-0.966129 0.998796 -0.997870 -0.989980 
-0.966129 0.998796 -0.997870 -0.989980 
-0.966129 0.998796 -0.997870 -0.989980 
0.974452 -0.985665 0.999071 0.997658 
0.972436 -0.994028 0.998806 0.997555 
-0.970446 0.993767 -0.994898 -0.980984 
-0.966129 0.998796 -0.997870 -0.989980 
-0.966129 0.998796 -0.997870 -0.989980 
-0.966129 0.998796 -0.997870 -0.989980 
0.974452 -0.985665 0.999071 0.997658 
0.972436 -0.994028 0.998806 0.997555 
-0.970446 0.993767 -0.994898 -0.980984 
-0.966129 0.998796 -0.997870 -0.989980 
-0.966129 0.998796 -0.997870 -0.989980 
-0.966129 0.998796 -0.997870 -0.989980 
0.980440 -0.911750 0.999295 0.994371 
0.973806 -0.990219 0.998944 0.997701 
-0.972517 0.991653 -0.995029 -0.980862 
-0.966129 0.998796 -0.997870 -0.989980 
-0.966129 0.998796 -0.997870 -0.989980 
-0.966129 0.998796 -0.997870 -0.989980 
0.980440 -0.911750 0.999295 0.994371 
0.973806 -0.990219 0.998944 0.997701 
-0.977561 0.983131 -0.995471 -0.979216 
-0.966129 0.998796 -0.997870 -0.989980 
-0.966129 0.998796 -0.997870 -0.989980 
-0.966129 0.998796 -0.997870 -0.989980 
0.980440 -0.911750 0.999295 0.994371 
0.973806 -0.990219 0.998944 0.997701 
-0.977561 0.983131 -0.995471 -0.979216 
-0.966129 0.998796 -0.997870 -0.989980 
-0.966129 0.998796 -0.997870 -0.989980 
-0.966129 0.998796 -0.997870 -0.989980 
0.979373 -0.855920 0.998783 0.984073 
0.974452 -0.985665 0.999071 0.997658 
-0.973821 0.989898 -0.995140 -0.980595 
-0.966129 0.998796 -0.997870 -0.989980 
-0.966129 0.998796 -0.997870 -0.989980 
-0.966129 0.998796 -0.997870 -0.989980 
0.979373 -0.855920 0.998783 0.984073 
0.974698 -0.983136 0.999124 0.997608 
-0.973821 0.989898 -0.995140 -0.980595 
-0.966129 0.998796 -0.997870 -0.989980 
-0.966129 0.998796 -0.997870 -0.989980 
-0.966129 0.998796 -0.997870 -0.989980 
0.979373 -0.855920 0.998783 0.984073 
0.974698 -0.983136 0.999124 0.997608 
-0.973821 0.989898 -0.995140 -0.980595 
-0.966129 0.998796 -0.997870 -0.989980 
-0.966129 0.998796 -0.997870 -0.989980 
-0.966129 0.998796 -0.997870 -0.989980 
-0.983110 0.960971 -0.994926 -0.965384 
0.979114 -0.939923 0.999377 0.996464 
-0.971415 0.992879 -0.994950 -0.980981 
-0.966129 0.998796 -0.997870 -0.989980 
-0.966129 0.998796 -0.997870 -0.989980 
-0.966129 0.998796 -0.997870 -0.989980 
-0.980518 0.974941 -0.995567 -0.976209 
0.979373 -0.855920 0.998783 0.984073 
-0.969567 0.994433 -0.994868 -0.980903 
-0.966129 0.998796 -0.997870 -0.989980 
-0.966129 0.998796 -0.997870 -0.989980 
-0.966129 0.998796 -0.997870 -0.989980 
-0.980518 0.974941 -0.995567 -0.976209 
0.979373 -0.855920 0.998783 0.984073 
-0.969567 0.994433 -0.994868 -0.980903 
-0.966129 0.998796 -0.997870 -0.989980 
-0.966129 0.998796 -0.997870 -0.989980 
-0.966129 0.998796 -0.997870 -0.989980 
-0.975815 0.986623 -0.995324 -0.979997 
-0.980518 0.974941 -0.995567 -0.976209 
-0.968007 0.995355 -0.994866 -0.980606 
-0.966129 0.998796 -0.997870 -0.989980 
-0.966129 0.998796 -0.997870 -0.989980 
-0.966129 0.998796 -0.997870 -0.989980 
-0.974163 0.989386 -0.995172 -0.980508 
-0.975815 0.986623 -0.995324 -0.979997 
-0.967304 0.995686 -0.994890 -0.980436 
-0.966129 0.998796 -0.997870 -0.989980 
-0.966129 0.998796 -0.997870 -0.989980 
-0.966129 0.998796 -0.997870 -0.989980 
-0.972844 0.991243 -0.995056 -0.980807 
-0.972844 0.991243 -0.995056 -0.980807 
-0.966645 0.995961 -0.994928 -0.980275 
-0.966129 0.998796 -0.997870 -0.989980 
-0.966129 0.998796 -0.997870 -0.989980 
-0.966129 0.998796 -0.997870 -0.989980 
-0.972844 0.991243 -0.995056 -0.980807 
-0.972844 0.991243 -0.995056 -0.980807 
-0.966645 0.995961 -0.994928 -0.980275 
-0.966129 0.998796 -0.997870 -0.989980 
-0.966129 0.998796 -0.997870 -0.989980 
-0.966129 0.998796 -0.997870 -0.989980 
-0.971738 0.992544 -0.994972 -0.980959 
-0.969896 0.994198 -0.994877 -0.980942 
-0.965436 0.996394 -0.995036 -0.980015 
-0.966129 0.998796 -0.997870 -0.989980 
-0.966129 0.998796 -0.997870 -0.989980 
-0.966129 0.998796 -0.997870 -0.989980 
-0.972844 0.991243 -0.995056 -0.980807 
-0.970769 0.993489 -0.994913 -0.980995 
-0.964349 0.996723 -0.995175 -0.979871 
-0.966129 0.998796 -0.997870 -0.989980 
-0.966129 0.998796 -0.997870 -0.989980 
-0.966129 0.998796 -0.997870 -0.989980 
-0.974163 0.989386 -0.995172 -0.980508 
-0.970769 0.993489 -0.994913 -0.980995 
-0.963364 0.996984 -0.995331 -0.979848 
-0.966129 0.998796 -0.997870 -0.989980 
-0.966129 0.998796 -0.997870 -0.989980 
-0.966129 0.998796 -0.997870 -0.989980 
-0.974163 0.989386 -0.995172 -0.980508 
-0.970769 0.993489 -0.994913 -0.980995 
-0.963364 0.996984 -0.995331 -0.979848 
-0.966129 0.998796 -0.997870 -0.989980 
-0.966129 0.998796 -0.997870 -0.989980 
-0.966129 0.998796 -0.997870 -0.989980 
-0.975815 0.986623 -0.995324 -0.979997 
-0.969896 0.994198 -0.994877 -0.980942 
-0.961249 0.997462 -0.995740 -0.980228 
-0.966129 0.998796 -0.997870 -0.989980 
-0.966129 0.998796 -0.997870 -0.989980 
-0.966129 0.998796 -0.997870 -0.989980 
-0.975815 0.986623 -0.995324 -0.979997 
-0.969896 0.994198 -0.994877 -0.980942 
-0.960876 0.997536 -0.995819 -0.980357 
-0.966129 0.998796 -0.997870 -0.989980 
-0.966129 0.998796 -0.997870 -0.989980 
-0.966129 0.998796 -0.997870 -0.989980 
-0.975815 0.986623 -0.995324 -0.979997 
-0.969896 0.994198 -0.994877 -0.980942 
-0.960876 0.997536 -0.995819 -0.980357 
-0.966129 0.998796 -0.997870 -0.989980 
-0.966129 0.998796 -0.997870 -0.989980 
-0.966129 0.998796 -0.997870 -0.989980 
-0.969896 0.994198 -0.994877 -0.980942 
-0.969093 0.994745 -0.994860 -0.980830 
-0.959231 0.997842 -0.996184 -0.981132 
-0.966129 0.998796 -0.997870 -0.989980 
-0.966129 0.998796 -0.997870 -0.989980 
-0.966129 0.998796 -0.997870 -0.989980 
-0.969093 0.994745 -0.994860 -0.980830 
-0.969093 0.994745 -0.994860 -0.980830 
-0.958403 0.997983 -0.996372 -0.981634 
-0.966129 0.998796 -0.997870 -0.989980 
-0.966129 0.998796 -0.997870 -0.989980 
-0.966129 0.998796 -0.997870 -0.989980 
-0.969093 0.994745 -0.994860 -0.980830 
-0.969093 0.994745 -0.994860 -0.980830 
-0.957911 0.998064 -0.996485 -0.981962 
-0.966129 0.998796 -0.997870 -0.989980 
-0.966129 0.998796 -0.997870 -0.989980 
-0.966129 0.998796 -0.997870 -0.989980 
-0.969093 0.994745 -0.994860 -0.980830 
-0.969093 0.994745 -0.994860 -0.980830 
-0.957911 0.998064 -0.996485 -0.981962 
-0.966129 0.998796 -0.997870 -0.989980 
-0.966129 0.998796 -0.997870 -0.989980 
-0.966129 0.998796 -0.997870 -0.989980 
-0.967650 0.995528 -0.994876 -0.980521 
-0.967650 0.995528 -0.994876 -0.980521 
-0.955587 0.998433 -0.997028 -0.983795 
-0.966129 0.998796 -0.997870 -0.989980 
-0.966129 0.998796 -0.997870 -0.989980 
-0.966129 0.998796 -0.997870 -0.989980 
-0.965240 0.996457 -0.995058 -0.979981 
-0.966377 0.996064 -0.994948 -0.980212 
-0.955294 0.998482 -0.997102 -0.984067 
-0.966129 0.998796 -0.997870 -0.989980 
-0.966129 0.998796 -0.997870 -0.989980 
-0.966129 0.998796 -0.997870 -0.989980 
-0.965240 0.996457 -0.995058 -0.979981 
-0.966377 0.996064 -0.994948 -0.980212 
-0.955294 0.998482 -0.997102 -0.984067 
-0.966129 0.998796 -0.997870 -0.989980 
-0.966129 0.998796 -0.997870 -0.989980 
-0.966129 0.998796 -0.997870 -0.989980 
-0.965793 0.996274 -0.994999 -0.980084 
-0.965240 0.996457 -0.995058 -0.979981 
-0.954985 0.998537 -0.997183 -0.984372 
-0.966129 0.998796 -0.997870 -0.989980 
-0.966129 0.998796 -0.997870 -0.989980 
-0.966129 0.998796 -0.997870 -0.989980 
-0.969896 0.994198 -0.994877 -0.980942 
-0.966377 0.996064 -0.994948 -0.980212 
-0.955129 0.998511 -0.997145 -0.984227 
-0.966129 0.998796 -0.997870 -0.989980 
-0.966129 0.998796 -0.997870 -0.989980 
-0.966129 0.998796 -0.997870 -0.989980 
-0.975815 0.986623 -0.995324 -0.979997 
-0.966995 0.995819 -0.994906 -0.980360 
-0.955208 0.998497 -0.997124 -0.984149 
-0.966129 0.998796 -0.997870 -0.989980 
-0.966129 0.998796 -0.997870 -0.989980 
-0.966129 0.998796 -0.997870 -0.989980 
-0.975815 0.986623 -0.995324 -0.979997 
-0.966995 0.995819 -0.994906 -0.980360 
-0.955208 0.998497 -0.997124 -0.984149 
-0.966129 0.998796 -0.997870 -0.989980 
-0.966129 0.998796 -0.997870 -0.989980 
-0.966129 0.998796 -0.997870 -0.989980 
0.974023 -0.989050 0.998981 0.997701 
-0.975815 0.986623 -0.995324 -0.979997 
-0.954862 0.998561 -0.997218 -0.984502 
-0.966129 0.998796 -0.997870 -0.989980 
-0.966129 0.998796 -0.997870 -0.989980 
-0.966129 0.998796 -0.997870 -0.989980 
0.973352 -0.991941 0.998884 0.997671 
-0.975815 0.986623 -0.995324 -0.979997 
-0.954985 0.998537 -0.997183 -0.984372 
-0.966129 0.998796 -0.997870 -0.989980 
-0.966129 0.998796 -0.997870 -0.989980 
-0.966129 0.998796 -0.997870 -0.989980 
0.972436 -0.994028 0.998806 0.997555 
-0.980518 0.974941 -0.995567 -0.976209 
-0.955208 0.998497 -0.997124 -0.984149 
-0.966129 0.998796 -0.997870 -0.989980 
-0.966129 0.998796 -0.997870 -0.989980 
-0.966129 0.998796 -0.997870 -0.989980 
0.972436 -0.994028 0.998806 0.997555 
-0.980518 0.974941 -0.995567 -0.976209 
-0.955208 0.998497 -0.997124 -0.984149 
-0.966129 0.998796 -0.997870 -0.989980 
-0.966129 0.998796 -0.997870 -0.989980 
-0.966129 0.998796 -0.997870 -0.989980 
0.971096 -0.995876 0.998746 0.997341 
-0.983110 0.960971 -0.994926 -0.965384 
-0.956076 0.998354 -0.996910 -0.983368 
-0.966129 0.998796 -0.997870 -0.989980 
-0.966129 0.998796 -0.997870 -0.989980 
-0.966129 0.998796 -0.997870 -0.989980 
0.970646 -0.996353 0.998734 0.997266 
0.979373 -0.855920 0.998783 0.984073 
-0.955942 0.998375 -0.996942 -0.983482 
-0.966129 0.998796 -0.997870 -0.989980 
-0.966129 0.998796 -0.997870 -0.989980 
-0.966129 0.998796 -0.997870 -0.989980 
0.970646 -0.996353 0.998734 0.997266 
0.979373 -0.855920 0.998783 0.984073 
-0.955942 0.998375 -0.996942 -0.983482 
-0.966129 0.998796 -0.997870 -0.989980 
-0.966129 0.998796 -0.997870 -0.989980 
-0.966129 0.998796 -0.997870 -0.989980 
0.969631 -0.997255 0.998722 0.997088 
0.977524 -0.957032 0.999355 0.997057 
-0.956076 0.998354 -0.996910 -0.983368 
-0.966129 0.998796 -0.997870 -0.989980 
-0.966129 0.998796 -0.997870 -0.989980 
-0.966129 0.998796 -0.997870 -0.989980 
0.969542 -0.997324 0.998721 0.997071 
0.976303 -0.967778 0.999302 0.997296 
-0.956076 0.998354 -0.996910 -0.983368 
-0.966129 0.998796 -0.997870 -0.989980 
-0.966129 0.998796 -0.997870 -0.989980 
-0.966129 0.998796 -0.997870 -0.989980 
0.969542 -0.997324 0.998721 0.997071 
0.976303 -0.967778 0.999302 0.997296 
-0.956076 0.998354 -0.996910 -0.983368 
-0.966129 0.998796 -0.997870 -0.989980 
-0.966129 0.998796 -0.997870 -0.989980 
-0.966129 0.998796 -0.997870 -0.989980 
0.969821 -0.997103 0.998722 0.997123 
0.976303 -0.967778 0.999302 0.997296 
-0.956218 0.998332 -0.996877 -0.983249 
-0.966129 0.998796 -0.997870 -0.989980 
-0.966129 0.998796 -0.997870 -0.989980 
-0.966129 0.998796 -0.997870 -0.989980 
0.969923 -0.997018 0.998723 0.997141 
0.977524 -0.957032 0.999355 0.997057 
-0.956368 0.998308 -0.996841 -0.983125 
-0.966129 0.998796 -0.997870 -0.989980 
-0.966129 0.998796 -0.997870 -0.989980 
-0.966129 0.998796 -0.997870 -0.989980 
0.969923 -0.997018 0.998723 0.997141 
0.977524 -0.957032 0.999355 0.997057 
-0.956368 0.998308 -0.996841 -0.983125 
-0.966129 0.998796 -0.997870 -0.989980 
-0.966129 0.998796 -0.997870 -0.989980 
-0.966129 0.998796 -0.997870 -0.989980 
0.970510 -0.996486 0.998731 0.997243 
-0.093498 0.383139 0.691080 0.620213 
-0.957256 0.998168 -0.996635 -0.982431 
-0.966129 0.998796 -0.997870 -0.989980 
-0.966129 0.998796 -0.997870 -0.989980 
-0.966129 0.998796 -0.997870 -0.989980 
0.970646 -0.996353 0.998734 0.997266 
-0.985279 0.931252 -0.989478 -0.904887 
-0.957681 0.998101 -0.996537 -0.982122 
-0.966129 0.998796 -0.997870 -0.989980 
-0.966129 0.998796 -0.997870 -0.989980 
-0.966129 0.998796 -0.997870 -0.989980 
0.970788 -0.996207 0.998737 0.997290 
-0.985279 0.931252 -0.989478 -0.904887 
-0.958151 0.998024 -0.996430 -0.981799 
-0.966129 0.998796 -0.997870 -0.989980 
-0.966129 0.998796 -0.997870 -0.989980 
-0.966129 0.998796 -0.997870 -0.989980 
0.970788 -0.996207 0.998737 0.997290 
-0.985279 0.931252 -0.989478 -0.904887 
-0.958151 0.998024 -0.996430 -0.981799 
-0.966129 0.998796 -0.997870 -0.989980 
-0.966129 0.998796 -0.997870 -0.989980 
-0.966129 0.998796 -0.997870 -0.989980 
0.971261 -0.995687 0.998751 0.997369 
-0.983110 0.960971 -0.994926 -0.965384 
-0.959231 0.997842 -0.996184 -0.981132 
-0.966129 0.998796 -0.997870 -0.989980 
-0.966129 0.998796 -0.997870 -0.989980 
-0.966129 0.998796 -0.997870 -0.989980 
0.971096 -0.995876 0.998746 0.997341 
-0.983110 0.960971 -0.994926 -0.965384 
-0.959231 0.997842 -0.996184 -0.981132 
-0.966129 0.998796 -0.997870 -0.989980 
-0.966129 0.998796 -0.997870 -0.989980 
-0.966129 0.998796 -0.997870 -0.989980 
0.971096 -0.995876 0.998746 0.997341 
-0.983110 0.960971 -0.994926 -0.965384 
-0.959231 0.997842 -0.996184 -0.981132 
-0.966129 0.998796 -0.997870 -0.989980 
-0.966129 0.998796 -0.997870 -0.989980 
-0.966129 0.998796 -0.997870 -0.989980 
0.971810 -0.994993 0.998773 0.997459 
-0.983110 0.960971 -0.994926 -0.965384 
-0.961249 0.997462 -0.995740 -0.980228 
-0.966129 0.998796 -0.997870 -0.989980 
-0.966129 0.998796 -0.997870 -0.989980 
-0.966129 0.998796 -0.997870 -0.989980 
0.972220 -0.994389 0.998793 0.997523 
-0.983110 0.960971 -0.994926 -0.965384 
-0.962463 0.997200 -0.995495 -0.979936 
-0.966129 0.998796 -0.997870 -0.989980 
-0.966129 0.998796 -0.997870 -0.989980 
-0.966129 0.998796 -0.997870 -0.989980 
0.972436 -0.994028 0.998806 0.997555 
-0.983110 0.960971 -0.994926 -0.965384 
-0.963845 0.996860 -0.995252 -0.979845 
-0.966129 0.998796 -0.997870 -0.989980 
-0.966129 0.998796 -0.997870 -0.989980 
-0.966129 0.998796 -0.997870 -0.989980 
0.972436 -0.994028 0.998806 0.997555 
-0.983110 0.960971 -0.994926 -0.965384 
-0.963845 0.996860 -0.995252 -0.979845 
-0.966129 0.998796 -0.997870 -0.989980 
-0.966129 0.998796 -0.997870 -0.989980 
-0.966129 0.998796 -0.997870 -0.989980 
0.973582 -0.991163 0.998912 0.997690 
-0.093498 0.383139 0.691080 0.620213 
-0.967304 0.995686 -0.994890 -0.980436 
-0.966129 0.998796 -0.997870 -0.989980 
-0.966129 0.998796 -0.997870 -0.989980 
-0.966129 0.998796 -0.997870 -0.989980 
0.973806 -0.990219 0.998944 0.997701 
0.979373 -0.855920 0.998783 0.984073 
-0.968007 0.995355 -0.994866 -0.980606 
-0.966129 0.998796 -0.997870 -0.989980 
-0.966129 0.998796 -0.997870 -0.989980 
-0.966129 0.998796 -0.997870 -0.989980 
0.973806 -0.990219 0.998944 0.997701 
0.979373 -0.855920 0.998783 0.984073 
-0.968007 0.995355 -0.994866 -0.980606 
-0.966129 0.998796 -0.997870 -0.989980 
-0.966129 0.998796 -0.997870 -0.989980 
-0.966129 0.998796 -0.997870 -0.989980 
0.974023 -0.989050 0.998981 0.997701 
0.977524 -0.957032 0.999355 0.997057 
-0.972517 0.991653 -0.995029 -0.980862 
-0.966129 0.998796 -0.997870 -0.989980 
-0.966129 0.998796 -0.997870 -0.989980 
-0.966129 0.998796 -0.997870 -0.989980 
0.974023 -0.989050 0.998981 0.997701 
0.975513 -0.974844 0.999242 0.997436 
-0.973821 0.989898 -0.995140 -0.980595 
-0.966129 0.998796 -0.997870 -0.989980 
-0.966129 0.998796 -0.997870 -0.989980 
-0.966129 0.998796 -0.997870 -0.989980 
0.974235 -0.987573 0.999024 0.997688 
0.975513 -0.974844 0.999242 0.997436 
-0.977561 0.983131 -0.995471 -0.979216 
-0.966129 0.998796 -0.997870 -0.989980 
-0.966129 0.998796 -0.997870 -0.989980 
-0.966129 0.998796 -0.997870 -0.989980 
0.974235 -0.987573 0.999024 0.997688 
0.975513 -0.974844 0.999242 0.997436 
-0.977561 0.983131 -0.995471 -0.979216 
-0.966129 0.998796 -0.997870 -0.989980 
-0.966129 0.998796 -0.997870 -0.989980 
-0.966129 0.998796 -0.997870 -0.989980 
0.979373 -0.855920 0.998783 0.984073 
0.976303 -0.967778 0.999302 0.997296 
-0.982922 0.962496 -0.995044 -0.966981 
-0.966129 0.998796 -0.997870 -0.989980 
-0.966129 0.998796 -0.997870 -0.989980 
-0.966129 0.998796 -0.997870 -0.989980 
-0.985279 0.931252 -0.989478 -0.904887 
0.977524 -0.957032 0.999355 0.997057 
-0.982922 0.962496 -0.995044 -0.966981 
-0.966129 0.998796 -0.997870 -0.989980 
-0.966129 0.998796 -0.997870 -0.989980 
-0.966129 0.998796 -0.997870 -0.989980 
-0.985279 0.931252 -0.989478 -0.904887 
0.977524 -0.957032 0.999355 0.997057 
-0.982922 0.962496 -0.995044 -0.966981 
-0.966129 0.998796 -0.997870 -0.989980 
-0.966129 0.998796 -0.997870 -0.989980 
-0.966129 0.998796 -0.997870 -0.989980 
