-0.676368 0.382767 0.946920 0.060698 
-0.001423 -0.000993 0.948279 0.010973 
-0.001337 -0.001035 0.948279 0.010967 
-0.001337 -0.001035 0.948279 0.010967 
-0.468869 -0.093232 0.840717 -0.082030 
0.226497 -0.419167 0.039093 0.892722 
0.226497 -0.419167 0.039093 0.892722 
0.679442 -0.379353 0.408584 0.937294 
-0.002128 0.015258 0.977407 -0.003424 
-0.002128 0.015258 0.977407 -0.003424 
-0.002128 0.015258 0.977407 -0.003424 
-0.002128 0.015258 0.977407 -0.003424 
-0.002128 0.015258 0.977407 -0.003424 
-0.002128 0.015258 0.977407 -0.003424 
-0.002128 0.015258 0.977407 -0.003424 
-0.002128 0.015258 0.977407 -0.003424 
-0.002128 0.015258 0.977407 -0.003424 
-0.002128 0.015258 0.977407 -0.003424 
-0.002128 0.015258 0.977407 -0.003424 
-0.002128 0.015258 0.977407 -0.003424 
-0.002040 0.015261 0.977402 -0.003426 
-0.002040 0.015261 0.977402 -0.003426 
0.885096 0.065163 0.403150 -0.032671 
0.885151 0.065172 0.402877 -0.032676 
0.885209 0.065182 0.402583 -0.032682 
0.885209 0.065182 0.402583 -0.032682 
0.885209 0.065182 0.402583 -0.032682 
0.945148 0.123418 0.272294 0.512899 
0.944681 0.122578 0.269411 0.507989 
0.885433 0.048988 0.005366 -0.017929 
0.885433 0.048988 0.005366 -0.017929 
0.885385 0.048945 0.005206 -0.018271 
0.945148 0.123418 0.272294 0.512899 
0.945148 0.123418 0.272294 0.512899 
0.893831 0.056840 0.034106 0.043393 
0.885380 0.048942 0.005193 -0.018299 
0.885380 0.048942 0.005193 -0.018299 
0.885380 0.048942 0.005193 -0.018299 
0.521543 0.424871 -0.008132 0.031531 
0.521543 0.424871 -0.008132 0.031531 
0.521543 0.424871 -0.008132 0.031531 
0.521543 0.424871 -0.008132 0.031531 
0.521543 0.424871 -0.008132 0.031531 
0.521543 0.424871 -0.008132 0.031531 
0.521543 0.424871 -0.008132 0.031531 
0.521543 0.424871 -0.008132 0.031531 
0.521543 0.424871 -0.008132 0.031531 
0.521543 0.424871 -0.008132 0.031531 
0.268576 0.663754 -0.006443 0.033243 
0.268576 0.663754 -0.006443 0.033243 
0.268576 0.663754 -0.006443 0.033243 
0.906293 -0.020241 -0.944857 0.963598 
-0.094109 0.758600 -0.416637 0.960260 
-0.094109 0.758600 -0.416637 0.960260 
-0.144514 0.133938 -0.009510 0.963724 
0.157511 -0.211524 -0.011213 0.963614 
-0.335166 -0.298014 -0.538604 0.956330 
-0.335166 -0.298014 -0.538604 0.956330 
-0.592767 -0.407485 -0.702986 0.982923 
-0.885004 -0.155587 -0.906219 0.993059 
-0.885005 -0.155574 -0.906219 0.993059 
-0.885005 -0.155574 -0.906219 0.993059 
-0.885005 -0.155574 -0.906219 0.993059 
-0.930012 -0.054488 -0.951551 0.997046 
-0.930012 -0.054488 -0.951551 0.997046 
-0.930012 -0.054488 -0.951551 0.997046 
-0.885005 -0.155574 -0.906219 0.993059 
-0.725393 -0.414375 -0.726568 0.985111 
-0.725393 -0.414375 -0.726568 0.985111 
-0.843960 -0.379530 -0.895806 0.996554 
0.028359 -0.439669 -0.219107 0.966622 
-0.618591 0.099964 0.921349 0.258489 
-0.618591 0.099964 0.921349 0.258489 
-0.469486 -0.077056 0.928189 -0.096308 
0.968646 -0.014379 0.396144 -0.022514 
