0.888902 0.063159 0.795329 0.095296 
0.740134 0.051460 0.794752 0.124846 
0.740134 0.051460 0.794752 0.124846 
0.460235 -0.030663 0.891758 -0.398982 
0.460235 -0.030663 0.891758 -0.398982 
0.460235 -0.030663 0.891758 -0.398982 
0.460235 -0.030663 0.891758 -0.398982 
0.003634 0.002599 0.981562 -0.008618 
0.003634 0.002599 0.981562 -0.008618 
0.003634 0.002599 0.981562 -0.008618 
0.003634 0.002599 0.981562 -0.008618 
0.003634 0.002599 0.981562 -0.008618 
0.003634 0.002599 0.981562 -0.008618 
-0.262425 0.218565 0.981014 0.448536 
0.328884 0.265168 0.972753 0.581313 
0.328884 0.265168 0.972753 0.581313 
0.328884 0.265168 0.972753 0.581313 
-0.262425 0.218565 0.981014 0.448536 
-0.244111 0.185955 0.973011 0.361941 
-0.244111 0.185955 0.973011 0.361941 
-0.244111 0.185955 0.973011 0.361941 
0.195827 0.310350 0.942393 0.790338 
0.668860 0.354379 0.918021 0.849376 
0.668860 0.354379 0.918021 0.849376 
0.668860 0.354379 0.918021 0.849376 
0.732029 0.018119 0.137522 0.041648 
0.732029 0.018119 0.137522 0.041648 
0.732029 0.018119 0.137522 0.041648 
0.580509 0.171792 0.074285 0.594564 
0.580509 0.171792 0.074285 0.594564 
0.488084 0.605254 0.230192 0.321678 
0.043936 -0.011967 -0.006732 0.834348 
0.043933 -0.011961 -0.006733 0.834348 
0.043933 -0.011961 -0.006733 0.834348 
0.043936 -0.011966 -0.006732 0.834348 
-0.123163 0.955713 -0.044372 0.268028 
-0.123163 0.955713 -0.044372 0.268028 
0.528371 -0.157919 -0.036298 0.694197 
-0.522030 0.838637 -0.229399 0.823687 
-0.522030 0.838637 -0.229399 0.823687 
0.023740 0.071416 -0.028328 0.846018 
0.043936 -0.011967 -0.006732 0.834348 
-0.226118 -0.130093 -0.073732 0.884986 
-0.226118 -0.130093 -0.073732 0.884986 
0.043879 -0.011992 -0.006746 0.834360 
-0.227876 -0.130883 -0.074184 0.885274 
-0.227876 -0.130883 -0.074184 0.885274 
-0.195831 -0.116553 -0.066005 0.879971 
-0.274334 -0.111507 -0.068489 0.941464 
-0.274334 -0.111507 -0.068489 0.941464 
-0.007686 0.006808 -0.001511 0.914588 
-0.274330 -0.111505 -0.068488 0.941464 
-0.025302 -0.093155 -0.168235 0.954739 
-0.025302 -0.093155 -0.168235 0.954739 
0.591151 -0.235897 -0.140938 0.789325 
0.444672 0.003333 0.922915 -0.308321 
0.449181 -0.047243 0.928724 -0.433310 
0.449181 -0.047243 0.928724 -0.433310 
0.734110 0.040529 0.967817 0.118026 
0.003634 0.002599 0.981562 -0.008618 
