0.535029 -0.204354 0.008517 0.436052 38947.499970 60188.600166 55499.199940 
0.548893 -0.194338 0.018413 0.442770 38890.299969 60161.200166 55614.799938 
0.548893 -0.194338 0.018413 0.442770 38833.099969 60133.800166 55730.399937 
0.702817 -0.175510 0.597713 0.434078 38833.099969 60133.800166 55730.399937 
0.899725 0.199316 -0.169559 -0.212899 38842.649969 60135.500166 55734.849936 
0.899725 0.199316 -0.169559 -0.212899 38852.199969 60137.200166 55739.299936 
0.472931 -0.620357 0.833085 0.647601 38852.199969 60137.200166 55739.299936 
0.049465 -0.272974 0.780159 0.242772 38856.849969 60153.150166 55700.599936 
0.049465 -0.272974 0.780159 0.242772 38861.499969 60169.100166 55661.899935 
0.463812 -0.385323 0.774678 0.312570 38864.649969 60190.000166 55607.149935 
0.383338 -0.721831 0.722886 0.833261 38864.649969 60190.000166 55607.149935 
0.151131 -0.348108 0.923168 0.171878 38873.849969 60184.450165 55566.499933 
0.151131 -0.348108 0.923168 0.171878 38883.049969 60178.900165 55525.849932 
-0.000449 0.002505 0.963530 0.008929 39295.699963 60601.800159 55746.599932 
0.006619 0.009555 0.963133 0.007266 39738.599957 61085.700153 55935.849932 
0.006619 0.009555 0.963133 0.007266 40181.499951 61569.600147 56125.099932 
0.006346 0.009317 0.963153 0.007447 40638.849957 62074.700153 56305.599932 
0.005356 0.008451 0.963226 0.008103 41158.699932 62622.350177 56481.999926 
0.002586 0.005984 0.963436 0.009974 41703.649945 63177.750202 56665.899920 
0.002586 0.005984 0.963436 0.009974 42248.599957 63733.150226 56849.799913 
-0.024292 -0.021590 0.968670 0.032115 42817.749981 64290.350239 57042.699907 
-0.201912 0.653757 -0.315900 -0.127225 42817.749981 64290.350239 57042.699907 
-0.201912 0.653757 -0.315900 -0.127225 42817.749981 64290.350239 57042.699907 
0.268259 0.881863 0.142592 -0.135807 42817.749981 64290.350239 57042.699907 
0.447532 0.516865 0.323288 0.258158 42854.949982 64389.550235 57198.899904 
0.737610 0.362505 0.322613 -0.102889 42895.949982 64483.550235 57413.199907 
0.737610 0.362505 0.322613 -0.102889 42936.949982 64577.550235 57627.499910 
-0.329293 0.130076 -0.157430 0.956010 42936.949982 64577.550235 57627.499910 
0.215817 0.540083 0.905998 0.093602 42838.249985 64449.000232 57750.149912 
0.215817 0.540083 0.905998 0.093602 42739.549988 64320.450229 57872.799913 
-0.073723 0.017003 -0.061872 0.932822 42739.549988 64320.450229 57872.799913 
0.933753 0.616936 -0.286268 0.251039 42619.049988 64320.450229 57929.299913 
0.933753 0.616936 -0.286268 0.251039 42498.549988 64320.450229 57985.799913 
0.018552 0.068381 -0.017238 0.946424 42498.549988 64320.450229 57985.799913 
-0.717279 0.848377 0.901043 -0.254550 42422.099991 64257.200229 56584.049913 
-0.717279 0.848377 0.901043 -0.254550 42345.649994 64193.950229 55182.299913 
0.113982 0.117317 0.149301 0.841213 42345.649994 64193.950229 55182.299913 
-0.549966 0.298499 -0.373497 0.674613 42213.449997 64170.000229 55435.899920 
-0.549966 0.298499 -0.373497 0.674613 42081.250000 64146.050228 55689.499926 
-0.032421 0.706467 0.255549 0.731813 42189.800003 64560.450222 56402.399950 
-0.543828 0.154922 0.668094 0.894960 42241.150002 64975.350216 57021.799974 
-0.543828 0.154922 0.668094 0.894960 42292.500000 65390.250210 57641.199999 
-0.231327 -0.040612 0.637444 0.896566 42322.000000 65802.700222 58228.449999 
0.119763 0.315611 0.848133 -0.020084 42322.000000 65802.700222 58228.449999 
0.119763 0.315611 0.848133 -0.020084 42322.000000 65802.700222 58228.449999 
0.706705 -0.460954 0.773814 0.803207 42322.000000 65802.700222 58228.449999 
0.899691 0.120402 0.483469 -0.393355 42079.399994 65797.100222 58131.949999 
0.899691 0.120402 0.483469 -0.393355 41836.799988 65791.500222 58035.449999 
0.013032 -0.028942 -0.104828 0.859565 41944.249985 66180.650216 58371.749987 
0.272642 0.195433 -0.088232 0.268489 42178.699982 66591.200204 58596.349993 
0.492186 0.211329 0.606681 0.608529 42453.199982 67012.500191 58793.099993 
0.492186 0.211329 0.606681 0.608529 42727.699982 67433.800179 58989.849993 
0.450483 0.237904 0.879717 0.509548 43037.899994 67862.050179 59165.649996 
0.006620 0.009553 0.963133 0.007268 43450.850006 68301.500191 59290.899996 
0.006558 0.009501 0.963138 0.007307 43891.800019 68752.100197 59402.549997 
0.006558 0.009501 0.963138 0.007307 44332.750031 69202.700204 59514.199999 
