0.088340 0.032984 0.850625 0.833661 
0.088340 0.032984 0.850625 0.833661 
0.088340 0.032984 0.850625 0.833661 
0.088340 0.032984 0.850625 0.833661 
0.589317 0.013103 0.943019 0.406790 
0.597327 0.018512 0.942173 0.362512 
0.597327 0.018512 0.942173 0.362512 
0.596692 0.018255 0.942274 0.361641 
0.602420 0.020512 0.996961 0.405134 
0.769637 -0.294555 0.992243 0.490864 
0.769637 -0.294555 0.992243 0.490864 
0.822649 0.168817 0.992707 0.483375 
0.760249 0.622433 0.977352 0.655083 
0.715099 0.716519 0.976139 0.663962 
0.715099 0.716519 0.976139 0.663962 
0.957952 0.948463 0.970997 0.018236 
0.704716 0.936356 0.811668 -0.592539 
0.832766 0.945920 0.681163 -0.342401 
0.832766 0.945920 0.681163 -0.342401 
0.688363 0.970969 0.681032 -0.247176 
0.792096 0.949657 0.144285 0.184991 
0.792096 0.949657 0.144285 0.184991 
0.781481 0.918904 -0.001767 0.081884 
0.781481 0.918904 -0.001767 0.081884 
0.781481 0.918904 -0.001767 0.081884 
0.811484 0.334163 -0.006966 0.106443 
-0.087792 0.870872 -0.003693 0.002698 
-0.087792 0.870872 -0.003693 0.002698 
0.059268 0.611223 -0.007012 0.008591 
-0.739382 0.490410 0.003468 0.959559 
-0.718984 0.478881 0.030020 0.957657 
-0.718984 0.478881 0.030020 0.957657 
0.130010 0.957641 0.811260 0.992251 
0.875581 0.974518 0.878044 0.999289 
0.884764 0.976056 0.959507 0.998740 
0.884764 0.976056 0.959507 0.998740 
0.998089 0.991826 0.996031 0.999846 
0.932908 -0.174568 0.948061 0.990053 
