-0.676707 0.383029 0.946919 0.060735 
-0.676143 0.382593 0.946921 0.060673 
-0.676143 0.382593 0.946921 0.060673 
-0.001878 -0.000769 0.948278 0.011000 
-0.001337 -0.001035 0.948279 0.010967 
-0.001337 -0.001035 0.948279 0.010967 
-0.002128 0.015258 0.977407 -0.003424 
-0.002128 0.015258 0.977407 -0.003424 
-0.002128 0.015258 0.977407 -0.003424 
-0.002128 0.015258 0.977407 -0.003424 
-0.002128 0.015258 0.977407 -0.003424 
-0.002128 0.015258 0.977407 -0.003424 
-0.002128 0.015258 0.977407 -0.003424 
-0.002128 0.015258 0.977407 -0.003424 
-0.002128 0.015258 0.977407 -0.003424 
-0.002128 0.015258 0.977407 -0.003424 
-0.002128 0.015258 0.977407 -0.003424 
-0.002128 0.015258 0.977407 -0.003424 
-0.002128 0.015258 0.977407 -0.003424 
-0.002128 0.015258 0.977407 -0.003424 
0.013665 0.015821 0.976478 -0.003754 
0.885209 0.065182 0.402583 -0.032682 
0.885209 0.065182 0.402583 -0.032682 
0.903125 0.066235 0.068452 0.116375 
0.885381 0.048941 0.005193 -0.018299 
0.885381 0.048941 0.005193 -0.018299 
0.945101 0.123332 0.272002 0.512402 
0.799421 0.375537 0.006882 -0.016586 
0.799421 0.375537 0.006882 -0.016586 
0.799419 0.375540 0.006882 -0.016586 
0.268576 0.663754 -0.006443 0.033243 
0.268576 0.663754 -0.006443 0.033243 
0.268576 0.663754 -0.006443 0.033243 
0.268576 0.663754 -0.006443 0.033243 
0.844075 0.680530 -0.946918 0.960631 
0.844075 0.680530 -0.946918 0.960631 
0.850282 0.179168 -0.948713 0.961592 
0.247044 -0.214389 0.004292 0.965546 
0.247044 -0.214389 0.004292 0.965546 
0.157511 -0.211524 -0.011213 0.963614 
-0.592759 -0.407484 -0.702985 0.982923 
-0.592759 -0.407484 -0.702985 0.982923 
-0.592762 -0.407484 -0.702985 0.982923 
-0.791658 -0.288248 -0.862810 0.987892 
-0.791658 -0.288248 -0.862810 0.987892 
-0.791658 -0.288247 -0.862810 0.987892 
-0.725393 -0.414375 -0.726568 0.985111 
-0.725393 -0.414375 -0.726568 0.985111 
-0.725393 -0.414375 -0.726568 0.985111 
-0.725393 -0.414375 -0.726568 0.985111 
-0.725393 -0.414375 -0.726568 0.985111 
-0.504626 -0.075042 -0.543659 0.966300 
0.259331 -0.432957 -0.172726 0.961768 
-0.057474 0.043476 0.976608 0.330521 
-0.057474 0.043476 0.976608 0.330521 
-0.002128 0.015258 0.977407 -0.003424 
