0.972220 -0.994389 0.998793 0.997523 
0.970646 -0.996353 0.998734 0.997266 
-0.972517 0.991653 -0.995029 -0.980862 
-0.966129 0.998796 -0.997870 -0.989980 
-0.966129 0.998796 -0.997870 -0.989980 
-0.966129 0.998796 -0.997870 -0.989980 
0.972011 -0.994709 0.998782 0.997490 
0.970788 -0.996207 0.998737 0.997290 
-0.971415 0.992879 -0.994950 -0.980981 
-0.966129 0.998796 -0.997870 -0.989980 
-0.966129 0.998796 -0.997870 -0.989980 
-0.966129 0.998796 -0.997870 -0.989980 
0.972220 -0.994389 0.998793 0.997523 
0.970788 -0.996207 0.998737 0.997290 
-0.971415 0.992879 -0.994950 -0.980981 
-0.966129 0.998796 -0.997870 -0.989980 
-0.966129 0.998796 -0.997870 -0.989980 
-0.966129 0.998796 -0.997870 -0.989980 
0.972220 -0.994389 0.998793 0.997523 
0.970788 -0.996207 0.998737 0.997290 
-0.971415 0.992879 -0.994950 -0.980981 
-0.966129 0.998796 -0.997870 -0.989980 
-0.966129 0.998796 -0.997870 -0.989980 
-0.966129 0.998796 -0.997870 -0.989980 
0.973120 -0.992591 0.998860 0.997646 
0.971435 -0.995478 0.998757 0.997398 
-0.971415 0.992879 -0.994950 -0.980981 
-0.966129 0.998796 -0.997870 -0.989980 
-0.966129 0.998796 -0.997870 -0.989980 
-0.966129 0.998796 -0.997870 -0.989980 
0.973582 -0.991163 0.998912 0.997690 
0.971810 -0.994993 0.998773 0.997459 
-0.970446 0.993767 -0.994898 -0.980984 
-0.966129 0.998796 -0.997870 -0.989980 
-0.966129 0.998796 -0.997870 -0.989980 
-0.966129 0.998796 -0.997870 -0.989980 
0.974023 -0.989050 0.998981 0.997701 
0.972220 -0.994389 0.998793 0.997523 
-0.971415 0.992879 -0.994950 -0.980981 
-0.966129 0.998796 -0.997870 -0.989980 
-0.966129 0.998796 -0.997870 -0.989980 
-0.966129 0.998796 -0.997870 -0.989980 
0.974023 -0.989050 0.998981 0.997701 
0.972220 -0.994389 0.998793 0.997523 
-0.971415 0.992879 -0.994950 -0.980981 
-0.966129 0.998796 -0.997870 -0.989980 
-0.966129 0.998796 -0.997870 -0.989980 
-0.966129 0.998796 -0.997870 -0.989980 
0.975022 -0.979690 0.999181 0.997536 
0.973120 -0.992591 0.998860 0.997646 
-0.971415 0.992879 -0.994950 -0.980981 
-0.966129 0.998796 -0.997870 -0.989980 
-0.966129 0.998796 -0.997870 -0.989980 
-0.966129 0.998796 -0.997870 -0.989980 
0.976303 -0.967778 0.999302 0.997296 
0.973582 -0.991163 0.998912 0.997690 
-0.970446 0.993767 -0.994898 -0.980984 
-0.966129 0.998796 -0.997870 -0.989980 
-0.966129 0.998796 -0.997870 -0.989980 
-0.966129 0.998796 -0.997870 -0.989980 
0.976303 -0.967778 0.999302 0.997296 
0.973582 -0.991163 0.998912 0.997690 
-0.970446 0.993767 -0.994898 -0.980984 
-0.966129 0.998796 -0.997870 -0.989980 
-0.966129 0.998796 -0.997870 -0.989980 
-0.966129 0.998796 -0.997870 -0.989980 
-0.983110 0.960971 -0.994926 -0.965384 
0.975022 -0.979690 0.999181 0.997536 
-0.971415 0.992879 -0.994950 -0.980981 
-0.966129 0.998796 -0.997870 -0.989980 
-0.966129 0.998796 -0.997870 -0.989980 
-0.966129 0.998796 -0.997870 -0.989980 
-0.977935 0.982287 -0.995497 -0.978993 
0.976303 -0.967778 0.999302 0.997296 
-0.970446 0.993767 -0.994898 -0.980984 
-0.966129 0.998796 -0.997870 -0.989980 
-0.966129 0.998796 -0.997870 -0.989980 
-0.966129 0.998796 -0.997870 -0.989980 
-0.975815 0.986623 -0.995324 -0.979997 
0.977524 -0.957032 0.999355 0.997057 
-0.971415 0.992879 -0.994950 -0.980981 
-0.966129 0.998796 -0.997870 -0.989980 
-0.966129 0.998796 -0.997870 -0.989980 
-0.966129 0.998796 -0.997870 -0.989980 
-0.975815 0.986623 -0.995324 -0.979997 
0.977524 -0.957032 0.999355 0.997057 
-0.971415 0.992879 -0.994950 -0.980981 
-0.966129 0.998796 -0.997870 -0.989980 
-0.966129 0.998796 -0.997870 -0.989980 
-0.966129 0.998796 -0.997870 -0.989980 
-0.974163 0.989386 -0.995172 -0.980508 
-0.093498 0.383139 0.691080 0.620213 
-0.970446 0.993767 -0.994898 -0.980984 
-0.966129 0.998796 -0.997870 -0.989980 
-0.966129 0.998796 -0.997870 -0.989980 
-0.966129 0.998796 -0.997870 -0.989980 
-0.972844 0.991243 -0.995056 -0.980807 
-0.983110 0.960971 -0.994926 -0.965384 
-0.970446 0.993767 -0.994898 -0.980984 
-0.966129 0.998796 -0.997870 -0.989980 
-0.966129 0.998796 -0.997870 -0.989980 
-0.966129 0.998796 -0.997870 -0.989980 
-0.971738 0.992544 -0.994972 -0.980959 
-0.980518 0.974941 -0.995567 -0.976209 
-0.970446 0.993767 -0.994898 -0.980984 
-0.966129 0.998796 -0.997870 -0.989980 
-0.966129 0.998796 -0.997870 -0.989980 
-0.966129 0.998796 -0.997870 -0.989980 
-0.971738 0.992544 -0.994972 -0.980959 
-0.980518 0.974941 -0.995567 -0.976209 
-0.970446 0.993767 -0.994898 -0.980984 
-0.966129 0.998796 -0.997870 -0.989980 
-0.966129 0.998796 -0.997870 -0.989980 
-0.966129 0.998796 -0.997870 -0.989980 
-0.975815 0.986623 -0.995324 -0.979997 
-0.972844 0.991243 -0.995056 -0.980807 
-0.968758 0.994947 -0.994858 -0.980768 
-0.966129 0.998796 -0.997870 -0.989980 
-0.966129 0.998796 -0.997870 -0.989980 
-0.966129 0.998796 -0.997870 -0.989980 
-0.983110 0.960971 -0.994926 -0.965384 
-0.974163 0.989386 -0.995172 -0.980508 
-0.966645 0.995961 -0.994928 -0.980275 
-0.966129 0.998796 -0.997870 -0.989980 
-0.966129 0.998796 -0.997870 -0.989980 
-0.966129 0.998796 -0.997870 -0.989980 
-0.093498 0.383139 0.691080 0.620213 
-0.977935 0.982287 -0.995497 -0.978993 
-0.964879 0.996568 -0.995103 -0.979927 
-0.966129 0.998796 -0.997870 -0.989980 
-0.966129 0.998796 -0.997870 -0.989980 
-0.966129 0.998796 -0.997870 -0.989980 
-0.093498 0.383139 0.691080 0.620213 
-0.977935 0.982287 -0.995497 -0.978993 
-0.964879 0.996568 -0.995103 -0.979927 
-0.966129 0.998796 -0.997870 -0.989980 
-0.966129 0.998796 -0.997870 -0.989980 
-0.966129 0.998796 -0.997870 -0.989980 
0.977524 -0.957032 0.999355 0.997057 
-0.983110 0.960971 -0.994926 -0.965384 
-0.962904 0.997097 -0.995413 -0.979879 
-0.966129 0.998796 -0.997870 -0.989980 
-0.966129 0.998796 -0.997870 -0.989980 
-0.966129 0.998796 -0.997870 -0.989980 
0.977524 -0.957032 0.999355 0.997057 
-0.983110 0.960971 -0.994926 -0.965384 
-0.962041 0.997294 -0.995578 -0.980015 
-0.966129 0.998796 -0.997870 -0.989980 
-0.966129 0.998796 -0.997870 -0.989980 
-0.966129 0.998796 -0.997870 -0.989980 
0.977524 -0.957032 0.999355 0.997057 
-0.983110 0.960971 -0.994926 -0.965384 
-0.961637 0.997381 -0.995659 -0.980113 
-0.966129 0.998796 -0.997870 -0.989980 
-0.966129 0.998796 -0.997870 -0.989980 
-0.966129 0.998796 -0.997870 -0.989980 
0.977524 -0.957032 0.999355 0.997057 
-0.983110 0.960971 -0.994926 -0.965384 
-0.961637 0.997381 -0.995659 -0.980113 
-0.966129 0.998796 -0.997870 -0.989980 
-0.966129 0.998796 -0.997870 -0.989980 
-0.966129 0.998796 -0.997870 -0.989980 
0.979114 -0.939923 0.999377 0.996464 
-0.985279 0.931252 -0.989478 -0.904887 
-0.959231 0.997842 -0.996184 -0.981132 
-0.966129 0.998796 -0.997870 -0.989980 
-0.966129 0.998796 -0.997870 -0.989980 
-0.966129 0.998796 -0.997870 -0.989980 
0.979373 -0.855920 0.998783 0.984073 
-0.985279 0.931252 -0.989478 -0.904887 
-0.958403 0.997983 -0.996372 -0.981634 
-0.966129 0.998796 -0.997870 -0.989980 
-0.966129 0.998796 -0.997870 -0.989980 
-0.966129 0.998796 -0.997870 -0.989980 
-0.985279 0.931252 -0.989478 -0.904887 
-0.983110 0.960971 -0.994926 -0.965384 
-0.957681 0.998101 -0.996537 -0.982122 
-0.966129 0.998796 -0.997870 -0.989980 
-0.966129 0.998796 -0.997870 -0.989980 
-0.966129 0.998796 -0.997870 -0.989980 
-0.985279 0.931252 -0.989478 -0.904887 
-0.983110 0.960971 -0.994926 -0.965384 
-0.957681 0.998101 -0.996537 -0.982122 
-0.966129 0.998796 -0.997870 -0.989980 
-0.966129 0.998796 -0.997870 -0.989980 
-0.966129 0.998796 -0.997870 -0.989980 
-0.974163 0.989386 -0.995172 -0.980508 
-0.977935 0.982287 -0.995497 -0.978993 
-0.956368 0.998308 -0.996841 -0.983125 
-0.966129 0.998796 -0.997870 -0.989980 
-0.966129 0.998796 -0.997870 -0.989980 
-0.966129 0.998796 -0.997870 -0.989980 
-0.972844 0.991243 -0.995056 -0.980807 
-0.977935 0.982287 -0.995497 -0.978993 
-0.956076 0.998354 -0.996910 -0.983368 
-0.966129 0.998796 -0.997870 -0.989980 
-0.966129 0.998796 -0.997870 -0.989980 
-0.966129 0.998796 -0.997870 -0.989980 
-0.971738 0.992544 -0.994972 -0.980959 
-0.977935 0.982287 -0.995497 -0.978993 
-0.955817 0.998396 -0.996972 -0.983591 
-0.966129 0.998796 -0.997870 -0.989980 
-0.966129 0.998796 -0.997870 -0.989980 
-0.966129 0.998796 -0.997870 -0.989980 
-0.971738 0.992544 -0.994972 -0.980959 
-0.977935 0.982287 -0.995497 -0.978993 
-0.955817 0.998396 -0.996972 -0.983591 
-0.966129 0.998796 -0.997870 -0.989980 
-0.966129 0.998796 -0.997870 -0.989980 
-0.966129 0.998796 -0.997870 -0.989980 
-0.969093 0.994745 -0.994860 -0.980830 
-0.975815 0.986623 -0.995324 -0.979997 
-0.955587 0.998433 -0.997028 -0.983795 
-0.966129 0.998796 -0.997870 -0.989980 
-0.966129 0.998796 -0.997870 -0.989980 
-0.966129 0.998796 -0.997870 -0.989980 
-0.969896 0.994198 -0.994877 -0.980942 
-0.975815 0.986623 -0.995324 -0.979997 
-0.955385 0.998467 -0.997078 -0.983981 
-0.966129 0.998796 -0.997870 -0.989980 
-0.966129 0.998796 -0.997870 -0.989980 
-0.966129 0.998796 -0.997870 -0.989980 
-0.969896 0.994198 -0.994877 -0.980942 
-0.975815 0.986623 -0.995324 -0.979997 
-0.955385 0.998467 -0.997078 -0.983981 
-0.966129 0.998796 -0.997870 -0.989980 
-0.966129 0.998796 -0.997870 -0.989980 
-0.966129 0.998796 -0.997870 -0.989980 
-0.969896 0.994198 -0.994877 -0.980942 
-0.977935 0.982287 -0.995497 -0.978993 
-0.955698 0.998415 -0.997001 -0.983695 
-0.966129 0.998796 -0.997870 -0.989980 
-0.966129 0.998796 -0.997870 -0.989980 
-0.966129 0.998796 -0.997870 -0.989980 
-0.970769 0.993489 -0.994913 -0.980995 
-0.977935 0.982287 -0.995497 -0.978993 
-0.955817 0.998396 -0.996972 -0.983591 
-0.966129 0.998796 -0.997870 -0.989980 
-0.966129 0.998796 -0.997870 -0.989980 
-0.966129 0.998796 -0.997870 -0.989980 
-0.970769 0.993489 -0.994913 -0.980995 
-0.975815 0.986623 -0.995324 -0.979997 
-0.956076 0.998354 -0.996910 -0.983368 
-0.966129 0.998796 -0.997870 -0.989980 
-0.966129 0.998796 -0.997870 -0.989980 
-0.966129 0.998796 -0.997870 -0.989980 
-0.970769 0.993489 -0.994913 -0.980995 
-0.975815 0.986623 -0.995324 -0.979997 
-0.956076 0.998354 -0.996910 -0.983368 
-0.966129 0.998796 -0.997870 -0.989980 
-0.966129 0.998796 -0.997870 -0.989980 
-0.966129 0.998796 -0.997870 -0.989980 
-0.975815 0.986623 -0.995324 -0.979997 
-0.970769 0.993489 -0.994913 -0.980995 
-0.956872 0.998229 -0.996724 -0.982723 
-0.966129 0.998796 -0.997870 -0.989980 
-0.966129 0.998796 -0.997870 -0.989980 
-0.966129 0.998796 -0.997870 -0.989980 
-0.980518 0.974941 -0.995567 -0.976209 
-0.970769 0.993489 -0.994913 -0.980995 
-0.956872 0.998229 -0.996724 -0.982723 
-0.966129 0.998796 -0.997870 -0.989980 
-0.966129 0.998796 -0.997870 -0.989980 
-0.966129 0.998796 -0.997870 -0.989980 
-0.093498 0.383139 0.691080 0.620213 
-0.970769 0.993489 -0.994913 -0.980995 
-0.956872 0.998229 -0.996724 -0.982723 
-0.966129 0.998796 -0.997870 -0.989980 
-0.966129 0.998796 -0.997870 -0.989980 
-0.966129 0.998796 -0.997870 -0.989980 
-0.093498 0.383139 0.691080 0.620213 
-0.970769 0.993489 -0.994913 -0.980995 
-0.956872 0.998229 -0.996724 -0.982723 
-0.966129 0.998796 -0.997870 -0.989980 
-0.966129 0.998796 -0.997870 -0.989980 
-0.966129 0.998796 -0.997870 -0.989980 
0.974698 -0.983136 0.999124 0.997608 
-0.969896 0.994198 -0.994877 -0.980942 
-0.957681 0.998101 -0.996537 -0.982122 
-0.966129 0.998796 -0.997870 -0.989980 
-0.966129 0.998796 -0.997870 -0.989980 
-0.966129 0.998796 -0.997870 -0.989980 
0.974235 -0.987573 0.999024 0.997688 
-0.969093 0.994745 -0.994860 -0.980830 
-0.957463 0.998136 -0.996587 -0.982279 
-0.966129 0.998796 -0.997870 -0.989980 
-0.966129 0.998796 -0.997870 -0.989980 
-0.966129 0.998796 -0.997870 -0.989980 
0.974235 -0.987573 0.999024 0.997688 
-0.969093 0.994745 -0.994860 -0.980830 
-0.957463 0.998136 -0.996587 -0.982279 
-0.966129 0.998796 -0.997870 -0.989980 
-0.966129 0.998796 -0.997870 -0.989980 
-0.966129 0.998796 -0.997870 -0.989980 
0.972220 -0.994389 0.998793 0.997523 
-0.970769 0.993489 -0.994913 -0.980995 
-0.956527 0.998283 -0.996804 -0.982996 
-0.966129 0.998796 -0.997870 -0.989980 
-0.966129 0.998796 -0.997870 -0.989980 
-0.966129 0.998796 -0.997870 -0.989980 
0.971618 -0.995248 0.998764 0.997428 
-0.971738 0.992544 -0.994972 -0.980959 
-0.956527 0.998283 -0.996804 -0.982996 
-0.966129 0.998796 -0.997870 -0.989980 
-0.966129 0.998796 -0.997870 -0.989980 
-0.966129 0.998796 -0.997870 -0.989980 
0.971261 -0.995687 0.998751 0.997369 
-0.972844 0.991243 -0.995056 -0.980807 
-0.956527 0.998283 -0.996804 -0.982996 
-0.966129 0.998796 -0.997870 -0.989980 
-0.966129 0.998796 -0.997870 -0.989980 
-0.966129 0.998796 -0.997870 -0.989980 
0.971261 -0.995687 0.998751 0.997369 
-0.972844 0.991243 -0.995056 -0.980807 
-0.956527 0.998283 -0.996804 -0.982996 
-0.966129 0.998796 -0.997870 -0.989980 
-0.966129 0.998796 -0.997870 -0.989980 
-0.966129 0.998796 -0.997870 -0.989980 
0.970788 -0.996207 0.998737 0.997290 
-0.977935 0.982287 -0.995497 -0.978993 
-0.957059 0.998200 -0.996680 -0.982580 
-0.966129 0.998796 -0.997870 -0.989980 
-0.966129 0.998796 -0.997870 -0.989980 
-0.966129 0.998796 -0.997870 -0.989980 
0.970646 -0.996353 0.998734 0.997266 
-0.980518 0.974941 -0.995567 -0.976209 
-0.957256 0.998168 -0.996635 -0.982431 
-0.966129 0.998796 -0.997870 -0.989980 
-0.966129 0.998796 -0.997870 -0.989980 
-0.966129 0.998796 -0.997870 -0.989980 
0.970646 -0.996353 0.998734 0.997266 
-0.980518 0.974941 -0.995567 -0.976209 
-0.957256 0.998168 -0.996635 -0.982431 
-0.966129 0.998796 -0.997870 -0.989980 
-0.966129 0.998796 -0.997870 -0.989980 
-0.966129 0.998796 -0.997870 -0.989980 
0.970381 -0.996610 0.998729 0.997221 
0.979373 -0.855920 0.998783 0.984073 
-0.957256 0.998168 -0.996635 -0.982431 
-0.966129 0.998796 -0.997870 -0.989980 
-0.966129 0.998796 -0.997870 -0.989980 
-0.966129 0.998796 -0.997870 -0.989980 
0.970510 -0.996486 0.998731 0.997243 
0.979373 -0.855920 0.998783 0.984073 
-0.957256 0.998168 -0.996635 -0.982431 
-0.966129 0.998796 -0.997870 -0.989980 
-0.966129 0.998796 -0.997870 -0.989980 
-0.966129 0.998796 -0.997870 -0.989980 
0.970646 -0.996353 0.998734 0.997266 
-0.093498 0.383139 0.691080 0.620213 
-0.957911 0.998064 -0.996485 -0.981962 
-0.966129 0.998796 -0.997870 -0.989980 
-0.966129 0.998796 -0.997870 -0.989980 
-0.966129 0.998796 -0.997870 -0.989980 
0.970646 -0.996353 0.998734 0.997266 
-0.093498 0.383139 0.691080 0.620213 
-0.957911 0.998064 -0.996485 -0.981962 
-0.966129 0.998796 -0.997870 -0.989980 
-0.966129 0.998796 -0.997870 -0.989980 
-0.966129 0.998796 -0.997870 -0.989980 
0.971261 -0.995687 0.998751 0.997369 
-0.983110 0.960971 -0.994926 -0.965384 
-0.959848 0.997732 -0.996045 -0.980805 
-0.966129 0.998796 -0.997870 -0.989980 
-0.966129 0.998796 -0.997870 -0.989980 
-0.966129 0.998796 -0.997870 -0.989980 
0.971435 -0.995478 0.998757 0.997398 
-0.983110 0.960971 -0.994926 -0.965384 
-0.960519 0.997606 -0.995897 -0.980498 
-0.966129 0.998796 -0.997870 -0.989980 
-0.966129 0.998796 -0.997870 -0.989980 
-0.966129 0.998796 -0.997870 -0.989980 
0.971618 -0.995248 0.998764 0.997428 
-0.980518 0.974941 -0.995567 -0.976209 
-0.960876 0.997536 -0.995819 -0.980357 
-0.966129 0.998796 -0.997870 -0.989980 
-0.966129 0.998796 -0.997870 -0.989980 
-0.966129 0.998796 -0.997870 -0.989980 
0.971618 -0.995248 0.998764 0.997428 
-0.980518 0.974941 -0.995567 -0.976209 
-0.960876 0.997536 -0.995819 -0.980357 
-0.966129 0.998796 -0.997870 -0.989980 
-0.966129 0.998796 -0.997870 -0.989980 
-0.966129 0.998796 -0.997870 -0.989980 
0.971261 -0.995687 0.998751 0.997369 
-0.985279 0.931252 -0.989478 -0.904887 
-0.962463 0.997200 -0.995495 -0.979936 
-0.966129 0.998796 -0.997870 -0.989980 
-0.966129 0.998796 -0.997870 -0.989980 
-0.966129 0.998796 -0.997870 -0.989980 
0.971096 -0.995876 0.998746 0.997341 
-0.093498 0.383139 0.691080 0.620213 
-0.962904 0.997097 -0.995413 -0.979879 
-0.966129 0.998796 -0.997870 -0.989980 
-0.966129 0.998796 -0.997870 -0.989980 
-0.966129 0.998796 -0.997870 -0.989980 
0.971096 -0.995876 0.998746 0.997341 
0.979373 -0.855920 0.998783 0.984073 
-0.963845 0.996860 -0.995252 -0.979845 
-0.966129 0.998796 -0.997870 -0.989980 
-0.966129 0.998796 -0.997870 -0.989980 
-0.966129 0.998796 -0.997870 -0.989980 
0.971096 -0.995876 0.998746 0.997341 
0.979373 -0.855920 0.998783 0.984073 
-0.963845 0.996860 -0.995252 -0.979845 
-0.966129 0.998796 -0.997870 -0.989980 
-0.966129 0.998796 -0.997870 -0.989980 
-0.966129 0.998796 -0.997870 -0.989980 
0.971261 -0.995687 0.998751 0.997369 
0.980440 -0.911750 0.999295 0.994371 
-0.964879 0.996568 -0.995103 -0.979927 
-0.966129 0.998796 -0.997870 -0.989980 
-0.966129 0.998796 -0.997870 -0.989980 
-0.966129 0.998796 -0.997870 -0.989980 
0.971261 -0.995687 0.998751 0.997369 
0.979114 -0.939923 0.999377 0.996464 
-0.965436 0.996394 -0.995036 -0.980015 
-0.966129 0.998796 -0.997870 -0.989980 
-0.966129 0.998796 -0.997870 -0.989980 
-0.966129 0.998796 -0.997870 -0.989980 
0.971435 -0.995478 0.998757 0.997398 
0.977524 -0.957032 0.999355 0.997057 
-0.965436 0.996394 -0.995036 -0.980015 
-0.966129 0.998796 -0.997870 -0.989980 
-0.966129 0.998796 -0.997870 -0.989980 
-0.966129 0.998796 -0.997870 -0.989980 
0.971435 -0.995478 0.998757 0.997398 
0.977524 -0.957032 0.999355 0.997057 
-0.965436 0.996394 -0.995036 -0.980015 
-0.966129 0.998796 -0.997870 -0.989980 
-0.966129 0.998796 -0.997870 -0.989980 
-0.966129 0.998796 -0.997870 -0.989980 
0.971618 -0.995248 0.998764 0.997428 
0.977524 -0.957032 0.999355 0.997057 
-0.966645 0.995961 -0.994928 -0.980275 
-0.966129 0.998796 -0.997870 -0.989980 
-0.966129 0.998796 -0.997870 -0.989980 
-0.966129 0.998796 -0.997870 -0.989980 
0.971618 -0.995248 0.998764 0.997428 
0.976303 -0.967778 0.999302 0.997296 
-0.966645 0.995961 -0.994928 -0.980275 
-0.966129 0.998796 -0.997870 -0.989980 
-0.966129 0.998796 -0.997870 -0.989980 
-0.966129 0.998796 -0.997870 -0.989980 
0.971618 -0.995248 0.998764 0.997428 
0.976303 -0.967778 0.999302 0.997296 
-0.966645 0.995961 -0.994928 -0.980275 
-0.966129 0.998796 -0.997870 -0.989980 
-0.966129 0.998796 -0.997870 -0.989980 
-0.966129 0.998796 -0.997870 -0.989980 
0.972011 -0.994709 0.998782 0.997490 
0.975022 -0.979690 0.999181 0.997536 
-0.967304 0.995686 -0.994890 -0.980436 
-0.966129 0.998796 -0.997870 -0.989980 
-0.966129 0.998796 -0.997870 -0.989980 
-0.966129 0.998796 -0.997870 -0.989980 
0.972220 -0.994389 0.998793 0.997523 
0.974698 -0.983136 0.999124 0.997608 
-0.968007 0.995355 -0.994866 -0.980606 
-0.966129 0.998796 -0.997870 -0.989980 
-0.966129 0.998796 -0.997870 -0.989980 
-0.966129 0.998796 -0.997870 -0.989980 
0.972220 -0.994389 0.998793 0.997523 
0.974698 -0.983136 0.999124 0.997608 
-0.968007 0.995355 -0.994866 -0.980606 
-0.966129 0.998796 -0.997870 -0.989980 
-0.966129 0.998796 -0.997870 -0.989980 
-0.966129 0.998796 -0.997870 -0.989980 
0.973352 -0.991941 0.998884 0.997671 
0.974452 -0.985665 0.999071 0.997658 
-0.967304 0.995686 -0.994890 -0.980436 
-0.966129 0.998796 -0.997870 -0.989980 
-0.966129 0.998796 -0.997870 -0.989980 
-0.966129 0.998796 -0.997870 -0.989980 
0.973582 -0.991163 0.998912 0.997690 
0.974452 -0.985665 0.999071 0.997658 
-0.966645 0.995961 -0.994928 -0.980275 
-0.966129 0.998796 -0.997870 -0.989980 
-0.966129 0.998796 -0.997870 -0.989980 
-0.966129 0.998796 -0.997870 -0.989980 
0.973806 -0.990219 0.998944 0.997701 
0.974235 -0.987573 0.999024 0.997688 
-0.966645 0.995961 -0.994928 -0.980275 
-0.966129 0.998796 -0.997870 -0.989980 
-0.966129 0.998796 -0.997870 -0.989980 
-0.966129 0.998796 -0.997870 -0.989980 
0.973806 -0.990219 0.998944 0.997701 
0.974235 -0.987573 0.999024 0.997688 
-0.966645 0.995961 -0.994928 -0.980275 
-0.966129 0.998796 -0.997870 -0.989980 
-0.966129 0.998796 -0.997870 -0.989980 
-0.966129 0.998796 -0.997870 -0.989980 
0.976303 -0.967778 0.999302 0.997296 
0.974235 -0.987573 0.999024 0.997688 
-0.968758 0.994947 -0.994858 -0.980768 
-0.966129 0.998796 -0.997870 -0.989980 
-0.966129 0.998796 -0.997870 -0.989980 
-0.966129 0.998796 -0.997870 -0.989980 
0.980440 -0.911750 0.999295 0.994371 
0.974452 -0.985665 0.999071 0.997658 
-0.970446 0.993767 -0.994898 -0.980984 
-0.966129 0.998796 -0.997870 -0.989980 
-0.966129 0.998796 -0.997870 -0.989980 
-0.966129 0.998796 -0.997870 -0.989980 
-0.985279 0.931252 -0.989478 -0.904887 
0.974452 -0.985665 0.999071 0.997658 
-0.971415 0.992879 -0.994950 -0.980981 
-0.966129 0.998796 -0.997870 -0.989980 
-0.966129 0.998796 -0.997870 -0.989980 
-0.966129 0.998796 -0.997870 -0.989980 
-0.985279 0.931252 -0.989478 -0.904887 
0.974452 -0.985665 0.999071 0.997658 
-0.971415 0.992879 -0.994950 -0.980981 
-0.966129 0.998796 -0.997870 -0.989980 
-0.966129 0.998796 -0.997870 -0.989980 
-0.966129 0.998796 -0.997870 -0.989980 
-0.971738 0.992544 -0.994972 -0.980959 
0.974698 -0.983136 0.999124 0.997608 
-0.973821 0.989898 -0.995140 -0.980595 
-0.966129 0.998796 -0.997870 -0.989980 
-0.966129 0.998796 -0.997870 -0.989980 
-0.966129 0.998796 -0.997870 -0.989980 
-0.969093 0.994745 -0.994860 -0.980830 
0.974698 -0.983136 0.999124 0.997608 
-0.975451 0.987273 -0.995291 -0.980123 
-0.966129 0.998796 -0.997870 -0.989980 
-0.966129 0.998796 -0.997870 -0.989980 
-0.966129 0.998796 -0.997870 -0.989980 
-0.969093 0.994745 -0.994860 -0.980830 
0.974698 -0.983136 0.999124 0.997608 
-0.975451 0.987273 -0.995291 -0.980123 
-0.966129 0.998796 -0.997870 -0.989980 
-0.966129 0.998796 -0.997870 -0.989980 
-0.966129 0.998796 -0.997870 -0.989980 
-0.967650 0.995528 -0.994876 -0.980521 
0.975022 -0.979690 0.999181 0.997536 
-0.977561 0.983131 -0.995471 -0.979216 
-0.966129 0.998796 -0.997870 -0.989980 
-0.966129 0.998796 -0.997870 -0.989980 
-0.966129 0.998796 -0.997870 -0.989980 
-0.966995 0.995819 -0.994906 -0.980360 
0.974698 -0.983136 0.999124 0.997608 
-0.975451 0.987273 -0.995291 -0.980123 
-0.966129 0.998796 -0.997870 -0.989980 
-0.966129 0.998796 -0.997870 -0.989980 
-0.966129 0.998796 -0.997870 -0.989980 
-0.966995 0.995819 -0.994906 -0.980360 
0.974698 -0.983136 0.999124 0.997608 
-0.973821 0.989898 -0.995140 -0.980595 
-0.966129 0.998796 -0.997870 -0.989980 
-0.966129 0.998796 -0.997870 -0.989980 
-0.966129 0.998796 -0.997870 -0.989980 
