0.295863 0.726261 0.811711 0.256365 
0.295863 0.726261 0.811711 0.256365 
0.295863 0.726261 0.811711 0.256365 
0.295863 0.726261 0.811711 0.256365 
0.454298 0.743082 0.794514 0.274713 
0.454298 0.743082 0.794514 0.274713 
0.454298 0.743082 0.794514 0.274713 
0.908759 0.799637 -0.225300 0.145099 
0.908759 0.799637 -0.225300 0.145099 
0.908759 0.799637 -0.225300 0.145099 
0.908759 0.799637 -0.225300 0.145099 
0.908759 0.799637 -0.225300 0.145099 
0.908759 0.799637 -0.225300 0.145099 
0.840366 0.916560 -0.126242 -0.007287 
0.834364 0.921478 -0.119448 -0.017629 
0.834364 0.921478 -0.119448 -0.017629 
0.127523 0.987623 0.090706 -0.103685 
0.127523 0.987623 0.090706 -0.103685 
0.127523 0.987623 0.090706 -0.103685 
0.281326 0.942480 0.034033 -0.125844 
0.103619 0.938253 0.082346 -0.145222 
0.103619 0.938253 0.082346 -0.145222 
0.398628 0.840275 -0.026694 0.017504 
0.245070 0.904484 0.020016 0.012165 
0.245070 0.904484 0.020016 0.012165 
0.245070 0.904484 0.020016 0.012165 
0.245175 0.904450 0.019863 0.012390 
0.245175 0.904450 0.019863 0.012390 
0.718163 0.380430 -0.701711 0.868067 
0.608004 0.630487 -0.754810 0.892100 
0.608004 0.630487 -0.754810 0.892100 
0.748030 0.284184 -0.743706 0.896677 
0.771396 0.236529 -0.798062 0.921046 
0.771396 0.236529 -0.798062 0.921046 
0.748030 0.284184 -0.743706 0.896677 
0.771396 0.236529 -0.798062 0.921046 
0.771396 0.236529 -0.798062 0.921046 
-0.061702 0.150789 0.339979 0.920275 
-0.061702 0.150789 0.339979 0.920275 
-0.061702 0.150789 0.339979 0.920275 
-0.061702 0.150789 0.339979 0.920275 
0.503625 -0.734756 0.496015 0.896812 
0.503625 -0.734756 0.496015 0.896812 
0.503625 -0.734756 0.496015 0.896812 
0.503625 -0.734756 0.496015 0.896812 
-0.015126 -0.463723 0.795400 0.342787 
-0.015126 -0.463723 0.795400 0.342787 
