0 0 0 0 0 0
129 106 119 0 0 0
129 106 119 0 0 0
130 108 115 0 0 0
129 111 110 16383 16383 16383
129 113 107 16383 16383 16383
130 116 104 16383 16383 16383
130 116 104 16383 16383 16383
137 137 100 63 70 9615
139 143 100 12713 7516 9791
140 150 101 13255 7851 9902
140 150 101 13255 7851 9902
138 166 107 13783 8246 10144
136 171 110 15396 9108 11350
136 171 110 15396 9108 11350
126 184 117 9786 9104 9802
123 189 119 10226 9066 11690
121 195 120 10332 9445 12226
121 195 120 10332 9445 12226
106 213 129 10422 9982 12614
98 221 134 10853 10083 13395
89 226 141 11146 9002 12930
89 226 141 11146 9002 12930
102 239 169 11482 7425 11719
115 240 183 12001 6785 7507
127 241 199 11529 9134 8046
127 241 199 11529 9134 8046
86 222 201 10789 12835 9675
83 213 197 13932 14557 10318
88 208 200 13930 13209 9570
