0.192308 -0.640000 -0.923077 -62.000000 -92.699997 10.000000
0.192308 -0.640000 -0.923077 -45.799999 -86.349998 16.400000
0.192308 -0.640000 -0.923077 -45.799999 -86.349998 16.400000
0.076923 -0.680000 -0.807692 0.000000 0.000000 0.000000
0.038462 -0.680000 -0.769231 45.799999 14.600000 11.750000
0.038462 -0.680000 -0.769231 45.799999 14.600000 11.750000
-0.038462 -0.640000 -0.653846 0.000000 0.000000 0.000000
-0.076923 -0.600000 -0.615385 18.850000 16.750000 6.300000
-0.115385 -0.600000 -0.615385 27.600000 20.450001 4.150000
-0.115385 -0.600000 -0.615385 27.600000 20.450001 4.150000
-0.115385 -0.440000 -0.500000 0.000000 0.000000 0.000000
-0.038462 -0.360000 -0.461538 37.750000 -14.300000 -28.049999
-0.038462 -0.360000 -0.461538 37.750000 -14.300000 -28.049999
0.038462 -0.200000 -0.384615 50.900002 -15.850000 -31.799999
0.000000 -0.120000 -0.153846 0.000000 0.000000 0.000000
-0.038462 -0.120000 -0.076923 18.799999 15.400000 7.150000
-0.038462 -0.120000 -0.076923 18.799999 15.400000 7.150000
-0.076923 0.040000 0.153846 0.000000 0.000000 0.000000
-0.038462 0.080000 0.269231 21.850000 3.100000 -9.250000
0.000000 0.160000 0.307692 29.049999 6.250000 -9.800000
0.000000 0.160000 0.307692 29.049999 6.250000 -9.800000
-0.076923 0.320000 0.692308 0.000000 0.000000 0.000000
-0.153846 0.400000 0.769231 13.700000 39.900002 22.650000
-0.153846 0.400000 0.769231 13.700000 39.900002 22.650000
-0.192308 0.520000 1.115385 0.000000 0.000000 0.000000
-0.153846 0.560000 1.192308 0.000000 -18.299999 0.000000
-0.153846 0.600000 1.230769 -4.650000 -33.599998 1.650000
-0.153846 0.600000 1.230769 -4.650000 -33.599998 1.650000
-0.038462 0.760000 1.230769 0.000000 0.000000 0.000000
-0.076923 0.760000 1.230769 -10.600000 -8.950000 24.400000
-0.115385 0.800000 1.192308 -15.900000 -8.800000 31.000000
-0.115385 0.800000 1.192308 -15.900000 -8.800000 31.000000
-0.230769 0.880000 1.269231 0.000000 0.000000 0.000000
-0.230769 0.920000 1.346154 -9.700000 -11.750000 -5.950000
-0.230769 0.920000 1.346154 -9.700000 -11.750000 -5.950000
-0.153846 1.080000 1.384615 0.000000 0.000000 0.000000
-0.153846 1.080000 1.384615 -31.000000 -4.400000 10.400000
-0.153846 1.080000 1.346154 -42.349998 -3.700000 16.299999
-0.153846 1.080000 1.346154 -42.349998 -3.700000 16.299999
-0.346154 1.120000 1.230769 0.000000 0.000000 0.000000
-0.423077 1.160000 1.230769 -13.400000 -7.400000 12.900000
-0.500000 1.120000 1.230769 -14.050000 -19.850000 9.000000
-0.500000 1.120000 1.230769 -14.050000 -19.850000 9.000000
-0.500000 1.160000 1.038462 0.000000 0.000000 0.000000
-0.461538 1.200000 0.961538 -0.800000 -24.600000 -32.250000
-0.461538 1.200000 0.961538 -0.800000 -24.600000 -32.250000
-0.269231 1.400000 0.769231 0.000000 0.000000 0.000000
-0.269231 1.400000 0.807692 -3.250000 58.099998 -4.200000
-0.269231 1.400000 0.807692 -3.250000 58.099998 -4.200000
-0.346154 1.320000 1.000000 0.000000 0.000000 0.000000
-0.384615 1.280000 1.038462 -17.299999 9.100000 -1.350000
-0.384615 1.280000 1.038462 -17.299999 9.100000 -1.350000
