131 128 112 4235 8502 7144
133 129 109 4552 8630 7211
137 129 106 4984 8523 7390
137 129 106 4984 8523 7390
136 129 97 5614 8515 7712
135 130 95 7704 9155 8125
137 132 91 8480 9453 8231
137 132 91 8480 9453 8231
140 143 84 9338 9894 8371
142 147 79 13614 9204 9695
146 156 75 9855 8289 10323
146 156 75 9855 8289 10323
145 209 91 10477 7374 11381
134 228 106 12546 5564 15190
115 234 129 13189 5041 9889
115 234 129 13189 5041 9889
173 226 231 13770 3322 15749
142 193 235 10805 6324 15516
142 193 235 10805 6324 15516
93 169 120 13027 6192 14707
108 167 181 13690 8511 5937
