139 122 105 9116 7567 8726
140 126 101 9635 7609 8991
141 130 96 10202 7709 9221
141 130 96 10202 7709 9221
138 152 75 10910 7915 9389
139 163 64 14658 8175 9726
139 163 64 14658 8175 9726
163 222 54 10209 7051 10132
162 233 73 13182 1271 13155
162 233 73 13182 1271 13155
111 240 208 13921 2500 14740
121 232 228 12688 11782 10160
121 232 228 12688 11782 10160
66 166 128 10569 10661 10138
95 182 107 15600 6239 8475
114 185 178 10163 3971 6640
114 185 178 10163 3971 6640
133 170 197 14808 9168 5507
135 166 176 8924 9372 5773
