143 129 109 8826 7649 7943
145 134 105 9124 7661 8145
149 140 102 9437 7622 8406
149 140 102 9437 7622 8406
158 161 84 9862 7686 8723
162 172 81 13020 7958 10106
166 186 80 14606 7843 11157
166 186 80 14606 7843 11157
165 230 89 10012 7299 12953
153 235 99 11525 6632 10663
135 239 114 11964 6573 11095
135 239 114 11964 6573 11095
73 243 178 12400 6092 11442
95 243 213 13966 5660 10656
95 243 213 13966 5660 10656
75 208 238 13654 5477 10215
63 196 218 10091 6223 11890
63 196 218 10091 6223 11890
146 195 221 10529 5063 7991
161 185 233 10500 7954 5441
