0.461538 -0.423077 -1.080000 8448 7728 8037
0.500000 -0.346154 -1.000000 8859 7537 8123
0.500000 -0.346154 -1.000000 8859 7537 8123
0.576923 -0.346154 -1.000000 9044 7392 8227
0.576923 -0.346154 -1.000000 9757 7028 8734
0.538462 -0.346154 -1.000000 9915 7157 8915
0.538462 -0.346154 -1.000000 9915 7157 8915
0.384615 -0.346154 -0.880000 9986 7428 9071
0.346154 -0.346154 -0.840000 10125 8232 9289
0.307692 -0.346154 -0.800000 10229 8273 9283
0.307692 -0.346154 -0.800000 10229 8273 9283
0.307692 -0.346154 -0.760000 10384 8242 9258
0.307692 -0.307692 -0.760000 11248 7735 9207
0.346154 -0.269231 -0.720000 11650 7550 9250
0.346154 -0.269231 -0.720000 11650 7550 9250
0.346154 -0.153846 -0.480000 11989 7463 9340
0.307692 -0.153846 -0.440000 12490 7785 9962
0.230769 -0.115385 -0.360000 12581 7917 10153
0.230769 -0.115385 -0.360000 12581 7917 10153
0.153846 -0.115385 -0.160000 12668 8006 10313
0.153846 -0.076923 -0.120000 13105 8097 10500
0.153846 0.000000 -0.080000 13126 8194 10594
0.153846 0.000000 -0.080000 13126 8194 10594
0.038462 0.076923 0.160000 13187 8259 10763
0.000000 0.076923 0.240000 13170 8486 11188
-0.076923 0.076923 0.240000 13109 8450 11227
-0.076923 0.076923 0.240000 13109 8450 11227
-0.153846 0.192308 0.320000 13126 8308 11207
-0.153846 0.269231 0.360000 13626 7995 10960
-0.192308 0.307692 0.440000 13939 8023 11008
-0.192308 0.307692 0.440000 13939 8023 11008
-0.346154 0.346154 0.680000 14010 8075 11027
-0.346154 0.384615 0.720000 13973 8245 10708
-0.346154 0.423077 0.800000 13936 8430 10593
-0.346154 0.423077 0.800000 13936 8430 10593
-0.384615 0.538462 1.000000 13791 8725 10474
-0.384615 0.615385 1.080000 13440 9344 10253
-0.384615 0.615385 1.080000 13440 9344 10253
-0.538462 0.615385 1.200000 13332 9402 10398
-0.576923 0.615385 1.240000 13142 8777 10427
-0.576923 0.615385 1.240000 13142 8777 10427
-0.576923 0.769231 1.200000 13071 8474 10324
-0.615385 0.807692 1.240000 13010 8334 10140
-0.653846 0.846154 1.280000 13031 8409 10199
-0.653846 0.846154 1.280000 13031 8409 10199
-0.653846 0.807692 1.320000 13009 8369 10192
-0.653846 0.846154 1.360000 12969 7591 9669
-0.615385 0.923077 1.360000 12914 7403 9413
-0.615385 0.923077 1.360000 12914 7403 9413
-0.500000 1.076923 1.400000 12779 7422 9149
-0.500000 1.076923 1.400000 12282 7862 9181
-0.538462 1.076923 1.360000 12158 7785 9170
-0.538462 1.076923 1.360000 12158 7785 9170
-0.384615 1.038462 1.240000 12060 7588 9061
-0.230769 1.153846 1.240000 11957 7100 8681
-0.115385 1.269231 1.240000 11672 7346 8806
-0.115385 1.269231 1.240000 11672 7346 8806
-0.269231 1.346154 1.240000 11244 7845 9118
-0.384615 1.307692 1.240000 10501 8390 10126
-0.384615 1.307692 1.240000 10501 8390 10126
-0.653846 1.000000 1.280000 10494 8200 10218
-0.615385 0.961538 1.360000 10699 7718 9331
-0.576923 0.961538 1.440000 10639 7832 8964
