137 115 111 8635 7571 8002
140 115 110 8731 7598 8092
142 115 110 8922 7587 8259
142 115 110 8922 7587 8259
142 116 110 9123 7465 8595
140 115 110 10107 7017 9518
137 114 111 10379 7027 9729
137 114 111 10379 7027 9729
132 113 114 10574 7173 9765
131 113 114 10973 7611 9409
131 113 114 10973 7611 9409
135 118 115 11216 7486 9238
136 120 116 12053 7343 9286
137 122 117 12178 7567 9498
137 122 117 12178 7567 9498
134 125 119 12294 7822 9756
133 126 120 12794 8063 10445
133 126 120 12794 8063 10445
130 130 123 13047 8015 10633
129 133 124 13926 7954 10916
129 133 124 13926 7954 10916
127 140 128 14115 8106 11044
125 143 129 15133 7926 11401
125 143 129 15133 7926 11401
130 158 136 15676 7478 11486
130 161 141 9937 7913 12064
130 161 141 9937 7913 12064
115 164 154 9884 8680 12498
107 161 156 15754 9623 13250
103 159 157 15730 9189 12858
103 159 157 15730 9189 12858
105 166 153 15758 8799 12278
108 171 154 9827 8537 10803
111 175 156 9893 8489 10758
111 175 156 9893 8489 10758
113 180 168 9923 8397 10869
111 179 172 15743 8574 11332
111 179 172 15743 8574 11332
105 172 180 15130 8647 11185
