133 106 123 9446 8272 8661
133 105 123 9423 8185 8688
132 104 124 9513 8074 8682
132 104 124 9513 8074 8682
133 103 123 9656 7893 8610
134 104 124 10135 7607 8494
134 104 124 10135 7607 8494
132 104 126 10234 7644 8557
132 105 126 10262 8037 8599
132 105 126 10262 8037 8599
134 107 127 10251 8143 8565
134 108 127 10439 8217 8645
134 108 127 10525 8252 8710
134 108 127 10525 8252 8710
134 110 129 10649 8230 8768
133 109 129 11189 7909 8980
133 110 129 11323 7823 9013
133 110 129 11323 7823 9013
131 111 136 11443 7884 9043
131 111 137 11446 8320 9136
131 111 137 11446 8320 9136
130 113 140 11381 8425 9179
130 114 142 11454 8505 9255
130 114 142 11454 8505 9255
132 117 143 11624 8206 9213
131 118 145 12261 7441 9387
131 118 145 12261 7441 9387
127 117 148 12362 7429 9508
125 119 148 11685 8369 9446
125 119 148 11685 8369 9446
125 121 151 11472 8819 9369
125 122 151 11383 8816 9283
125 122 151 11383 8816 9283
127 126 152 11581 8504 9257
128 126 153 12142 7958 9344
128 126 153 12142 7958 9344
122 125 158 12193 7984 9465
121 126 157 11652 8065 9206
121 126 157 11652 8065 9206
123 130 157 11567 8274 9062
125 132 156 11541 8473 8748
127 133 156 11639 8446 8825
127 133 156 11639 8446 8825
127 136 157 11784 8335 8989
125 136 158 12055 8026 9375
125 136 158 12055 8026 9375
120 137 158 11987 8023 9389
119 138 158 11784 8257 8978
119 138 158 11784 8257 8978
125 142 159 11754 8371 8810
126 143 158 11583 8412 8970
126 143 158 11583 8412 8970
126 145 156 11644 8257 9161
127 146 153 11795 7402 9263
127 146 153 11795 7402 9263
124 149 152 11862 7363 9333
123 149 152 11915 7910 9477
123 149 152 11915 7910 9477
124 151 153 11976 7959 9411
125 151 156 11971 8155 9345
125 152 156 11687 8286 9296
125 152 156 11514 8290 9243
125 152 156 11514 8290 9243
125 152 156 11345 8350 9147
124 152 155 10714 8443 8749
123 152 155 10638 8261 8527
123 152 155 10638 8261 8527
