135 122 105 9338 8315 8540
136 125 103 9351 8489 8496
136 125 103 9351 8489 8496
141 137 92 9438 8507 8543
142 141 87 9953 9164 8961
143 146 84 10613 9495 9290
143 146 84 10613 9495 9290
145 165 92 11506 9858 9798
142 171 97 14663 10402 12528
142 171 97 14663 10402 12528
125 192 114 15738 10145 13444
121 200 119 10519 8900 15265
121 200 119 10519 8900 15265
121 227 135 10760 8534 15599
115 234 135 10950 9310 10143
106 237 137 11126 9438 10301
106 237 137 11126 9438 10301
93 242 166 11414 8586 10337
94 242 185 12131 6278 9964
90 243 217 11854 7585 9920
90 243 217 11854 7585 9920
