140 113 112 9315 8413 9069
140 114 114 9775 8327 9273
140 112 113 9987 8171 9414
140 112 113 9987 8171 9414
133 113 115 10371 8080 9624
132 114 116 11523 7831 9632
132 115 116 11824 7671 9461
132 115 116 11824 7671 9461
136 122 113 12101 7545 9334
137 125 113 13132 7408 9294
137 125 113 13132 7408 9294
136 132 115 13525 7440 9453
134 134 115 14725 7462 9961
134 134 115 14725 7462 9961
129 142 119 15166 7443 10054
127 145 121 9859 8073 10101
126 149 124 9940 8398 10138
126 149 124 9940 8398 10138
129 164 129 10024 8705 10220
126 171 130 10297 9666 11381
122 178 137 10410 10022 11926
122 178 137 10410 10022 11926
108 187 169 10534 10137 12426
107 187 174 10627 8543 12446
108 186 175 10555 7900 12031
108 186 175 10555 7900 12031
110 191 174 10445 7621 11653
110 192 178 10163 8556 11087
111 191 183 10064 8636 10913
111 191 183 10064 8636 10913
