144 119 102 7673 7886 7654
144 121 103 7994 7739 7933
144 121 103 7994 7739 7933
147 124 102 8122 7735 8139
146 125 101 8685 7743 9256
145 125 101 8781 7970 9528
145 125 101 8781 7970 9528
139 130 96 8957 8069 9665
139 132 94 10400 7453 9242
140 137 93 11161 7267 8996
140 137 93 11161 7267 8996
146 154 96 11965 7159 8828
147 161 97 14335 6664 9345
148 167 98 15005 6635 9779
148 167 98 15005 6635 9779
142 188 103 15709 6848 10395
138 196 106 10260 7663 12728
138 196 106 10260 7663 12728
124 220 118 10484 7896 13643
120 230 123 11058 7545 9851
120 230 123 11058 7545 9851
103 240 123 11198 7642 10004
92 241 130 11650 8659 10223
92 241 130 11650 8659 10223
102 243 184 12053 7409 9998
111 243 196 11641 7488 12743
111 243 196 11641 7488 12743
101 245 175 10964 9447 12455
102 244 182 10418 10310 12467
102 244 182 10418 10310 12467
95 224 220 10464 9913 12721
98 201 220 15341 8233 11726
103 184 212 13999 6151 10679
103 184 212 13999 6151 10679
121 183 179 13134 4044 9562
125 184 172 11134 3453 7901
128 182 169 10694 4630 8098
128 182 169 10694 4630 8098
