147 133 88 8432 7905 8108
148 134 85 8842 7858 8380
148 134 85 8842 7858 8380
149 136 86 9327 7867 8660
147 137 88 9989 8262 9243
147 138 91 10755 8170 9607
148 140 93 11179 7856 9732
148 140 93 11179 7856 9732
150 147 92 11595 7427 9892
150 150 90 12744 6964 10339
150 150 90 12744 6964 10339
148 160 101 13328 6959 10472
148 164 105 14832 7064 10814
150 169 109 15314 6787 11009
150 169 109 15314 6787 11009
146 184 120 9754 6389 11268
146 189 125 10093 5865 12194
145 194 130 10102 6363 12600
145 194 130 10102 6363 12600
134 204 138 10081 6992 13035
130 208 140 10127 7579 13895
130 208 140 10127 7579 13895
122 221 145 10290 7120 14157
120 227 146 10664 6228 14158
120 227 146 10664 6228 14158
105 239 155 10701 6830 14158
99 240 162 10983 7589 13814
98 241 165 11123 6694 13104
98 241 165 11123 6694 13104
103 244 165 11237 5587 12243
102 243 162 11086 6064 10277
99 243 162 10999 7414 9967
99 243 162 10999 7414 9967
84 245 177 10898 9143 9730
78 245 187 10630 13371 9755
74 245 196 10492 13577 9654
74 245 196 10492 13577 9654
91 223 213 10332 13071 9305
91 223 213 10332 13071 9305
105 198 197 13481 9270 8817
108 181 172 11499 7311 9332
110 173 167 11049 5675 9702
110 173 167 11049 5675 9702
