-0.230769 0.961538 0.560000 9847 9068 10081
-0.346154 1.115385 0.760000 9850 9242 10257
-0.346154 1.115385 0.760000 9850 9242 10257
-0.576923 1.307692 0.920000 9831 9386 10297
-0.538462 1.423077 0.960000 9864 9276 9898
-0.500000 1.576923 0.960000 9898 9306 9943
-0.500000 1.576923 0.960000 9898 9306 9943
-0.538462 2.269231 1.040000 9940 9398 10211
-0.653846 2.500000 1.280000 10326 10196 11399
-0.653846 2.500000 1.280000 10326 10196 11399
-0.923077 2.346154 2.200000 10461 9964 11706
-0.807692 2.423077 2.280000 10316 8309 11178
-0.807692 2.423077 2.280000 10316 8309 11178
-0.615385 2.230769 2.400000 10320 8174 10965
