0.423077 -0.120000 -1.384615 -211.000000 -96.900002 2.650000
0.346154 -0.160000 -1.500000 -171.850006 -104.349998 9.350000
0.346154 -0.160000 -1.500000 -171.850006 -104.349998 9.350000
0.346154 -0.080000 -1.538462 0.000000 0.000000 0.000000
0.307692 -0.080000 -1.423077 99.050003 9.450000 15.900000
0.269231 -0.040000 -1.384615 122.800003 28.549999 22.299999
0.269231 -0.040000 -1.384615 122.800003 28.549999 22.299999
0.038462 0.120000 -1.192308 0.000000 0.000000 0.000000
0.038462 0.240000 -1.038462 95.199997 2.850000 -12.600000
0.076923 0.320000 -0.923077 123.800003 -7.300000 -15.550000
0.076923 0.320000 -0.923077 123.800003 -7.300000 -15.550000
0.076923 0.600000 -0.461538 0.000000 0.000000 0.000000
-0.038462 0.640000 -0.346154 46.799999 10.650000 22.049999
-0.038462 0.640000 -0.346154 46.799999 10.650000 22.049999
-0.346154 0.800000 0.000000 0.000000 0.000000 0.000000
-0.500000 0.880000 0.115385 -1473.250000 42.549999 -13.400000
-0.538462 1.040000 0.307692 -1453.500000 38.799999 -32.200001
-0.538462 1.040000 0.307692 -1453.500000 38.799999 -32.200001
0.000000 1.560000 0.923077 0.000000 0.000000 0.000000
0.153846 1.600000 1.153846 28.250000 -2.500000 23.150000
0.153846 1.600000 1.153846 28.250000 -2.500000 23.150000
-0.153846 1.640000 1.461538 0.000000 0.000000 0.000000
-0.346154 1.640000 1.538462 -46.250000 21.799999 52.900002
-0.346154 1.640000 1.538462 -46.250000 21.799999 52.900002
-0.500000 1.760000 1.461538 0.000000 0.000000 0.000000
-0.384615 1.880000 1.423077 0.000000 -38.700001 -50.849998
-0.269231 1.960000 1.423077 6.250000 -44.049999 -49.799999
-0.269231 1.960000 1.423077 6.250000 -44.049999 -49.799999
-0.307692 1.960000 1.692308 0.000000 0.000000 0.000000
-0.423077 1.920000 1.769231 -11.250000 -42.750000 3.500000
-0.423077 1.920000 1.769231 -11.250000 -42.750000 3.500000
