0.461538 -0.120000 -1.461538 -380.500000 51.549999 -38.849998
0.500000 -0.160000 -1.615385 -349.250000 50.200001 -30.100000
0.500000 -0.040000 -1.653846 -318.049988 46.150002 -21.500000
0.500000 -0.040000 -1.653846 -318.049988 46.150002 -21.500000
0.384615 0.120000 -1.615385 0.000000 0.000000 0.000000
0.269231 0.200000 -1.500000 114.900002 -6.850000 20.500000
0.269231 0.200000 -1.500000 114.900002 -6.850000 20.500000
0.115385 0.520000 -1.269231 0.000000 0.000000 0.000000
0.153846 0.680000 -1.153846 70.650002 18.299999 -8.600000
0.153846 0.680000 -1.153846 70.650002 18.299999 -8.600000
0.000000 1.120000 -0.807692 0.000000 0.000000 0.000000
-0.076923 1.280000 -0.692308 -1254.250000 -5.250000 12.700000
-0.076923 1.280000 -0.692308 -1254.250000 -5.250000 12.700000
-0.230769 1.560000 -0.423077 -1220.750000 -19.000000 9.100000
-0.269231 1.960000 -0.115385 0.000000 0.000000 0.000000
-0.269231 2.200000 0.115385 44.000000 13.400000 -12.000000
-0.269231 2.480000 0.307692 51.750000 37.349998 -9.750000
-0.269231 2.480000 0.307692 51.750000 37.349998 -9.750000
-0.269231 3.120000 1.115385 0.000000 0.000000 0.000000
-0.307692 3.160000 1.461538 13.000000 50.099998 40.150002
-0.307692 3.160000 1.730769 -1.250000 41.450001 53.950001
-0.307692 3.160000 1.730769 -1.250000 41.450001 53.950001
-0.461538 3.000000 2.038461 0.000000 0.000000 0.000000
-0.346154 2.960000 2.000000 -62.500000 -68.449997 -22.250000
-0.269231 2.920000 1.846154 -84.000000 -80.000000 -21.100000
-0.269231 2.920000 1.846154 -84.000000 -80.000000 -21.100000
-0.730769 2.680000 1.884615 0.000000 0.000000 0.000000
-1.000000 2.520000 2.307692 -38.500000 34.150002 -10.500000
-1.000000 2.520000 2.307692 -38.500000 34.150002 -10.500000
