136 108 111 7615 7915 8107
136 108 111 7771 8112 8265
136 108 111 7771 8112 8265
137 106 113 8065 8113 8442
135 105 114 8640 8008 8937
133 105 114 8735 7981 9034
133 105 114 8735 7981 9034
131 105 112 8850 7921 9018
132 107 111 9503 7707 8625
133 109 111 9720 7686 8583
133 109 111 9720 7686 8583
135 115 110 9911 7748 8616
135 117 111 10627 8369 9005
134 119 112 10897 8549 9136
134 119 112 10897 8549 9136
134 128 114 11194 8618 9256
134 131 115 12650 8154 9804
134 135 117 13202 7974 10068
134 135 117 13202 7974 10068
130 143 123 13735 7791 10369
129 147 123 15089 7448 11143
129 147 123 15089 7448 11143
127 161 127 15509 7581 11365
125 166 128 9889 9118 12446
125 166 128 9889 9118 12446
113 179 136 9982 9438 12922
111 182 140 10406 8133 13262
111 182 140 10406 8133 13262
103 192 151 10439 8104 12958
101 193 156 10420 8750 11551
102 194 161 10471 7958 10910
102 194 161 10471 7958 10910
115 199 179 10542 6731 10226
119 197 188 10286 6240 9124
119 197 188 10286 6240 9124
115 184 202 9965 7274 9244
