135 107 117 8300 7452 8581
135 107 116 8425 7384 8762
135 107 116 8425 7384 8762
131 106 112 8484 7283 8905
129 106 112 9316 6885 9254
127 106 113 9500 7096 9105
127 106 113 9500 7096 9105
125 108 113 9583 7417 8859
125 110 113 10042 8221 8150
126 112 113 10317 8453 7970
126 112 113 10317 8453 7970
129 119 117 10633 8642 7903
127 120 121 11572 9078 8482
126 122 124 11778 8992 8590
126 122 124 11778 8992 8590
127 127 128 11987 8812 8655
130 130 129 12808 8279 8905
130 130 129 12808 8279 8905
128 137 135 12974 8377 9227
124 137 136 13200 8920 10308
124 137 136 13200 8920 10308
123 146 137 13524 8677 10322
122 149 141 15242 7866 10492
121 152 144 15471 8036 10599
121 152 144 15471 8036 10599
118 162 142 15480 8378 10692
118 165 145 10042 8483 10825
118 165 145 10042 8483 10825
118 176 151 10122 8705 10744
115 180 153 10211 10402 10769
115 180 153 10211 10402 10769
115 188 180 10342 10207 10673
124 190 190 10499 7856 9596
124 190 190 10499 7856 9596
115 176 200 10193 8568 9908
