133 116 103 10002 7649 8834
131 116 103 10331 7736 9027
132 117 103 10524 7911 9074
132 117 103 10524 7911 9074
129 120 103 10885 7903 9228
127 122 106 12291 8094 9431
127 122 106 12291 8094 9431
125 129 113 12673 8299 9368
126 132 115 13563 8700 9216
126 132 115 13563 8700 9216
132 147 117 13905 8750 9281
133 154 119 15666 8759 10252
133 154 119 15666 8759 10252
125 173 124 9809 8970 10894
119 176 130 10258 9650 12687
114 178 135 10399 9204 12635
114 178 135 10399 9204 12635
113 185 143 10530 8447 12144
119 189 147 10970 5836 9382
124 193 151 10947 5825 8658
124 193 151 10947 5825 8658
127 205 160 10822 6401 8223
126 208 162 10228 9177 8234
127 212 167 10165 9362 8335
127 212 167 10165 9362 8335
128 204 189 10099 9503 8626
128 196 196 15610 9059 9549
125 188 200 14441 9076 9844
125 188 200 14441 9076 9844
115 170 193 13080 9041 9973
