1.115385 1.800000 -3.307692 -499.000000 128.000000 -179.699997
1.730769 2.080000 -3.923077 -407.549988 125.650002 -166.350006
2.615385 2.480000 -4.423077 -259.850006 76.199997 -103.900002
2.615385 2.480000 -4.423077 -259.850006 76.199997 -103.900002
2.615385 4.160000 -4.384615 0.000000 0.000000 0.000000
1.423077 4.280000 -3.730769 94.750000 -42.049999 460.750000
-0.038462 4.360000 -2.961539 254.000000 -40.400002 558.250000
-0.038462 4.360000 -2.961539 254.000000 -40.400002 558.250000
-2.038461 4.480000 0.307692 0.000000 0.000000 0.000000
-2.269231 4.480000 1.500000 270.250000 -194.750000 -176.000000
-1.730769 4.520000 2.538461 308.000000 -309.399994 176.949997
-1.730769 4.520000 2.538461 308.000000 -309.399994 176.949997
