135 112 107 7672 7656 7733
134 113 107 8028 7364 7836
134 113 107 8028 7364 7836
136 117 99 8319 7180 7798
137 120 98 9539 7139 8070
137 122 96 9966 7526 8305
137 122 96 9966 7526 8305
134 129 100 10427 7977 8545
134 132 103 11973 9054 9247
133 134 105 12572 9051 9496
133 134 105 12572 9051 9496
134 146 111 13192 8892 9681
135 150 113 15248 8235 10472
135 156 115 9767 8077 10924
135 156 115 9767 8077 10924
132 173 121 9920 7966 11444
128 180 122 10354 8173 13240
128 180 122 10354 8173 13240
118 200 132 10502 8377 13691
115 208 135 10958 9582 14302
111 214 142 11070 10148 14284
111 214 142 11070 10148 14284
102 225 167 11170 9996 14198
103 229 177 11365 6525 12227
115 231 189 11345 5415 11107
115 231 189 11345 5415 11107
117 220 213 11068 5852 10492
99 207 202 11808 14516 12663
