135 112 106 8260 8545 7225
134 111 106 8731 8702 7412
134 110 107 9049 8889 7452
134 110 107 9049 8889 7452
135 112 110 9528 8667 7619
136 113 109 10792 7507 8089
137 114 109 11246 7096 8302
137 114 109 11246 7096 8302
136 118 112 11608 6933 8578
134 119 113 12042 7668 9384
134 119 113 12042 7668 9384
131 123 115 12152 7990 9521
130 125 116 12953 8261 9894
130 125 116 12953 8261 9894
131 133 123 13391 8103 10027
129 135 124 14810 7361 10670
129 135 124 14810 7361 10670
127 143 133 15224 7177 10837
125 146 135 15682 7935 11202
123 149 136 15530 8426 11299
123 149 136 15530 8426 11299
117 158 142 15454 8724 11418
116 162 144 10037 8506 11565
115 165 146 10117 8420 11463
115 165 146 10117 8420 11463
111 176 152 10177 8533 11280
109 179 156 10135 10591 10226
110 182 159 10131 10762 9767
110 182 159 10131 10762 9767
133 189 173 10161 10342 9300
140 189 180 9748 10548 10018
140 189 180 9748 10548 10018
114 175 169 14026 11633 11400
104 171 160 10988 10165 13557
104 171 160 10988 10165 13557
