140 113 105 8505 8198 8713
137 112 103 9151 7687 9134
136 111 103 9632 7376 9210
136 111 103 9632 7376 9210
135 113 106 10189 6937 9335
133 114 108 10978 7805 9789
133 114 108 10978 7805 9789
131 116 113 11014 8314 9827
130 117 114 11489 8741 9975
130 117 114 11489 8741 9975
129 122 118 11914 8417 10110
128 124 121 13471 7234 10536
128 124 121 13471 7234 10536
126 127 130 13867 7008 10616
124 128 133 14120 7458 10721
122 129 134 13928 7707 10697
122 129 134 13928 7707 10697
121 134 137 13773 7679 10579
121 136 140 14865 7684 10470
121 136 140 14865 7684 10470
120 142 147 15000 7796 10435
118 144 149 14921 8289 10535
118 146 149 14919 8286 10474
118 146 149 14919 8286 10474
117 155 150 14887 8402 10417
115 157 150 14721 9687 10588
115 157 150 14721 9687 10588
114 161 160 14992 9746 10646
115 161 163 15715 8374 10610
115 161 163 15715 8374 10610
122 159 167 15569 7801 10518
122 159 166 13623 7889 10614
122 159 166 13623 7889 10614
118 158 159 12791 8329 10646
117 159 156 11716 8304 10735
117 159 154 11687 8138 10715
117 159 154 11687 8138 10715
116 159 151 11676 8118 10707
115 159 152 11782 8583 10549
113 159 154 11780 8781 10440
113 159 154 11780 8781 10440
