132 111 109 7868 8014 8416
133 111 108 8345 8100 8585
133 112 109 8863 8086 8776
133 112 109 8863 8086 8776
129 113 113 9297 8163 9008
128 114 114 10205 8411 9303
127 114 114 10506 8494 9285
127 114 114 10506 8494 9285
129 121 116 10801 8585 9248
129 124 118 12005 8501 9593
129 127 119 12485 8337 9838
129 127 119 12485 8337 9838
129 137 125 13008 8150 10170
128 141 127 14188 8180 11148
128 141 127 14188 8180 11148
118 147 134 14239 8560 11461
116 150 134 14470 9234 11662
115 153 135 14984 8911 11538
115 153 135 14984 8911 11538
118 165 141 15534 8425 11371
118 168 146 10012 7853 10918
118 168 146 10012 7853 10918
115 173 158 10032 7928 10816
118 176 162 9992 7185 10108
122 177 166 9858 7467 9986
122 177 166 9858 7467 9986
