0.038462 -0.307692 -0.640000 11297 8044 9155
0.038462 -0.192308 -0.520000 11745 7893 9001
0.038462 -0.192308 -0.520000 11745 7893 9001
0.192308 0.076923 -0.560000 12002 7798 8909
0.230769 0.153846 -0.520000 13207 7880 9252
0.230769 0.153846 -0.520000 13207 7880 9252
0.038462 0.384615 -0.280000 13622 8122 9539
-0.038462 0.500000 -0.160000 14804 8640 10074
-0.038462 0.500000 -0.160000 14804 8640 10074
-0.153846 0.730769 0.080000 15230 8573 10099
-0.153846 0.884615 0.080000 9866 8378 9991
-0.153846 0.884615 0.080000 9866 8378 9991
-0.038462 1.461538 0.400000 9980 8589 10102
-0.115385 1.653846 0.560000 10351 9430 11159
-0.115385 1.653846 0.560000 10351 9430 11159
-0.576923 2.153846 1.040000 10445 9676 11640
-0.692308 2.346154 1.360000 10778 8985 11971
