138 124 93 7000 8493 8955
138 125 92 7574 8469 9006
138 125 92 7574 8469 9006
135 127 94 8311 8127 9097
133 129 94 10307 7394 9132
132 131 92 10797 7381 8965
132 131 92 10797 7381 8965
134 143 88 11341 7454 8793
135 150 88 13237 8223 8773
135 150 88 13237 8223 8773
135 171 92 14161 8265 9027
134 180 93 10195 7376 10403
134 189 96 10552 6600 10966
134 189 96 10552 6600 10966
120 226 111 10902 6007 11543
114 234 118 11821 6599 12712
109 237 127 11979 7728 12805
109 237 127 11979 7728 12805
81 242 157 12090 9573 12690
85 242 180 12532 10035 9990
85 242 180 12532 10035 9990
117 244 234 12373 9255 8941
115 237 237 10032 13180 9224
104 219 237 13488 14798 9896
104 219 237 13488 14798 9896
100 166 207 10963 14192 10198
107 159 200 10609 5408 8570
107 159 200 10609 5408 8570
