138 119 100 7506 7117 8648
140 121 95 8186 6807 8802
141 123 93 8887 6607 9054
141 123 93 8887 6607 9054
136 129 99 9637 6663 9448
134 131 102 12006 6855 10584
133 134 103 12540 6850 10664
133 134 103 12540 6850 10664
131 146 107 13116 6875 10742
130 151 110 15360 6644 10646
130 151 110 15360 6644 10646
131 171 121 9851 6613 10640
130 176 124 10396 6803 11501
128 183 127 10549 7069 11909
128 183 127 10549 7069 11909
122 199 138 10683 7495 12330
115 203 141 10767 9498 13913
115 203 141 10767 9498 13913
99 210 153 10873 9759 13918
99 216 162 11520 8844 10615
102 220 176 11599 8961 9349
102 220 176 11599 8961 9349
