134 117 105 8804 7353 8974
135 117 103 9024 7197 8867
135 117 103 9024 7197 8867
135 121 99 9430 7171 8840
136 123 99 10429 7569 8732
136 123 99 10429 7569 8732
135 130 102 10805 7830 8803
135 132 104 12019 8440 9023
135 134 105 12477 8556 9149
135 134 105 12477 8556 9149
134 145 113 12965 8652 9255
134 148 116 14384 9097 9969
134 148 116 14384 9097 9969
130 158 127 14811 9171 10394
128 162 129 9773 8818 11890
126 165 131 9878 8676 12431
126 165 131 9878 8676 12431
118 178 136 10012 8551 12958
115 182 140 10436 8036 13884
115 182 140 10436 8036 13884
109 199 150 10604 7846 13922
111 206 158 11161 7337 13233
114 214 167 11263 7207 13103
114 214 167 11263 7207 13103
117 226 194 11237 7395 13251
111 228 204 10746 9242 14654
103 222 211 10431 9747 14699
103 222 211 10431 9747 14699
