133 105 117 8018 7723 7731
132 104 117 7985 7664 7850
132 103 118 8044 7704 7952
132 103 118 8044 7704 7952
132 104 116 8045 7706 8052
132 104 116 8250 7962 8320
132 104 116 8250 7962 8320
132 105 116 8361 8055 8445
131 105 116 8855 8164 8678
131 105 116 8855 8164 8678
130 107 116 9112 8093 8698
131 108 115 9880 7472 8589
131 108 115 9880 7472 8589
133 112 114 10117 7331 8569
133 113 114 10696 7457 8820
133 114 114 10809 7600 8966
133 114 114 10809 7600 8966
132 118 115 10980 7734 9129
131 118 116 12085 7972 9736
131 118 116 12085 7972 9736
128 123 124 12589 7848 9879
126 124 130 14623 7196 10109
126 124 130 14623 7196 10109
125 128 137 14803 6806 10064
126 130 139 15259 5948 9772
126 130 139 15259 5948 9772
125 136 141 15179 6209 9874
124 139 143 14677 7600 10339
124 139 143 14677 7600 10339
120 148 148 15183 7968 10514
119 150 153 9963 8430 10767
119 150 153 9963 8430 10767
127 154 169 10115 7998 10596
130 153 172 10039 6698 10156
130 152 174 9792 6985 10322
130 152 174 9792 6985 10322
123 147 165 14718 7423 10448
123 147 160 12778 7946 9589
123 149 156 12885 7904 9146
123 149 156 12885 7904 9146
127 152 158 13222 7869 8790
127 153 162 13801 7899 8409
