139 118 105 9141 7948 8483
140 123 107 9676 7595 8716
140 123 107 9676 7595 8716
142 128 93 10146 6939 8997
143 131 88 12781 4815 9876
141 135 88 13881 4924 10301
141 135 88 13881 4924 10301
132 148 102 14901 5283 10711
129 151 107 10033 6473 11728
127 156 113 10150 6642 11915
127 156 113 10150 6642 11915
125 168 124 10263 6832 12039
124 172 125 10481 7061 12087
124 172 125 10481 7061 12087
119 189 136 10515 6914 11879
122 196 144 11362 5529 10137
135 204 155 11419 4707 9303
135 204 155 11419 4707 9303
150 216 175 11262 4454 9306
133 210 172 9814 7982 13273
133 210 172 9814 7982 13273
116 202 172 15682 7058 13042
