140 117 107 8566 8067 8517
139 118 106 9091 7874 8740
138 118 106 9574 7660 8872
138 118 106 9574 7660 8872
135 119 110 10072 7407 8975
135 119 111 11260 6894 8949
134 120 111 11484 6968 8934
134 120 111 11484 6968 8934
134 124 113 11649 7188 8953
134 126 114 12099 8132 9306
134 126 114 12099 8132 9306
132 131 117 12263 8444 9508
131 133 118 13024 8908 10156
131 135 120 13354 8870 10434
131 135 120 13354 8870 10434
127 142 125 13735 8717 10761
126 145 127 14842 8154 11794
123 148 129 15123 8071 12120
123 148 129 15123 8071 12120
116 158 133 15360 7962 12421
115 163 138 10158 7916 12846
114 169 141 10292 8046 12936
114 169 141 10292 8046 12936
106 182 155 10385 8436 12947
103 186 159 10549 9299 12710
100 189 163 10619 9199 12313
100 189 163 10619 9199 12313
96 190 180 10685 9250 11854
94 188 184 10375 9419 10655
94 183 187 10142 9186 10080
94 183 187 10142 9186 10080
103 172 187 9907 8778 9530
105 170 186 13659 7376 8229
108 168 184 13114 6619 7890
108 168 184 13114 6619 7890
118 162 179 12723 5685 7568
122 162 177 11647 4201 6958
