138 129 108 10852 7995 9553
137 129 108 11188 7883 9731
136 130 108 11715 7770 9837
136 130 108 11715 7770 9837
135 138 112 12216 7741 9962
135 141 114 13529 7954 10311
133 145 117 13930 7928 10577
133 145 117 13930 7928 10577
130 153 116 14245 7803 10801
128 158 115 15277 7546 11387
127 164 115 9764 7624 11668
127 164 115 9764 7624 11668
121 186 120 9943 7919 11992
119 195 123 10570 8835 13762
117 205 127 10799 8943 14278
117 205 127 10799 8943 14278
104 235 138 11028 8924 14907
97 238 143 11858 9140 15774
93 240 159 12200 9843 15117
93 240 159 12200 9843 15117
77 243 231 12261 11471 14705
68 232 236 10208 14823 15522
68 232 236 10208 14823 15522
