137 125 97 8373 9134 9076
137 126 96 8891 8938 9240
136 127 96 9512 8829 9393
136 127 96 9512 8829 9393
133 132 97 10056 8607 9515
132 135 98 11910 8372 9520
132 138 100 12584 8441 9516
132 138 100 12584 8441 9516
133 150 109 13247 8507 9582
132 153 113 15054 8909 10320
132 153 113 15054 8909 10320
130 167 121 15579 8842 10638
128 173 125 10203 8668 11947
128 173 125 10203 8668 11947
121 188 132 10274 8978 12535
120 193 135 10528 9051 14103
118 198 138 10622 8672 14617
118 198 138 10622 8672 14617
110 221 140 10726 8127 15063
101 229 145 11217 9874 9854
87 234 158 11258 12263 15732
87 234 158 11258 12263 15732
59 224 225 11162 14352 15423
66 214 233 10305 10621 13317
76 206 237 10047 7872 12899
