0.115385 -0.560000 -0.923077 -184.149994 -101.050003 -22.600000
0.115385 -0.560000 -0.923077 -168.699997 -91.800003 -20.450001
0.115385 -0.560000 -0.923077 -168.699997 -91.800003 -20.450001
0.076923 -0.600000 -0.846154 0.000000 0.000000 0.000000
0.076923 -0.600000 -0.846154 36.599998 35.400002 7.750000
0.038462 -0.600000 -0.846154 49.750000 46.049999 8.600000
0.038462 -0.600000 -0.846154 49.750000 46.049999 8.600000
-0.038462 -0.560000 -0.769231 65.150002 53.799999 8.900000
0.000000 -0.520000 -0.692308 0.000000 0.000000 0.000000
0.000000 -0.440000 -0.653846 39.849998 -5.450000 -7.300000
0.038462 -0.400000 -0.576923 57.900002 -8.350000 -8.500000
0.038462 -0.400000 -0.576923 57.900002 -8.350000 -8.500000
0.076923 -0.240000 -0.346154 0.000000 0.000000 0.000000
0.038462 -0.240000 -0.269231 31.799999 22.100000 9.100000
0.000000 -0.200000 -0.192308 39.799999 30.400000 13.750000
0.000000 -0.200000 -0.192308 39.799999 30.400000 13.750000
-0.192308 -0.200000 0.076923 0.000000 0.000000 0.000000
-0.230769 -0.160000 0.115385 25.350000 3.650000 -5.200000
-0.192308 -0.160000 0.192308 35.750000 0.000000 -11.550000
-0.192308 -0.160000 0.192308 35.750000 0.000000 -11.550000
-0.076923 -0.040000 0.384615 0.000000 0.000000 0.000000
-0.153846 0.040000 0.500000 4.250000 26.150000 19.950001
-0.153846 0.040000 0.500000 4.250000 26.150000 19.950001
-0.346154 0.120000 0.884615 0.000000 0.000000 0.000000
-0.346154 0.120000 0.923077 -1.750000 -23.600000 -0.850000
-0.346154 0.120000 0.923077 -1.750000 -23.600000 -0.850000
-0.346154 0.280000 1.076923 0.000000 0.000000 0.000000
-0.307692 0.320000 1.115385 0.000000 -3.600000 3.750000
-0.307692 0.320000 1.115385 0.000000 -3.600000 3.750000
-0.115385 0.480000 1.076923 0.000000 0.000000 0.000000
-0.153846 0.600000 1.038462 -18.350000 5.750000 27.700001
-0.153846 0.600000 1.038462 -18.350000 5.750000 27.700001
-0.423077 0.680000 1.269231 0.000000 0.000000 0.000000
-0.423077 0.680000 1.307692 -3.250000 -29.900000 -1.500000
-0.346154 0.680000 1.269231 -8.750000 -46.099998 -7.050000
-0.346154 0.680000 1.269231 -8.750000 -46.099998 -7.050000
-0.153846 0.960000 0.923077 0.000000 0.000000 0.000000
-0.153846 1.080000 0.846154 -2.500000 22.150000 19.950001
-0.192308 1.160000 0.846154 9.300000 32.049999 30.750000
-0.192308 1.160000 0.846154 9.300000 32.049999 30.750000
-0.576923 1.280000 1.153846 0.000000 0.000000 0.000000
-0.538462 1.280000 1.230769 32.549999 -48.950001 -29.049999
-0.461538 1.320000 1.230769 32.000000 -55.250000 -42.349998
-0.461538 1.320000 1.230769 32.000000 -55.250000 -42.349998
-0.230769 1.480000 1.076923 0.000000 0.000000 0.000000
-0.192308 1.520000 1.038462 -20.650000 48.450001 7.250000
-0.192308 1.520000 1.038462 -20.650000 48.450001 7.250000
-0.384615 1.480000 1.384615 -28.350000 67.900002 23.100000
0.000000 0.000000 0.000000 0.000000 0.000000 0.000000
0.115385 -0.680000 -0.423077 0.000000 0.000000 0.000000
0.115385 -0.680000 -0.423077 0.000000 0.000000 0.000000
0.038462 -0.640000 -0.538462 819.150024 819.150024 819.150024
0.000000 -0.600000 -0.538462 819.150024 819.150024 819.150024
0.000000 -0.600000 -0.538462 819.150024 819.150024 819.150024
-0.038462 -0.440000 -0.500000 819.150024 819.150024 819.150024
-0.076923 -0.400000 -0.500000 819.150024 819.150024 819.150024
-0.076923 -0.400000 -0.500000 819.150024 819.150024 819.150024
-0.115385 -0.200000 -0.153846 16.750000 17.750000 483.149994
-0.115385 -0.120000 -0.038462 0.000000 0.000000 0.000000
-0.115385 -0.120000 -0.038462 0.000000 0.000000 0.000000
-0.192308 0.040000 0.307692 0.000000 0.000000 0.000000
-0.192308 0.040000 0.461538 7.900000 27.750000 -86.199997
-0.192308 0.040000 0.461538 7.900000 27.750000 -86.199997
-0.230769 0.240000 0.576923 0.000000 0.000000 0.000000
-0.192308 0.320000 0.576923 7.150000 -24.900000 12.950000
-0.192308 0.440000 0.653846 22.100000 -28.200001 12.250000
-0.192308 0.440000 0.653846 22.100000 -28.200001 12.250000
-0.038462 0.760000 0.961538 0.000000 0.000000 0.000000
0.000000 0.800000 1.000000 22.850000 -15.000000 11.600000
0.038462 0.880000 1.000000 23.950001 -18.250000 20.200001
0.038462 0.880000 1.000000 23.950001 -18.250000 20.200001
0.000000 1.080000 0.961538 0.000000 0.000000 0.000000
0.038462 1.160000 0.923077 26.400000 -28.750000 -3.450000
0.115385 1.280000 0.923077 34.950001 -39.900002 -2.250000
0.115385 1.280000 0.923077 34.950001 -39.900002 -2.250000
0.153846 1.560000 0.846154 0.000000 0.000000 0.000000
0.115385 1.640000 0.846154 4.900000 16.200001 29.200001
0.115385 1.720000 0.884615 0.950000 28.450001 35.750000
0.115385 1.720000 0.884615 0.950000 28.450001 35.750000
0.000000 1.840000 0.923077 0.000000 0.000000 0.000000
-0.076923 1.840000 0.923077 -23.700001 36.599998 24.549999
-0.076923 1.840000 0.923077 -23.700001 36.599998 24.549999
-0.307692 1.800000 1.076923 0.000000 0.000000 0.000000
-0.307692 1.720000 1.192308 -32.400002 1.150000 -25.500000
-0.307692 1.680000 1.192308 -51.200001 5.700000 -39.349998
-0.307692 1.680000 1.192308 -51.200001 5.700000 -39.349998
