135 120 106 9978 7828 8542
133 121 105 10249 7790 8740
132 121 105 10619 7793 8907
132 121 105 10619 7793 8907
130 125 105 10927 7857 8967
129 127 106 11935 8411 8906
129 127 106 11935 8411 8906
129 135 111 12334 8569 8853
129 138 112 13723 8688 8789
129 138 112 13723 8688 8789
130 149 118 14230 8656 8848
130 153 120 9754 8549 9341
129 157 122 9871 8573 9627
129 157 122 9871 8573 9627
123 169 125 9967 8635 9942
121 175 126 10282 8391 10583
121 175 126 10282 8391 10583
117 200 131 10500 8378 10642
114 210 136 11147 8643 11040
108 221 141 11380 8857 11010
108 221 141 11380 8857 11010
87 238 177 11617 9226 10741
82 239 206 11684 12497 8989
86 238 229 11282 13209 8331
86 238 229 11282 13209 8331
