136 112 115 6396 7748 8029
136 111 113 6650 7803 8180
136 111 113 6650 7803 8180
133 110 111 6817 7897 8302
133 110 111 7746 7820 8349
133 109 112 8018 7837 8346
133 109 112 8018 7837 8346
134 110 112 8229 7878 8303
135 111 112 8743 8016 8399
135 111 112 8743 8016 8399
134 114 112 8918 8014 8537
134 115 111 9430 8011 8842
134 116 110 9647 8029 8928
134 116 110 9647 8029 8928
132 121 110 9900 8129 9008
132 123 111 10860 8396 9057
132 125 111 11281 8362 9064
132 125 111 11281 8362 9064
133 133 114 11741 8273 9125
133 135 115 13195 8142 9551
132 137 116 13690 8219 9740
132 137 116 13690 8219 9740
129 145 123 14138 8367 9944
129 148 126 15442 8995 10662
128 151 128 15762 9216 11018
128 151 128 15762 9216 11018
121 158 141 9844 9437 11482
119 158 144 10139 9931 12755
117 157 147 10163 9914 12975
117 157 147 10163 9914 12975
112 155 151 10164 9834 13088
111 158 150 9996 9095 12734
111 160 150 10017 8827 12651
111 160 150 10017 8827 12651
112 171 157 10055 8582 12490
110 175 160 10035 8582 12471
106 181 165 10002 8547 12467
106 181 165 10002 8547 12467
103 181 189 10010 8355 12307
107 180 190 15459 7697 10527
110 179 188 14069 8548 10079
110 179 188 14069 8548 10079
