132 111 112 8047 8688 8745
134 112 115 8400 8643 8821
134 111 115 8561 8544 8961
134 111 115 8561 8544 8961
131 112 113 8857 8284 9131
130 112 113 9747 8020 9154
130 112 113 9747 8020 9154
131 118 112 10016 8125 9072
132 120 112 10730 9046 9176
132 120 112 10730 9046 9176
131 129 116 11027 9319 9392
131 131 118 12225 9278 10244
130 134 120 12629 9003 10452
130 134 120 12629 9003 10452
126 140 124 13115 8643 10614
127 143 124 14217 7944 10496
127 143 124 14217 7944 10496
130 154 124 14492 7930 10426
131 158 123 15157 8419 10782
131 158 123 15157 8419 10782
129 171 120 15449 8634 11173
127 176 121 10002 9326 12549
127 176 121 10002 9326 12549
116 195 134 10161 9373 12958
110 201 141 10750 8000 13580
106 207 150 11014 7007 13232
106 207 150 11014 7007 13232
108 228 198 11299 6120 12607
101 221 216 10718 9920 12093
101 221 216 10718 9920 12093
84 186 219 10064 11446 12107
88 180 213 12655 9291 9923
88 180 213 12655 9291 9923
102 163 208 12176 8199 9261
