136 119 106 8566 8174 8373
137 123 107 9043 8170 8513
137 123 107 9043 8170 8513
134 133 102 9380 8176 8674
133 137 101 10786 8164 9034
132 142 99 11406 8162 9004
132 142 99 11406 8162 9004
138 164 96 12127 8089 8894
141 173 95 14682 8380 9290
141 173 95 14682 8380 9290
138 202 99 15685 8750 10095
132 212 106 10637 9685 13639
132 212 106 10637 9685 13639
114 235 124 10933 9777 14697
103 238 129 11698 10950 10105
92 240 145 12026 11486 10155
92 240 145 12026 11486 10155
84 243 228 12390 10830 10135
86 234 234 11555 7255 15691
73 214 237 10474 9090 14836
73 214 237 10474 9090 14836
77 191 202 14611 10284 13112
92 189 202 12816 9064 8122
92 189 202 12816 9064 8122
