138 131 101 10246 8326 9279
136 135 98 10705 8158 9393
136 135 98 10705 8158 9393
137 150 96 11412 8065 9341
136 157 95 13389 7763 9250
138 165 96 14197 7993 9307
138 165 96 14197 7993 9307
138 189 107 15028 8408 9563
135 195 110 10040 9548 11722
135 195 110 10040 9548 11722
123 220 123 10222 9662 12549
120 230 130 11124 8620 14713
118 235 135 11412 8548 15314
118 235 135 11412 8548 15314
90 241 162 11665 9271 9895
79 242 186 12316 11463 10118
79 242 186 12316 11463 10118
95 240 235 12323 10214 9973
92 226 236 10509 7956 14595
83 216 217 15567 8920 14019
83 216 217 15567 8920 14019
76 201 186 13454 9028 13166
80 190 195 13987 9334 10169
