0.115385 -0.653846 -0.200000 6467 7875 7422
0.153846 -0.615385 -0.200000 6876 7904 7701
0.192308 -0.653846 -0.200000 7097 7966 7968
0.192308 -0.653846 -0.200000 7097 7966 7968
0.038462 -0.730769 -0.160000 7330 8040 8255
0.038462 -0.653846 -0.240000 7843 8070 8489
0.038462 -0.653846 -0.320000 7967 8187 8402
0.038462 -0.653846 -0.320000 7967 8187 8402
0.115385 -0.423077 -0.520000 8158 8325 8369
0.115385 -0.307692 -0.560000 8970 8463 8413
0.115385 -0.307692 -0.560000 8970 8463 8413
0.192308 0.307692 -1.080000 9197 8364 8395
0.269231 0.538462 -1.440000 10211 7748 8520
0.269231 0.538462 -1.440000 10211 7748 8520
0.961538 1.846154 -3.040000 11147 7556 8542
1.038462 2.653846 -3.160000 10332 8427 11236
1.038462 3.615385 -2.920000 11087 8573 12991
1.038462 3.615385 -2.920000 11087 8573 12991
-1.038462 4.384615 -0.960000 11820 8620 15250
-0.884615 4.423077 1.120000 14613 3005 10164
1.461538 4.461538 3.360000 15068 5942 15522
1.461538 4.461538 3.360000 15068 5942 15522
-3.076923 2.538461 2.160000 14228 568 9937
-3.076923 2.192308 0.280000 12200 8855 9103
-3.076923 2.192308 0.280000 12200 8855 9103
-0.269231 2.153846 4.200000 14834 11266 4373
0.192308 1.961538 4.000000 7005 12779 3351
