134 119 103 8429 8116 8681
134 121 101 8700 8102 8836
134 123 99 9078 8114 8965
134 123 99 9078 8114 8965
130 132 98 9460 8214 9075
130 138 96 10905 7850 8597
130 138 96 10905 7850 8597
139 173 85 11609 7469 8117
145 190 81 14411 7372 7095
153 210 79 15743 7946 7607
153 210 79 15743 7946 7607
154 237 94 10022 8770 8706
141 239 97 10862 10623 14372
125 240 95 11196 10448 15564
125 240 95 11196 10448 15564
93 243 109 11613 9978 9871
94 243 126 12913 9331 14055
94 243 126 12913 9331 14055
77 244 183 13073 9251 14188
79 244 213 13295 4569 14041
79 244 213 13295 4569 14041
20 245 238 12920 6131 13200
28 245 239 9773 10616 7324
28 245 239 9773 10616 7324
94 205 241 15377 9994 7005
