141 125 105 6343 7147 7208
142 128 105 6673 7377 7500
144 128 104 6847 7867 7774
144 128 104 6847 7867 7774
144 131 102 7082 8183 8133
142 133 101 7910 8788 8853
140 135 100 8320 8674 8892
140 135 100 8320 8674 8892
139 149 94 8872 8376 8790
143 156 91 11438 7344 8082
147 166 89 12443 7370 8148
147 166 89 12443 7370 8148
159 196 90 13469 7524 8514
157 206 95 10038 8462 11950
153 218 96 10312 8591 13495
153 218 96 10312 8591 13495
128 238 114 10638 8756 15253
120 240 126 11802 8322 10623
120 240 126 11802 8322 10623
63 243 155 12053 8348 10814
64 243 176 13220 4701 9977
82 243 209 13415 4315 14018
82 243 209 13415 4315 14018
95 244 238 13062 4430 12821
69 234 214 14343 10573 13091
69 234 214 14343 10573 13091
79 196 222 13702 10688 11626
102 189 233 14393 7893 5752
102 189 233 14393 7893 5752
