0.423077 0.280000 -1.692308 -384.799988 -396.200012 -102.500000
0.500000 0.280000 -1.807692 -347.750000 -404.299988 -95.800003
0.500000 0.280000 -1.807692 -347.750000 -404.299988 -95.800003
0.576923 0.520000 -2.269231 0.000000 0.000000 0.000000
0.538462 0.640000 -2.461539 136.250000 15.100000 45.349998
0.423077 0.840000 -2.615385 183.399994 48.950001 61.500000
0.423077 0.840000 -2.615385 183.399994 48.950001 61.500000
-0.038462 1.720000 -2.884615 0.000000 0.000000 0.000000
-0.192308 2.160000 -2.807692 -684.500000 80.150002 25.049999
-0.269231 2.680000 -2.692308 -604.000000 100.449997 37.099998
-0.269231 2.680000 -2.692308 -604.000000 100.449997 37.099998
-0.653846 4.160000 -1.923077 0.000000 0.000000 0.000000
-0.884615 4.320000 -1.461538 255.000000 57.450001 93.599998
-1.000000 4.400000 -0.923077 327.500000 65.300003 127.449997
-1.000000 4.400000 -0.923077 327.500000 65.300003 127.449997
-1.653846 4.480000 0.500000 0.000000 0.000000 0.000000
-1.923077 4.520000 0.884615 127.750000 -191.649994 3.500000
-1.692308 4.520000 1.307692 173.000000 -313.600006 -69.949997
-1.692308 4.520000 1.307692 173.000000 -313.600006 -69.949997
-0.346154 4.560000 2.615385 3229.750000 152.000000 533.250000
