0.000000 -0.080000 -1.692308 60.500000 -104.349998 70.750000
-0.038462 -0.040000 -1.769231 89.800003 -95.500000 66.250000
-0.038462 0.080000 -1.807692 120.099998 -86.650002 64.000000
-0.038462 0.080000 -1.807692 120.099998 -86.650002 64.000000
-0.192308 0.600000 -1.807692 0.000000 0.000000 0.000000
-0.269231 0.840000 -1.846154 80.250000 48.950001 -5.950000
-0.269231 0.840000 -1.846154 80.250000 48.950001 -5.950000
-0.384615 1.760000 -1.615385 0.000000 0.000000 0.000000
-0.384615 2.160000 -1.461538 -1088.250000 1.800000 -9.500000
-0.423077 2.520000 -1.269231 -1022.000000 1.150000 -4.450000
-0.423077 2.520000 -1.269231 -1022.000000 1.150000 -4.450000
-0.923077 3.520000 -0.653846 0.000000 0.000000 0.000000
-1.192308 3.880000 -0.500000 157.750000 -31.299999 -16.900000
-1.346154 4.160000 -0.423077 209.000000 -41.549999 -41.700001
