0.223422 -0.100208 0.759795 0.406383 
0.099904 -0.129093 0.816743 0.059502 
0.099904 -0.129093 0.816743 0.059502 
0.082013 -0.081715 0.828991 0.075549 
-0.022371 -0.141339 0.820727 -0.167225 
-0.022371 -0.141339 0.820727 -0.167225 
0.022598 -0.241732 0.830267 -0.137253 
-0.077603 -0.103583 0.840293 -0.089613 
-0.097676 0.009028 0.821821 -0.122119 
-0.097676 0.009028 0.821821 -0.122119 
-0.098880 -0.118022 0.800988 -0.182847 
-0.022946 -0.118306 0.817312 -0.050264 
0.096304 0.044111 0.830434 0.118170 
0.096304 0.044111 0.830434 0.118170 
0.096304 0.044111 0.830434 0.118170 
0.096304 0.044111 0.830434 0.118170 
0.082013 -0.081715 0.828991 0.075549 
0.082013 -0.081715 0.828991 0.075549 
-0.105056 0.019373 0.822162 -0.100472 
-0.063009 -0.295198 0.759939 0.157533 
0.135505 -0.225798 0.796626 0.065747 
0.135505 -0.225798 0.796626 0.065747 
0.136043 -0.210514 0.768234 0.191171 
0.453318 0.022064 0.218896 0.331457 
-0.059535 0.809053 -0.075411 0.115711 
-0.059535 0.809053 -0.075411 0.115711 
0.277848 0.843125 -0.204920 -0.281989 
0.172796 0.816846 -0.079280 -0.105225 
0.172796 0.816846 -0.079280 -0.105225 
0.172796 0.816846 -0.079280 -0.105225 
0.134578 0.874358 0.111895 0.167113 
0.084928 0.845040 0.031615 0.150955 
0.100177 0.850426 -0.004959 0.077256 
0.100177 0.850426 -0.004959 0.077256 
-0.044091 0.888134 -0.190730 -0.242258 
-0.007857 0.868760 -0.221888 -0.374901 
-0.007857 0.868760 -0.221888 -0.374901 
-0.007857 0.868760 -0.221888 -0.374901 
-0.021107 0.880795 -0.212968 -0.305670 
-0.021107 0.880795 -0.212968 -0.305670 
-0.059516 0.808991 -0.075423 0.115799 
0.086334 0.799283 -0.146561 -0.231899 
0.086334 0.799283 -0.146561 -0.231899 
0.100177 0.850426 -0.004959 0.077256 
-0.059516 0.808991 -0.075423 0.115799 
-0.059516 0.808991 -0.075423 0.115799 
0.453318 0.022064 0.218896 0.331457 
-0.022946 -0.118306 0.817312 -0.050264 
0.027635 -0.017513 0.839776 -0.064511 
0.027635 -0.017513 0.839776 -0.064511 
0.037471 -0.073101 0.851957 -0.021920 
-0.029760 0.017014 0.820977 -0.129183 
0.099903 -0.129093 0.816743 0.059502 
0.082013 -0.081715 0.828991 0.075549 
0.082013 -0.081715 0.828991 0.075549 
0.082013 -0.081716 0.828991 0.075549 
0.096304 0.044111 0.830434 0.118170 
0.099903 -0.129093 0.816743 0.059502 
0.099903 -0.129093 0.816743 0.059502 
