0.099903 -0.129093 0.816743 0.059502 
0.099903 -0.129093 0.816743 0.059502 
0.082013 -0.081715 0.828991 0.075549 
0.082013 -0.081715 0.828991 0.075549 
0.018873 -0.115247 0.824636 0.006273 
0.022598 -0.241722 0.830269 -0.137251 
0.022598 -0.241722 0.830269 -0.137251 
0.064193 0.049478 0.858191 0.048826 
-0.100270 -0.116988 0.801476 -0.176718 
0.136047 -0.210543 0.768223 0.191086 
0.136047 -0.210543 0.768223 0.191086 
0.099904 -0.129093 0.816743 0.059502 
0.082013 -0.081715 0.828991 0.075549 
0.082013 -0.081715 0.828991 0.075549 
0.082013 -0.081715 0.828991 0.075549 
-0.029766 -0.126856 0.783455 -0.305362 
-0.029766 -0.126856 0.783455 -0.305362 
-0.077603 -0.103570 0.840290 -0.089622 
0.133697 -0.224209 0.797858 0.061146 
0.099903 -0.129093 0.816743 0.059502 
0.099903 -0.129093 0.816743 0.059502 
0.136032 -0.210431 0.768267 0.191411 
0.445329 0.032793 0.218744 0.327942 
-0.052188 0.627352 -0.099037 0.269391 
-0.052188 0.627352 -0.099037 0.269391 
0.045343 0.251359 -0.039440 0.653015 
-0.248749 0.805942 0.030761 0.195564 
0.084768 0.799181 -0.145077 -0.229570 
0.084768 0.799181 -0.145077 -0.229570 
0.172796 0.816846 -0.079280 -0.105225 
-0.059516 0.808990 -0.075423 0.115799 
-0.059516 0.808990 -0.075423 0.115799 
0.045342 0.251363 -0.039441 0.653014 
0.101660 0.853290 -0.015610 0.061710 
-0.044091 0.888134 -0.190730 -0.242258 
-0.044091 0.888134 -0.190730 -0.242258 
-0.043971 0.888108 -0.190845 -0.242535 
-0.042398 0.887760 -0.192347 -0.246193 
-0.042398 0.887760 -0.192347 -0.246193 
-0.044091 0.888134 -0.190730 -0.242258 
0.172795 0.816846 -0.079280 -0.105226 
0.172795 0.816846 -0.079280 -0.105226 
0.172796 0.816846 -0.079280 -0.105225 
0.100177 0.850427 -0.004959 0.077256 
-0.059516 0.808990 -0.075423 0.115799 
-0.059516 0.808990 -0.075423 0.115799 
-0.052188 0.627352 -0.099037 0.269391 
0.082013 -0.081715 0.828991 0.075549 
0.082013 -0.081715 0.828991 0.075549 
-0.022946 -0.118306 0.817312 -0.050264 
-0.083688 -0.023779 0.836088 -0.080543 
-0.083688 -0.023779 0.836088 -0.080543 
-0.077607 -0.103575 0.840292 -0.089615 
0.082013 -0.081715 0.828991 0.075549 
0.082013 -0.081715 0.828991 0.075549 
0.082013 -0.081715 0.828991 0.075549 
-0.022946 -0.118306 0.817312 -0.050264 
0.099903 -0.129093 0.816743 0.059502 
0.096304 0.044111 0.830434 0.118170 
0.096304 0.044111 0.830434 0.118170 
0.082013 -0.081715 0.828991 0.075549 
