0.136082 -0.201948 0.770812 0.212788 
0.136050 -0.210559 0.768216 0.191038 
0.136050 -0.210559 0.768216 0.191038 
0.099903 -0.129093 0.816743 0.059502 
0.027635 -0.017513 0.839776 -0.064511 
0.022597 -0.241719 0.830269 -0.137249 
0.022597 -0.241719 0.830269 -0.137249 
0.064095 0.049288 0.858188 0.048704 
-0.029760 0.017014 0.820977 -0.129183 
-0.029766 -0.126855 0.783455 -0.305362 
-0.029766 -0.126855 0.783455 -0.305362 
0.099904 -0.129093 0.816743 0.059502 
0.102286 -0.139137 0.813636 0.063689 
0.136046 -0.210534 0.768226 0.191110 
0.136046 -0.210534 0.768226 0.191110 
0.211687 -0.141859 0.756893 0.319497 
0.273408 -0.141730 0.703877 0.570542 
-0.100279 -0.116984 0.801478 -0.176721 
-0.100279 -0.116984 0.801478 -0.176721 
-0.086397 -0.039875 0.838702 0.007996 
0.027635 -0.017513 0.839776 -0.064511 
0.027635 -0.017513 0.839776 -0.064511 
0.096304 0.044111 0.830434 0.118170 
0.663375 0.011820 0.136401 0.085234 
0.663375 0.011820 0.136401 0.085234 
0.714583 0.082268 0.171665 0.126254 
0.280642 0.842957 -0.202625 -0.279690 
0.280642 0.842957 -0.202625 -0.279690 
0.086333 0.799283 -0.146560 -0.231898 
0.134578 0.874358 0.111895 0.167113 
0.045343 0.251358 -0.039440 0.653016 
0.045343 0.251358 -0.039440 0.653016 
0.045343 0.251358 -0.039440 0.653016 
0.100177 0.850426 -0.004959 0.077256 
0.122641 0.851326 -0.031971 0.030572 
0.122641 0.851326 -0.031971 0.030572 
-0.007857 0.868760 -0.221888 -0.374901 
-0.007857 0.868760 -0.221888 -0.374901 
-0.007857 0.868760 -0.221888 -0.374901 
-0.007857 0.868760 -0.221888 -0.374901 
-0.010156 0.871115 -0.221983 -0.363321 
-0.059516 0.808991 -0.075423 0.115799 
-0.059516 0.808991 -0.075423 0.115799 
0.172796 0.816846 -0.079280 -0.105225 
0.256665 0.845964 -0.186622 -0.245799 
0.100177 0.850426 -0.004959 0.077256 
0.100177 0.850426 -0.004959 0.077256 
0.045343 0.251358 -0.039440 0.653016 
0.277101 0.190708 0.380971 0.542414 
0.135996 -0.210201 0.768360 0.192083 
0.135996 -0.210201 0.768360 0.192083 
0.082013 -0.081715 0.828991 0.075549 
0.022594 -0.241664 0.830281 -0.137233 
0.064194 0.049481 0.858191 0.048828 
0.064194 0.049481 0.858191 0.048828 
-0.084347 -0.022770 0.835609 -0.080392 
-0.029766 -0.126856 0.783455 -0.305363 
0.081461 -0.082459 0.829070 0.075126 
0.081461 -0.082459 0.829070 0.075126 
0.096304 0.044111 0.830434 0.118170 
0.096304 0.044111 0.830434 0.118170 
0.096304 0.044111 0.830434 0.118170 
0.096304 0.044111 0.830434 0.118170 
