0.385801 0.170363 0.175347 0.356532 0.000000 0.000000 0.000000 
0.104246 0.004311 0.118994 0.792301 0.000000 0.000000 0.000000 
0.554995 0.061588 0.268697 0.311773 819.150024 819.150024 819.150024 
0.419299 -0.026065 0.560462 0.156135 1638.300049 1638.300049 1638.300049 
0.419299 -0.026065 0.560462 0.156135 2457.450073 2457.450073 2457.450073 
-0.089000 -0.005655 0.920492 0.018664 3276.600098 3276.600098 3276.600098 
-0.089000 -0.005655 0.920492 0.018664 4095.750122 4095.750122 4095.750122 
-0.037224 0.291834 0.730371 0.210727 4111.500122 4113.250122 4560.700134 
0.039828 0.062836 0.967110 -0.019593 4111.500122 4113.250122 4560.700134 
0.014951 0.136548 0.964142 -0.037374 4111.500122 4113.250122 4560.700134 
-0.041876 -0.086881 0.961871 0.010654 4099.600122 4117.950122 4483.650131 
-0.041876 -0.086881 0.961871 0.010654 4087.700123 4122.650122 4406.600128 
-0.012255 0.091976 0.938466 -0.006818 4434.850117 4505.600134 4620.650131 
0.224690 0.043480 0.966458 0.033047 4771.500111 4908.750128 4712.700134 
-0.008984 -0.090328 0.887165 0.507840 5111.650105 5314.650122 4768.250134 
-0.008984 -0.090328 0.887165 0.507840 5451.800098 5720.550116 4823.800133 
0.014228 -0.084140 0.877683 0.655296 5799.900105 6126.500128 4853.750134 
0.269923 0.154782 0.378397 0.433636 5799.900105 6126.500128 4853.750134 
0.269923 0.154782 0.378397 0.433636 5799.900105 6126.500128 4853.750134 
0.668124 0.006449 -0.039669 0.476423 5799.900105 6126.500128 4853.750134 
-0.069456 0.905699 -0.436035 0.107502 5828.500105 6157.400127 4823.250134 
-0.069456 0.905699 -0.436035 0.107502 5857.100105 6188.300127 4792.750134 
-0.181790 0.950284 -0.036433 0.176897 5857.100105 6188.300127 4792.750134 
0.400724 0.905169 -0.133964 0.451625 5825.600105 6210.050127 4834.000134 
0.400724 0.905169 -0.133964 0.451625 5794.100105 6231.800127 4875.250134 
-0.197118 0.963454 -0.070102 0.131708 5794.100105 6231.800127 4875.250134 
0.779517 0.925088 -0.252886 0.145813 5782.650105 6184.200129 4643.000134 
0.427015 0.667391 -0.544846 0.249379 5774.000106 6128.050127 4451.150127 
0.427015 0.667391 -0.544846 0.249379 5765.350106 6071.900126 4259.300121 
-0.021447 -0.017570 0.964842 0.030662 6135.250100 6472.450113 4422.550121 
-0.060542 0.964563 0.028552 0.084037 6135.250100 6472.450113 4422.550121 
-0.287574 0.985039 0.164538 -0.062408 6134.150100 6477.800113 4478.050121 
-0.287574 0.985039 0.164538 -0.062408 6133.050100 6483.150113 4533.550121 
-0.010981 0.959194 0.008428 0.018402 6133.050100 6483.150113 4533.550121 
-0.109974 0.967355 0.185871 0.225703 6152.000101 6456.150113 4686.650127 
-0.207220 0.967954 0.034766 0.265147 6177.850101 6425.450112 4888.400127 
-0.207220 0.967954 0.034766 0.265147 6203.700102 6394.750112 5090.150127 
-0.014945 0.959012 -0.009009 0.051378 6203.700102 6394.750112 5090.150127 
0.005141 0.960018 0.256987 -0.057623 6218.750102 6397.550112 4223.400127 
0.045665 0.961199 0.205700 -0.025683 6234.400101 6410.000111 3425.650127 
0.045665 0.961199 0.205700 -0.025683 6250.050101 6422.450111 2627.900127 
0.060698 0.572940 0.105083 0.184564 6250.050101 6422.450111 2627.900127 
-0.175636 0.956262 0.375578 0.341927 6221.500102 6461.250110 2779.900127 
-0.296664 0.074221 0.786509 0.043142 6185.900103 6504.900112 2961.150127 
-0.296664 0.074221 0.786509 0.043142 6150.300105 6548.550113 3142.400127 
0.066681 0.322617 0.115655 0.141582 6150.300105 6548.550113 3142.400127 
0.622630 0.452033 0.586269 0.318387 6131.350104 6486.000114 3072.400127 
0.937008 0.050215 -0.429160 0.598652 6095.550105 6421.150116 2946.900127 
0.937008 0.050215 -0.429160 0.598652 6059.750106 6356.300117 2821.400127 
-0.022781 -0.085909 0.961307 0.124334 6059.750106 6356.300117 2821.400127 
0.542742 -0.374798 0.074769 -0.002424 6040.550105 6424.500114 2654.650127 
0.961996 -0.264846 0.753974 0.220531 6026.650105 6504.050117 2445.900127 
0.961996 -0.264846 0.753974 0.220531 6012.750106 6583.600120 2237.150127 
0.005993 -0.151311 0.947803 0.231811 6012.750106 6583.600120 2237.150127 
0.274693 -0.605580 0.644635 0.252984 5992.100106 6613.800121 2181.100128 
0.500448 -0.318853 0.765365 0.210610 5960.450106 6660.350120 2067.750130 
0.500448 -0.318853 0.765365 0.210610 5928.800107 6706.900120 1954.400131 
-0.049975 -0.756837 0.804754 0.760858 5928.800107 6706.900120 1954.400131 
-0.128846 0.013221 0.903432 -0.013379 6007.700108 6589.800121 1774.800125 
-0.039772 -0.150555 0.885417 -0.009902 6117.050107 6432.950115 1534.150131 
-0.039772 -0.150555 0.885417 -0.009902 6226.400105 6276.100109 1293.500137 
0.651140 -0.569405 0.707299 0.691696 6226.400105 6276.100109 1293.500137 
0.153686 -0.059307 0.915089 -0.196115 6255.250106 6261.250108 1214.150139 
-0.161080 -0.113056 0.933631 0.102675 6280.200106 6273.200108 1120.350136 
-0.161080 -0.113056 0.933631 0.102675 6305.150107 6285.150108 1026.550133 
0.513850 0.078073 0.874376 0.082874 6748.800101 6660.650108 1219.100136 
0.117854 -0.003540 0.919112 -0.117057 7201.600089 7054.550102 1312.400139 
-0.072987 -0.131510 0.009445 0.230410 7665.100089 7439.700096 1349.350140 
-0.072987 -0.131510 0.009445 0.230410 8128.600089 7824.850090 1386.300140 
0.135578 0.001011 0.901390 0.349701 8128.600089 7824.850090 1386.300140 
-0.101091 0.015798 0.915580 -0.161556 8158.700089 7783.650089 1227.800140 
-0.015127 0.092276 0.936463 -0.169147 8199.000088 7726.850090 1041.800140 
-0.015127 0.092276 0.936463 -0.169147 8239.300088 7670.050091 855.800140 
0.170759 0.037519 0.098185 0.744683 8239.300088 7670.050091 855.800140 
0.901886 -0.049550 -0.098431 -0.474667 8245.600088 7700.050091 885.550140 
0.808227 0.773512 0.291297 0.298499 8239.150088 7748.100090 943.300140 
0.808227 0.773512 0.291297 0.298499 8232.700088 7796.150089 1001.050140 
