0.007701 -0.009105 0.900721 0.018194 
-0.027404 0.005056 0.925273 -0.021445 
-0.027404 0.005056 0.925273 -0.021445 
-0.027452 0.005075 0.925302 -0.021499 
-0.027452 0.005075 0.925302 -0.021499 
-0.027452 0.005075 0.925302 -0.021499 
-0.027452 0.005075 0.925302 -0.021499 
0.049895 0.045293 0.980837 0.034039 
0.049895 0.045293 0.980837 0.034039 
-0.027452 0.005075 0.925302 -0.021499 
0.049895 0.045293 0.980837 0.034039 
0.049895 0.045293 0.980837 0.034039 
0.049895 0.045293 0.980837 0.034039 
0.049895 0.045293 0.980837 0.034039 
-0.071845 0.057911 0.980656 -0.067390 
-0.071845 0.057911 0.980656 -0.067390 
-0.074173 -0.026793 0.971401 0.001478 
-0.074173 -0.026793 0.971401 0.001478 
-0.074173 -0.026793 0.971401 0.001478 
-0.074173 -0.026793 0.971401 0.001478 
-0.150549 -0.066948 0.890040 -0.054022 
-0.008279 0.001399 0.984134 -0.000467 
-0.008279 0.001399 0.984134 -0.000467 
-0.050470 -0.052981 0.917227 -0.016321 
-0.050470 -0.052981 0.917227 -0.016321 
-0.050470 -0.052981 0.917227 -0.016321 
-0.050470 -0.052981 0.917227 -0.016321 
0.005095 -0.103143 0.849884 0.094717 
0.005095 -0.103143 0.849884 0.094717 
0.005095 -0.103143 0.849884 0.094717 
-0.104233 -0.043039 0.717703 0.022770 
-0.617247 0.780977 0.612527 0.156609 
-0.550257 0.753923 0.742607 0.210416 
-0.550257 0.753923 0.742607 0.210416 
-0.544716 0.756262 0.787873 0.226158 
-0.543595 0.920599 0.771549 0.128430 
-0.543595 0.920599 0.771549 0.128430 
0.331440 0.970694 -0.255762 0.004004 
0.321412 0.972603 -0.228839 -0.019477 
0.115924 0.988444 0.117697 -0.127152 
0.115924 0.988444 0.117697 -0.127152 
0.070588 0.989534 0.253090 -0.132599 
0.122653 0.988482 0.131798 0.007166 
0.122653 0.988482 0.131798 0.007166 
0.122651 0.988482 0.131803 0.007160 
-0.000110 0.992588 0.030422 0.007698 
-0.000110 0.992588 0.030422 0.007698 
-0.000110 0.992588 0.030422 0.007698 
-0.000110 0.992588 0.030422 0.007698 
-0.000110 0.992588 0.030422 0.007698 
-0.000110 0.992588 0.030422 0.007698 
0.001175 0.992556 0.028674 0.010277 
0.003073 0.992508 0.026089 0.014091 
-0.000110 0.992588 0.030422 0.007698 
-0.000110 0.992588 0.030422 0.007698 
-0.000110 0.992588 0.030422 0.007698 
-0.000110 0.992588 0.030422 0.007698 
-0.000110 0.992588 0.030422 0.007698 
-0.000110 0.992588 0.030422 0.007698 
0.011663 0.992060 0.003142 0.031473 
0.010933 0.992094 0.004836 0.029998 
0.010933 0.992094 0.004836 0.029998 
-0.183143 0.992028 0.078735 -0.012042 
-0.067754 0.963848 0.128516 -0.150445 
-0.067754 0.963848 0.128516 -0.150445 
-0.067754 0.963848 0.128516 -0.150445 
0.245070 0.904484 0.020016 0.012165 
0.699384 0.384561 0.206924 -0.122352 
0.288577 0.686934 0.635924 -0.840062 
0.288577 0.686934 0.635924 -0.840062 
0.332189 0.658152 0.539220 -0.838333 
0.723317 0.338681 0.061024 -0.116564 
0.723317 0.338681 0.061024 -0.116564 
-0.163144 0.853125 0.658052 -0.825757 
-0.163144 0.853125 0.658052 -0.825757 
-0.163132 0.853122 0.658050 -0.825757 
-0.163132 0.853122 0.658050 -0.825757 
0.240059 0.078487 -0.020258 0.241811 
0.458134 0.773569 0.622570 -0.751486 
0.739789 0.567003 0.549449 -0.810125 
0.739789 0.567003 0.549449 -0.810125 
0.739789 0.567003 0.549449 -0.810125 
-0.031750 0.421913 0.944859 -0.755521 
-0.031750 0.421913 0.944859 -0.755521 
-0.031750 0.421913 0.944859 -0.755521 
-0.031750 0.421913 0.944859 -0.755521 
0.306313 0.273793 0.964906 -0.766199 
0.306315 0.273790 0.964906 -0.766199 
0.306315 0.273790 0.964906 -0.766199 
0.306315 0.273790 0.964906 -0.766199 
0.709289 -0.154734 0.899697 0.087161 
0.709289 -0.154734 0.899697 0.087161 
0.709289 -0.154734 0.899697 0.087161 
0.709289 -0.154734 0.899697 0.087161 
0.709289 -0.154734 0.899697 0.087161 
-0.027452 0.005075 0.925302 -0.021499 
-0.027452 0.005075 0.925302 -0.021499 
-0.027452 0.005075 0.925302 -0.021499 
-0.027452 0.005075 0.925302 -0.021499 
-0.027452 0.005075 0.925302 -0.021499 
-0.027452 0.005075 0.925302 -0.021499 
-0.027452 0.005075 0.925302 -0.021499 
0.049895 0.045293 0.980837 0.034039 
0.049895 0.045293 0.980837 0.034039 
0.049895 0.045293 0.980837 0.034039 
-0.074148 -0.025865 0.971523 0.000722 
-0.008279 0.001399 0.984134 -0.000467 
-0.008279 0.001399 0.984134 -0.000467 
-0.008279 0.001399 0.984134 -0.000467 
0.168904 -0.473677 0.976169 -0.126516 
0.005095 -0.103143 0.849884 0.094717 
0.005095 -0.103143 0.849884 0.094717 
0.005095 -0.103143 0.849884 0.094717 
0.005095 -0.103143 0.849884 0.094717 
0.005095 -0.103143 0.849884 0.094717 
0.006931 -0.106187 0.849188 0.098370 
0.619012 -0.863672 0.270122 0.911756 
0.619012 -0.863672 0.270122 0.911756 
0.619012 -0.863672 0.270122 0.911756 
0.107057 -0.213356 0.086838 0.931943 
0.107057 -0.213356 0.086838 0.931943 
0.107057 -0.213356 0.086838 0.931943 
-0.066595 0.689176 -0.277563 0.941888 
0.065416 0.567156 -0.349245 0.942507 
0.065369 0.567210 -0.349189 0.942496 
