-0.560142 0.467737 0.972509 -0.807494 9701.877930 45432.273438 -89220.503906 
-0.534724 0.415316 0.974092 -0.807549 10143.505371 45274.095703 -88766.776367 
-0.534724 0.415316 0.974092 -0.807549 10255.132812 44922.917969 -88888.048828 
-0.534724 0.415316 0.974092 -0.807549 10366.760254 44571.740234 -89009.321289 
0.056403 0.238109 0.966242 -0.772269 10297.387695 44116.562500 -89726.593750 
0.049895 0.045293 0.980837 0.034039 10098.015137 44376.384766 -92211.866211 
0.049895 0.045293 0.980837 0.034039 9898.642578 44636.207031 -94697.138672 
-0.071581 0.067504 0.981498 -0.075186 9859.270020 45087.029297 -97754.411133 
-0.388450 -0.481362 0.997110 -0.582880 9567.897461 45837.851562 -102688.683594 
-0.388450 -0.481362 0.997110 -0.582880 9276.524902 46588.673828 -107622.956055 
-0.340443 -0.549362 0.967688 -0.484274 8925.152344 47196.496094 -113279.228516 
-0.461295 -0.973799 0.947361 -0.956703 8997.779785 46631.318359 -120919.500977 
-0.461295 -0.973799 0.947361 -0.956703 9070.407227 46066.140625 -128559.773438 
0.725479 -0.167203 0.867694 0.122988 9389.034668 45084.962891 -130490.045898 
-0.156596 0.631800 0.967401 -0.730828 10047.662109 43631.785156 -132687.318359 
-0.156596 0.631800 0.967401 -0.730828 10706.289551 42178.607422 -134884.590820 
0.726329 -0.168543 0.867271 0.126400 11398.916992 40708.429688 -137170.863281 
0.726303 -0.170432 0.866142 0.127956 12176.544434 39924.251953 -139548.135742 
0.726303 -0.170432 0.866142 0.127956 12954.171875 39140.074219 -141925.408203 
0.776042 0.036751 -0.056994 -0.040800 13709.799316 38570.896484 -144295.680664 
0.262437 0.957031 -0.190405 0.117315 14507.426758 37668.718750 -146479.953125 
0.262437 0.957031 -0.190405 0.117315 15305.054199 36766.541016 -148664.225586 
0.311451 0.966671 -0.511015 0.040474 16168.681641 35586.363281 -150723.498047 
-0.455188 0.932219 0.669837 0.129305 16843.309082 34653.185547 -157546.770508 
-0.455188 0.932219 0.669837 0.129305 17517.936523 33720.007812 -164370.042969 
0.327313 0.966211 -0.572012 0.256806 17924.563965 33151.830078 -170377.315430 
0.028616 0.987505 -0.483063 0.229758 17279.191406 33931.652344 -173345.587891 
0.028616 0.987505 -0.483063 0.229758 16488.818848 34890.474609 -175145.860352 
0.028616 0.987505 -0.483063 0.229758 15698.446289 35849.296875 -176946.132812 
-0.111951 0.992069 -0.495033 0.012279 14856.073730 36651.119141 -177597.405273 
0.610762 0.919799 -0.784758 0.892423 13973.701172 36940.941406 -175131.677734 
0.610762 0.919799 -0.784758 0.892423 13091.328613 37230.763672 -172665.950195 
0.615791 0.920595 -0.739016 0.895797 12239.956055 37645.585938 -169329.222656 
0.926262 0.892046 -0.801350 0.915325 11888.583496 38176.408203 -163569.495117 
0.926262 0.892046 -0.801350 0.915325 11537.210938 38707.230469 -157809.767578 
0.926262 0.892046 -0.801350 0.915325 11368.838379 39436.052734 -151188.040039 
0.721369 0.987675 -0.330979 0.191013 11745.465820 40207.875000 -149329.312500 
0.721369 0.987675 -0.330979 0.191013 12299.093262 41050.697266 -147298.584961 
0.721369 0.987675 -0.330979 0.191013 12852.720703 41893.519531 -145267.857422 
0.821289 0.845703 -0.340220 0.195314 13568.348145 42798.341797 -143063.129883 
0.865602 0.519105 -0.126268 0.109047 14711.975586 43207.164062 -140551.402344 
0.640250 0.796336 0.567334 -0.787877 16055.603027 43209.986328 -138048.674805 
0.640250 0.796336 0.567334 -0.787877 17399.230469 43212.808594 -135545.947266 
-0.913940 0.362377 0.949641 -0.902353 19043.857910 42771.630859 -133137.219727 
-0.790018 0.719119 0.975948 -0.777634 20524.485352 42226.453125 -131384.492188 
-0.509147 0.403513 0.965276 -0.793290 21475.112793 42375.275391 -129863.764648 
-0.509147 0.403513 0.965276 -0.793290 22425.740234 42524.097656 -128343.037109 
0.766124 -0.340490 -0.217512 0.209735 22851.367676 43521.919922 -121618.309570 
-0.015126 -0.463723 0.795400 0.342787 22366.995117 46092.742188 -116409.582031 
-0.015126 -0.463723 0.795400 0.342787 21580.622559 48624.564453 -111635.854492 
-0.015126 -0.463723 0.795400 0.342787 20794.250000 51156.386719 -106862.126953 
-0.552139 -0.820745 0.632702 -0.183602 20011.877441 53389.208984 -102110.399414 
-0.871069 -0.836003 0.490030 -0.543538 19090.504883 54159.031250 -99360.671875 
-0.952719 -0.841514 0.968007 -0.923017 18063.132324 54447.853516 -98062.944336 
-0.952719 -0.841514 0.968007 -0.923017 17035.759766 54736.675781 -96765.216797 
0.049895 0.045293 0.980837 0.034039 16605.387207 54738.498047 -99851.489258 
0.049894 0.045293 0.980837 0.034038 16135.014648 54929.320312 -103366.761719 
0.049894 0.045293 0.980837 0.034038 15664.642090 55120.142578 -106882.034180 
-0.071581 0.067504 0.981498 -0.075186 15184.269531 55370.964844 -110875.306641 
0.030817 0.089131 0.989633 -0.072792 14846.896973 55082.787109 -116755.579102 
0.719949 -0.065164 0.986089 0.031601 14662.524414 54535.609375 -123226.851562 
0.719949 -0.065164 0.986089 0.031601 14478.151855 53988.431641 -129698.124023 
0.718691 -0.158320 0.978471 0.107995 14482.779297 53286.253906 -136712.396484 
0.726329 -0.168543 0.867271 0.126400 14650.406738 52600.076172 -138713.668945 
0.726329 -0.168543 0.867271 0.126400 14818.034180 51913.898438 -140714.941406 
0.726329 -0.168543 0.867271 0.126400 14935.661621 51515.720703 -142778.213867 
0.725095 -0.258568 0.801097 0.201107 14910.289062 51948.542969 -145068.486328 
0.725095 -0.258568 0.801097 0.201107 14884.916504 52381.365234 -147358.758789 
0.725095 -0.258568 0.801097 0.201107 15016.543945 52846.187500 -149746.031250 
0.725095 -0.258568 0.801097 0.201107 16300.171387 52422.009766 -152178.303711 
0.725095 -0.258568 0.801097 0.201107 17583.798828 51997.832031 -154610.576172 
0.318578 0.967026 -0.425650 0.056964 19200.426270 51252.654297 -156960.848633 
