0.007701 -0.009105 0.900721 0.018194 
0.007701 -0.009105 0.900721 0.018194 
0.007701 -0.009105 0.900721 0.018194 
-0.026131 0.004542 0.924494 -0.020007 
-0.027452 0.005075 0.925302 -0.021499 
-0.027452 0.005075 0.925302 -0.021499 
-0.027452 0.005075 0.925302 -0.021499 
0.049895 0.045293 0.980837 0.034039 
0.049895 0.045293 0.980837 0.034039 
0.049895 0.045293 0.980837 0.034039 
-0.027452 0.005075 0.925302 -0.021499 
0.049895 0.045293 0.980837 0.034039 
0.049895 0.045293 0.980837 0.034039 
0.049895 0.045293 0.980837 0.034039 
-0.027452 0.005075 0.925302 -0.021499 
-0.027452 0.005075 0.925302 -0.021499 
-0.027452 0.005075 0.925302 -0.021499 
-0.030056 -0.089094 0.886299 0.055248 
-0.030056 -0.089094 0.886299 0.055248 
-0.030056 -0.089094 0.886299 0.055248 
0.005095 -0.103143 0.849884 0.094717 
-0.116019 -0.081051 0.854727 -0.014377 
-0.116019 -0.081051 0.854727 -0.014377 
0.005095 -0.103143 0.849884 0.094717 
-0.050470 -0.052981 0.917227 -0.016321 
-0.050470 -0.052981 0.917227 -0.016321 
-0.050470 -0.052981 0.917227 -0.016321 
0.005095 -0.103143 0.849884 0.094717 
0.005095 -0.103143 0.849884 0.094717 
0.005095 -0.103143 0.849884 0.094717 
-0.096400 -0.037606 0.766762 0.039283 
-0.544716 0.756262 0.787873 0.226158 
-0.544716 0.756262 0.787873 0.226158 
-0.544716 0.756262 0.787873 0.226158 
-0.544716 0.756262 0.787873 0.226158 
-0.399545 0.807008 0.844777 0.171363 
-0.399545 0.807008 0.844777 0.171363 
-0.399545 0.807008 0.844777 0.171363 
0.542111 0.850696 -0.075025 0.037229 
0.542111 0.850696 -0.075025 0.037229 
0.542111 0.850697 -0.075025 0.037229 
0.542111 0.850697 -0.075025 0.037229 
0.127523 0.987623 0.090706 -0.103685 
0.067869 0.989596 0.260925 -0.132924 
0.067869 0.989596 0.260925 -0.132924 
0.067869 0.989596 0.260925 -0.132924 
0.067869 0.989596 0.260925 -0.132924 
0.084691 0.989957 0.100459 0.007331 
-0.000110 0.992588 0.030422 0.007698 
-0.000110 0.992588 0.030422 0.007698 
-0.000110 0.992588 0.030422 0.007698 
-0.000110 0.992588 0.030422 0.007698 
-0.000110 0.992588 0.030422 0.007698 
-0.000110 0.992588 0.030422 0.007698 
0.011663 0.992060 0.003142 0.031473 
0.170872 0.962799 -0.053716 0.009027 
0.170872 0.962799 -0.053716 0.009027 
0.170872 0.962799 -0.053716 0.009027 
-0.012558 0.960033 -0.005301 -0.010713 
-0.012558 0.960033 -0.005301 -0.010713 
-0.012558 0.960033 -0.005301 -0.010713 
-0.012558 0.960033 -0.005301 -0.010713 
-0.012558 0.960033 -0.005301 -0.010713 
-0.012558 0.960033 -0.005301 -0.010713 
-0.012558 0.960033 -0.005301 -0.010713 
-0.012558 0.960033 -0.005301 -0.010713 
-0.012558 0.960033 -0.005301 -0.010713 
-0.012558 0.960033 -0.005301 -0.010713 
-0.012558 0.960033 -0.005301 -0.010713 
-0.012558 0.960033 -0.005301 -0.010713 
-0.012558 0.960033 -0.005301 -0.010713 
-0.012558 0.960033 -0.005301 -0.010713 
-0.523999 0.983124 0.490452 -0.803763 
-0.523999 0.983124 0.490452 -0.803763 
-0.523999 0.983124 0.490452 -0.803763 
-0.523999 0.983124 0.490452 -0.803763 
-0.523999 0.983124 0.490452 -0.803763 
-0.523999 0.983124 0.490452 -0.803763 
-0.523721 0.983103 0.490054 -0.803490 
-0.523721 0.983103 0.490054 -0.803490 
-0.356998 0.929834 -0.250323 0.357963 
-0.832081 0.810075 0.970577 -0.777423 
-0.832081 0.810075 0.970577 -0.777423 
-0.737499 0.544887 0.959183 -0.798544 
0.931329 -0.508730 -0.346224 0.305377 
0.931329 -0.508730 -0.346224 0.305377 
0.931329 -0.508730 -0.346224 0.305377 
0.563586 -0.605188 0.740526 0.422936 
0.572536 -0.628992 0.740501 0.394603 
-0.054015 0.415840 0.957310 -0.761416 
-0.054015 0.415840 0.957310 -0.761416 
-0.031689 0.421829 0.944850 -0.755469 
0.424206 0.066913 0.914861 -0.453294 
-0.066820 0.433498 0.958749 -0.772054 
-0.066820 0.433498 0.958749 -0.772054 
-0.066821 0.433499 0.958749 -0.772054 
0.056403 0.238109 0.966242 -0.772269 
0.056403 0.238109 0.966242 -0.772269 
0.056403 0.238109 0.966242 -0.772269 
0.709289 -0.154734 0.899697 0.087161 
0.709289 -0.154734 0.899697 0.087161 
0.709289 -0.154734 0.899697 0.087161 
0.709289 -0.154734 0.899697 0.087161 
0.709289 -0.154734 0.899697 0.087161 
0.709289 -0.154734 0.899697 0.087161 
0.709289 -0.154734 0.899697 0.087161 
0.745677 -0.115224 0.974012 0.141970 
0.745677 -0.115224 0.974012 0.141970 
0.745677 -0.115224 0.974012 0.141970 
0.049895 0.045293 0.980837 0.034039 
0.049895 0.045293 0.980837 0.034039 
0.049895 0.045293 0.980837 0.034039 
0.049895 0.045293 0.980837 0.034039 
-0.071577 0.067503 0.981498 -0.075183 
-0.071581 0.067504 0.981498 -0.075186 
-0.071581 0.067504 0.981498 -0.075186 
0.048811 0.006161 0.977039 0.065815 
-0.074173 -0.026793 0.971401 0.001478 
-0.074173 -0.026793 0.971401 0.001478 
-0.074173 -0.026793 0.971401 0.001478 
-0.074173 -0.026793 0.971401 0.001478 
-0.074173 -0.026793 0.971401 0.001478 
-0.074173 -0.026793 0.971401 0.001478 
-0.030056 -0.089094 0.886299 0.055248 
0.005095 -0.103143 0.849884 0.094717 
0.005095 -0.103143 0.849884 0.094717 
0.005095 -0.103143 0.849884 0.094717 
0.005095 -0.103143 0.849884 0.094717 
0.005095 -0.103143 0.849884 0.094717 
-0.096400 -0.037606 0.766762 0.039283 
-0.104233 -0.043039 0.717703 0.022770 
-0.617247 0.780977 0.612527 0.156609 
-0.617247 0.780977 0.612527 0.156609 
-0.612325 0.783090 0.676421 0.172690 
-0.544716 0.756262 0.787873 0.226158 
-0.544713 0.756320 0.787994 0.226052 
-0.544713 0.756320 0.787994 0.226052 
