0.056403 0.238109 0.966242 -0.772269 
0.056403 0.238109 0.966242 -0.772269 
0.056403 0.238109 0.966242 -0.772269 
0.056403 0.238109 0.966242 -0.772269 
0.073901 0.225346 0.965113 -0.758222 
0.709289 -0.154734 0.899697 0.087161 
0.606355 -0.152722 0.975006 0.127372 
0.606355 -0.152722 0.975006 0.127372 
0.230940 -0.635453 0.951058 -0.469477 
0.230940 -0.635453 0.951058 -0.469477 
0.230940 -0.635453 0.951058 -0.469477 
-0.984392 -0.960430 0.906483 -0.988174 
-0.992328 -0.986453 0.867642 -0.993716 
-0.987129 -0.985386 0.862676 -0.993527 
-0.987129 -0.985386 0.862676 -0.993527 
-0.993794 -0.997719 0.618153 -0.998551 
-0.994387 -0.922744 0.683134 -0.998258 
-0.997008 -0.973003 -0.271058 -0.999393 
-0.997008 -0.973003 -0.271058 -0.999393 
-0.745162 -0.545457 0.556403 -0.644890 
-0.745162 -0.545457 0.556403 -0.644890 
-0.745162 -0.545457 0.556403 -0.644890 
-0.096400 -0.037606 0.766762 0.039283 
-0.617247 0.780977 0.612527 0.156609 
-0.617247 0.780977 0.612527 0.156609 
-0.609482 0.956114 0.634366 0.174515 
-0.743578 0.943642 0.323858 0.157580 
-0.743578 0.943642 0.323858 0.157580 
-0.609482 0.956114 0.634366 0.174515 
-0.609481 0.956114 0.634365 0.174515 
0.311451 0.966671 -0.511015 0.040474 
0.311451 0.966671 -0.511015 0.040474 
-0.037360 0.990682 -0.099466 -0.202356 
0.122653 0.988482 0.131798 0.007166 
0.122653 0.988482 0.131798 0.007166 
0.122653 0.988482 0.131798 0.007166 
0.122653 0.988482 0.131798 0.007166 
-0.000110 0.992588 0.030422 0.007698 
-0.000110 0.992588 0.030422 0.007698 
-0.000110 0.992588 0.030422 0.007698 
-0.000110 0.992588 0.030422 0.007698 
-0.000110 0.992588 0.030422 0.007698 
-0.000110 0.992588 0.030422 0.007698 
-0.000110 0.992588 0.030422 0.007698 
-0.000110 0.992588 0.030422 0.007698 
-0.000110 0.992588 0.030422 0.007698 
0.011663 0.992060 0.003142 0.031473 
-0.012563 0.960035 -0.005299 -0.010713 
-0.012563 0.960035 -0.005299 -0.010713 
-0.012558 0.960033 -0.005301 -0.010713 
-0.012558 0.960033 -0.005301 -0.010713 
-0.012558 0.960033 -0.005301 -0.010713 
-0.523999 0.983124 0.490452 -0.803763 
-0.523999 0.983124 0.490452 -0.803763 
-0.523999 0.983124 0.490452 -0.803763 
-0.523999 0.983124 0.490452 -0.803763 
-0.519688 0.982789 0.484297 -0.799511 
-0.519688 0.982789 0.484297 -0.799511 
-0.522401 0.983000 0.488171 -0.802193 
-0.562926 0.984751 0.585713 -0.848273 
-0.562926 0.984751 0.585713 -0.848273 
-0.562947 0.984752 0.585760 -0.848294 
-0.562947 0.984752 0.585760 -0.848294 
-0.562947 0.984752 0.585760 -0.848294 
-0.562947 0.984752 0.585760 -0.848294 
-0.562947 0.984752 0.585760 -0.848294 
-0.562947 0.984752 0.585760 -0.848294 
-0.562947 0.984752 0.585760 -0.848294 
-0.562850 0.984745 0.585634 -0.848214 
0.711480 0.829226 0.608473 -0.855385 
0.712383 0.828211 0.608828 -0.855492 
0.712383 0.828211 0.608828 -0.855492 
0.712383 0.828211 0.608828 -0.855492 
0.836687 0.592353 0.535514 -0.804953 
0.739789 0.567003 0.549449 -0.810125 
0.739789 0.567003 0.549449 -0.810125 
0.739789 0.567003 0.549449 -0.810125 
0.745757 0.540227 0.549317 -0.821436 
-0.066821 0.433499 0.958749 -0.772054 
-0.066821 0.433499 0.958749 -0.772054 
-0.068165 0.431537 0.958635 -0.772885 
-0.209317 -0.323766 0.982571 -0.904869 
-0.264037 -0.325282 0.997595 -0.915406 
-0.264037 -0.325282 0.997595 -0.915406 
-0.847302 -0.151470 0.987603 -0.937456 
-0.949622 -0.784092 0.990680 -0.991406 
-0.967405 -0.907574 0.959917 -0.971094 
-0.967405 -0.907574 0.959917 -0.971094 
-0.887492 -0.600472 0.916531 -0.731110 
-0.943717 -0.905929 0.731568 -0.956730 
-0.943717 -0.905929 0.731568 -0.956730 
-0.943717 -0.905929 0.731568 -0.956730 
-0.990998 -0.994563 -0.108499 -0.997146 
-0.988552 -0.998067 0.591372 -0.998040 
-0.988552 -0.998067 0.591372 -0.998040 
-0.993033 -0.997711 -0.265599 -0.998362 
-0.994495 -0.933708 -0.065574 -0.998196 
-0.989698 -0.847595 0.388298 -0.994734 
-0.989698 -0.847595 0.388298 -0.994734 
-0.465889 0.357893 0.894109 0.135059 
0.005095 -0.103143 0.849884 0.094717 
-0.550257 0.753923 0.742607 0.210416 
-0.550257 0.753923 0.742607 0.210416 
