0.007701 -0.009105 0.900721 0.018194 
0.726329 -0.168543 0.867271 0.126400 
0.726329 -0.168543 0.867271 0.126400 
0.709289 -0.154734 0.899697 0.087161 
0.709288 -0.154733 0.899697 0.087160 
0.709289 -0.154734 0.899697 0.087160 
0.709289 -0.154734 0.899697 0.087160 
-0.027452 0.005075 0.925302 -0.021499 
-0.027452 0.005075 0.925302 -0.021499 
-0.027452 0.005075 0.925302 -0.021499 
-0.027452 0.005075 0.925302 -0.021499 
-0.027452 0.005075 0.925302 -0.021499 
-0.027452 0.005075 0.925302 -0.021499 
-0.027452 0.005075 0.925302 -0.021499 
-0.027452 0.005075 0.925302 -0.021499 
-0.027452 0.005075 0.925302 -0.021499 
-0.027452 0.005075 0.925302 -0.021499 
-0.027452 0.005075 0.925302 -0.021499 
-0.027452 0.005075 0.925302 -0.021499 
-0.027452 0.005075 0.925302 -0.021499 
0.007701 -0.009105 0.900721 0.018194 
-0.027452 0.005075 0.925302 -0.021499 
0.007701 -0.009105 0.900721 0.018194 
0.007701 -0.009105 0.900721 0.018194 
0.007701 -0.009105 0.900721 0.018194 
0.005095 -0.103143 0.849884 0.094717 
0.005095 -0.103143 0.849884 0.094717 
0.005095 -0.103143 0.849884 0.094717 
0.005095 -0.103143 0.849884 0.094717 
0.005095 -0.103143 0.849884 0.094717 
0.005095 -0.103143 0.849884 0.094717 
0.005095 -0.103143 0.849884 0.094717 
0.005095 -0.103143 0.849884 0.094717 
0.005095 -0.103143 0.849884 0.094717 
0.005095 -0.103143 0.849884 0.094717 
0.005095 -0.103143 0.849884 0.094717 
-0.544716 0.756262 0.787873 0.226158 
-0.542880 0.793877 0.858099 0.152140 
-0.542880 0.793877 0.858099 0.152140 
-0.542880 0.793877 0.858099 0.152140 
-0.542880 0.793877 0.858099 0.152140 
-0.542880 0.793877 0.858099 0.152140 
-0.542880 0.793877 0.858099 0.152140 
-0.542880 0.793877 0.858099 0.152140 
-0.542880 0.793877 0.858099 0.152140 
-0.542880 0.793877 0.858099 0.152140 
-0.542880 0.793877 0.858099 0.152140 
-0.542880 0.793877 0.858099 0.152140 
0.398628 0.840275 -0.026694 0.017504 
0.398628 0.840275 -0.026694 0.017504 
0.398628 0.840275 -0.026694 0.017504 
0.398628 0.840275 -0.026694 0.017504 
0.281326 0.942480 0.034033 -0.125844 
0.281326 0.942480 0.034033 -0.125844 
0.281325 0.942480 0.034035 -0.125844 
0.281325 0.942480 0.034035 -0.125844 
0.079579 0.988856 0.235318 -0.109490 
0.079579 0.988856 0.235318 -0.109490 
0.079579 0.988856 0.235318 -0.109490 
0.122653 0.988482 0.131798 0.007166 
-0.000110 0.992588 0.030422 0.007698 
-0.000110 0.992588 0.030422 0.007698 
-0.000110 0.992588 0.030422 0.007698 
-0.000110 0.992588 0.030422 0.007698 
-0.000110 0.992588 0.030422 0.007698 
-0.000110 0.992588 0.030422 0.007698 
-0.000110 0.992588 0.030422 0.007698 
-0.418988 0.995562 -0.813623 0.087774 
-0.670466 0.991456 -0.946459 -0.173785 
-0.883831 0.965245 -0.993813 -0.612352 
-0.883831 0.965245 -0.993813 -0.612352 
-0.968401 0.947293 -0.997828 -0.776153 
-0.981883 -0.173251 -0.999722 -0.979420 
-0.900343 -0.776433 -0.976610 -0.998208 
-0.900343 -0.776433 -0.976610 -0.998208 
-0.980188 -0.992118 -0.987034 -0.999914 
-0.999038 -0.996381 -0.925498 -0.999955 
-0.999088 -0.997247 -0.939969 -0.999947 
-0.999088 -0.997247 -0.939969 -0.999947 
-0.993149 -0.982463 -0.699398 -0.999706 
-0.992878 -0.981071 0.676416 -0.999709 
-0.992878 -0.981071 0.676416 -0.999709 
-0.820971 -0.975398 -0.364439 -0.904013 
-0.804527 -0.977836 -0.486032 -0.902934 
-0.628441 -0.947610 -0.093158 -0.776573 
-0.628441 -0.947610 -0.093158 -0.776573 
-0.202014 -0.706819 0.651538 -0.069648 
-0.727378 0.312497 0.942134 -0.907398 
-0.209318 -0.323766 0.982571 -0.904869 
-0.209318 -0.323766 0.982571 -0.904869 
0.056403 0.238109 0.966242 -0.772269 
0.555113 -0.191771 0.903394 0.072387 
0.555113 -0.191771 0.903394 0.072387 
0.709289 -0.154734 0.899697 0.087161 
0.709289 -0.154734 0.899697 0.087161 
0.709289 -0.154734 0.899697 0.087161 
0.709289 -0.154734 0.899697 0.087161 
0.709289 -0.154734 0.899697 0.087161 
0.709289 -0.154734 0.899697 0.087161 
-0.027452 0.005075 0.925302 -0.021499 
-0.027452 0.005075 0.925302 -0.021499 
0.005969 -0.008406 0.902094 0.016238 
-0.027452 0.005075 0.925302 -0.021499 
-0.027452 0.005075 0.925302 -0.021499 
-0.027452 0.005075 0.925302 -0.021499 
0.007701 -0.009105 0.900721 0.018194 
0.007701 -0.009105 0.900721 0.018194 
0.007701 -0.009105 0.900721 0.018194 
0.007701 -0.009105 0.900721 0.018194 
0.007701 -0.009105 0.900721 0.018194 
0.007701 -0.009105 0.900721 0.018194 
0.007701 -0.009105 0.900721 0.018194 
0.007701 -0.009105 0.900721 0.018194 
0.007701 -0.009105 0.900721 0.018194 
0.007701 -0.009105 0.900721 0.018194 
0.007701 -0.009105 0.900721 0.018194 
0.007701 -0.009105 0.900721 0.018194 
0.007701 -0.009105 0.900721 0.018194 
0.007701 -0.009105 0.900721 0.018194 
0.007701 -0.009105 0.900721 0.018194 
0.007701 -0.009105 0.900721 0.018194 
0.007701 -0.009105 0.900721 0.018194 
0.007701 -0.009105 0.900721 0.018194 
0.007701 -0.009105 0.900721 0.018194 
0.007701 -0.009105 0.900721 0.018194 
0.007701 -0.009105 0.900721 0.018194 
0.007701 -0.009105 0.900721 0.018194 
0.007701 -0.009105 0.900721 0.018194 
0.007701 -0.009105 0.900721 0.018194 
0.007701 -0.009105 0.900721 0.018194 
