0.007701 -0.009105 0.900721 0.018194 
0.007701 -0.009105 0.900721 0.018194 
0.007701 -0.009105 0.900721 0.018194 
0.007701 -0.009105 0.900721 0.018194 
0.007701 -0.009105 0.900721 0.018194 
-0.027452 0.005075 0.925302 -0.021499 
-0.027452 0.005075 0.925302 -0.021499 
-0.027452 0.005075 0.925302 -0.021499 
-0.027452 0.005075 0.925302 -0.021499 
-0.027452 0.005075 0.925302 -0.021499 
-0.027452 0.005075 0.925302 -0.021499 
-0.027452 0.005075 0.925302 -0.021499 
-0.027452 0.005075 0.925302 -0.021499 
0.049895 0.045293 0.980837 0.034039 
0.049895 0.045293 0.980837 0.034039 
-0.027452 0.005075 0.925302 -0.021499 
-0.027452 0.005075 0.925302 -0.021499 
-0.027452 0.005075 0.925302 -0.021499 
-0.027452 0.005075 0.925302 -0.021499 
-0.030056 -0.089094 0.886299 0.055248 
0.005095 -0.103143 0.849884 0.094717 
0.005095 -0.103143 0.849884 0.094717 
0.005095 -0.103143 0.849884 0.094717 
0.005095 -0.103143 0.849884 0.094717 
0.005095 -0.103143 0.849884 0.094717 
0.005095 -0.103143 0.849884 0.094717 
0.005095 -0.103143 0.849884 0.094717 
-0.050470 -0.052981 0.917227 -0.016321 
-0.050470 -0.052981 0.917227 -0.016321 
-0.050470 -0.052981 0.917227 -0.016321 
0.071006 -0.075171 0.914371 0.092790 
0.071006 -0.075171 0.914371 0.092790 
0.071006 -0.075171 0.914371 0.092790 
0.005095 -0.103143 0.849883 0.094717 
0.005095 -0.103143 0.849884 0.094717 
-0.544716 0.756262 0.787873 0.226158 
-0.544716 0.756262 0.787873 0.226158 
-0.544716 0.756262 0.787873 0.226158 
-0.542880 0.793877 0.858099 0.152140 
-0.542880 0.793877 0.858099 0.152140 
-0.542880 0.793877 0.858099 0.152140 
0.542111 0.850696 -0.075025 0.037229 
0.542111 0.850696 -0.075025 0.037229 
0.542111 0.850696 -0.075025 0.037229 
0.127523 0.987623 0.090706 -0.103685 
0.127523 0.987623 0.090706 -0.103685 
0.079580 0.988856 0.235316 -0.109490 
0.079580 0.988856 0.235316 -0.109490 
0.067869 0.989596 0.260925 -0.132924 
0.067869 0.989596 0.260925 -0.132924 
0.067882 0.989595 0.260898 -0.132894 
0.067882 0.989595 0.260898 -0.132894 
0.067803 0.989598 0.260873 -0.132923 
-0.000110 0.992588 0.030422 0.007698 
-0.000110 0.992588 0.030422 0.007698 
-0.000110 0.992588 0.030422 0.007698 
-0.000108 0.992588 0.030418 0.007702 
-0.000110 0.992588 0.030422 0.007698 
-0.000110 0.992588 0.030422 0.007698 
-0.000110 0.992588 0.030422 0.007698 
0.011663 0.992060 0.003142 0.031473 
0.011663 0.992060 0.003142 0.031473 
-0.139647 0.991570 0.042970 0.015249 
-0.139647 0.991570 0.042970 0.015249 
-0.012558 0.960033 -0.005301 -0.010713 
-0.012558 0.960033 -0.005301 -0.010713 
-0.012558 0.960033 -0.005301 -0.010713 
-0.012558 0.960033 -0.005301 -0.010713 
-0.012558 0.960033 -0.005301 -0.010713 
-0.012558 0.960033 -0.005301 -0.010713 
-0.012558 0.960033 -0.005301 -0.010713 
-0.012558 0.960033 -0.005301 -0.010713 
-0.523999 0.983124 0.490452 -0.803763 
-0.523999 0.983124 0.490452 -0.803763 
-0.012558 0.960033 -0.005301 -0.010713 
-0.012558 0.960033 -0.005301 -0.010713 
-0.012558 0.960033 -0.005301 -0.010713 
-0.523999 0.983124 0.490452 -0.803763 
-0.523999 0.983124 0.490452 -0.803763 
-0.523999 0.983124 0.490452 -0.803763 
0.723316 0.338682 0.061025 -0.116564 
0.332189 0.658152 0.539220 -0.838333 
0.332189 0.658152 0.539220 -0.838333 
0.332189 0.658152 0.539220 -0.838333 
0.332189 0.658152 0.539220 -0.838333 
0.559425 0.815831 0.621107 -0.859428 
0.739789 0.567003 0.549449 -0.810125 
0.739789 0.567003 0.549449 -0.810125 
0.739789 0.567003 0.549449 -0.810125 
0.739789 0.567003 0.549449 -0.810125 
0.739789 0.567003 0.549449 -0.810125 
0.739789 0.567003 0.549449 -0.810125 
0.760958 0.530108 0.437178 -0.808097 
0.850649 0.557007 0.421068 -0.802876 
0.850649 0.557007 0.421068 -0.802876 
0.224367 0.452791 0.942701 -0.749068 
0.190960 0.463648 0.957140 -0.765980 
-0.534724 0.415317 0.974092 -0.807549 
-0.534724 0.415317 0.974092 -0.807549 
-0.027452 0.005075 0.925302 -0.021499 
-0.027452 0.005075 0.925302 -0.021499 
-0.027434 0.005072 0.925302 -0.021497 
-0.027434 0.005072 0.925302 -0.021497 
0.709289 -0.154734 0.899697 0.087161 
-0.027452 0.005075 0.925302 -0.021499 
-0.027452 0.005075 0.925302 -0.021499 
-0.027452 0.005075 0.925302 -0.021499 
-0.027452 0.005075 0.925302 -0.021499 
-0.027452 0.005075 0.925302 -0.021499 
-0.027452 0.005075 0.925302 -0.021499 
-0.027452 0.005075 0.925302 -0.021499 
-0.027452 0.005075 0.925302 -0.021499 
-0.027452 0.005075 0.925302 -0.021499 
-0.027452 0.005075 0.925302 -0.021499 
0.007699 -0.009104 0.900723 0.018191 
0.005095 -0.103143 0.849884 0.094717 
0.005095 -0.103143 0.849884 0.094717 
0.005095 -0.103143 0.849884 0.094717 
0.005095 -0.103143 0.849884 0.094717 
0.005095 -0.103143 0.849884 0.094717 
0.005095 -0.103143 0.849884 0.094717 
0.005095 -0.103143 0.849884 0.094717 
0.005095 -0.103143 0.849884 0.094717 
0.005095 -0.103143 0.849884 0.094717 
0.005095 -0.103143 0.849884 0.094717 
0.026875 -0.012780 0.978699 0.039211 
0.026875 -0.012780 0.978699 0.039211 
0.071006 -0.075171 0.914371 0.092790 
0.063129 -0.080579 0.894506 0.076378 
-0.002818 -0.108524 0.816492 0.078311 
-0.002818 -0.108524 0.816492 0.078311 
-0.002818 -0.108524 0.816492 0.078311 
-0.550257 0.753923 0.742607 0.210416 
-0.550257 0.753923 0.742607 0.210416 
