0.723186 -0.156980 0.865906 0.126428 
0.725887 -0.168178 0.868245 0.125363 
0.709289 -0.154734 0.899697 0.087161 
0.709289 -0.154734 0.899697 0.087161 
0.709289 -0.154734 0.899697 0.087161 
-0.027452 0.005075 0.925302 -0.021499 
-0.027452 0.005075 0.925302 -0.021499 
-0.027452 0.005075 0.925302 -0.021499 
0.049895 0.045293 0.980837 0.034039 
-0.071581 0.067504 0.981498 -0.075186 
-0.071581 0.067504 0.981498 -0.075186 
-0.071581 0.067504 0.981498 -0.075186 
-0.074173 -0.026793 0.971401 0.001478 
-0.008279 0.001399 0.984134 -0.000467 
-0.008279 0.001399 0.984134 -0.000467 
-0.008279 0.001399 0.984134 -0.000467 
0.007701 -0.009105 0.900721 0.018194 
0.007701 -0.009105 0.900721 0.018194 
0.007701 -0.009105 0.900721 0.018194 
0.005095 -0.103143 0.849884 0.094717 
0.005095 -0.103143 0.849884 0.094717 
0.005095 -0.103143 0.849884 0.094717 
0.005095 -0.103143 0.849884 0.094717 
0.005095 -0.103143 0.849884 0.094717 
-0.544716 0.756262 0.787873 0.226158 
-0.544716 0.756262 0.787873 0.226158 
-0.071285 0.530201 0.057499 0.930146 
-0.712777 0.952752 0.661906 0.156125 
-0.685518 0.925204 0.638129 0.172753 
-0.685518 0.925204 0.638129 0.172753 
-0.609482 0.956114 0.634366 0.174515 
0.320918 0.972622 -0.230084 -0.019778 
0.320918 0.972622 -0.230084 -0.019778 
0.014651 0.989863 -0.124418 -0.181508 
0.067869 0.989596 0.260925 -0.132924 
0.067869 0.989596 0.260925 -0.132924 
0.067869 0.989596 0.260925 -0.132924 
0.122653 0.988482 0.131798 0.007166 
0.001217 0.992552 0.031520 0.007692 
0.001217 0.992552 0.031520 0.007692 
-0.000110 0.992588 0.030422 0.007698 
-0.000110 0.992588 0.030422 0.007698 
-0.000110 0.992588 0.030422 0.007698 
-0.000110 0.992588 0.030422 0.007698 
-0.000110 0.992588 0.030422 0.007698 
-0.000110 0.992588 0.030422 0.007698 
-0.000110 0.992588 0.030422 0.007698 
-0.334994 0.990123 0.008312 -0.005723 
-0.347267 0.995008 -0.668451 -0.078331 
-0.347267 0.995008 -0.668451 -0.078331 
-0.347267 0.995008 -0.668451 -0.078331 
-0.680214 0.988220 -0.318186 0.197587 
-0.257089 0.954460 -0.014000 0.129111 
-0.803283 -0.183777 -0.608467 -0.985814 
-0.803283 -0.183777 -0.608467 -0.985814 
-0.976264 -0.974283 -0.975292 -0.999349 
-0.997417 -0.952707 -0.627763 -0.998978 
-0.997417 -0.952707 -0.627763 -0.998978 
-0.997417 -0.952707 -0.627763 -0.998978 
-0.995182 -0.874968 0.236394 -0.998334 
-0.970443 -0.907812 0.086783 -0.997930 
-0.124997 0.014196 0.048136 -0.967080 
-0.124997 0.014196 0.048136 -0.967080 
0.217149 0.560157 0.386750 -0.908177 
0.174674 -0.269054 0.757072 0.460307 
-0.520352 0.736220 0.971398 -0.755010 
-0.520352 0.736220 0.971398 -0.755010 
-0.066821 0.433499 0.958749 -0.772054 
-0.066821 0.433499 0.958749 -0.772054 
-0.066821 0.433499 0.958749 -0.772054 
-0.066821 0.433499 0.958749 -0.772054 
-0.050822 0.409812 0.959809 -0.772082 
0.056403 0.238109 0.966242 -0.772269 
0.056403 0.238109 0.966242 -0.772269 
0.056403 0.238109 0.966242 -0.772269 
0.056403 0.238109 0.966242 -0.772269 
0.745677 -0.115224 0.974012 0.141970 
0.745677 -0.115224 0.974012 0.141970 
0.745677 -0.115224 0.974012 0.141970 
0.049895 0.045293 0.980837 0.034039 
-0.031131 0.060104 0.981280 -0.038835 
-0.071581 0.067504 0.981498 -0.075186 
-0.071581 0.067504 0.981498 -0.075186 
-0.563174 -0.777600 0.918778 -0.775481 
-0.966826 -0.962421 0.516158 -0.984032 
-0.987129 -0.985386 0.862676 -0.993527 
-0.987129 -0.985386 0.862676 -0.993527 
-0.997541 -0.995698 0.242425 -0.999761 
-0.997008 -0.973003 -0.271058 -0.999393 
-0.997008 -0.973003 -0.271058 -0.999393 
-0.997008 -0.973003 -0.271058 -0.999393 
-0.994495 -0.933708 -0.065574 -0.998196 
-0.975655 -0.989861 -0.671270 -0.987468 
-0.654522 -0.810365 0.398766 -0.712986 
-0.654522 -0.810365 0.398766 -0.712986 
-0.589140 0.927265 0.695697 0.109847 
-0.539634 0.918705 0.563469 0.440957 
-0.883051 0.889901 0.157068 0.271623 
-0.883051 0.889901 0.157068 0.271623 
-0.003518 0.955629 -0.576718 0.365451 
-0.282513 0.970965 -0.948358 -0.063026 
-0.309244 0.983364 -0.499839 0.217006 
-0.309244 0.983364 -0.499839 0.217006 
0.010959 0.987677 -0.414113 0.011743 
-0.000110 0.992588 0.030422 0.007698 
0.122653 0.988482 0.131798 0.007166 
0.122653 0.988482 0.131798 0.007166 
