0.726296 -0.168531 0.867274 0.126392 
0.726329 -0.168543 0.867271 0.126400 
0.726329 -0.168543 0.867271 0.126400 
0.726329 -0.168543 0.867271 0.126400 
0.653480 -0.136712 0.903000 0.074794 
0.709289 -0.154734 0.899697 0.087161 
0.709289 -0.154734 0.899697 0.087161 
-0.027452 0.005075 0.925302 -0.021499 
-0.027452 0.005075 0.925302 -0.021499 
-0.027452 0.005075 0.925302 -0.021499 
-0.027452 0.005075 0.925302 -0.021499 
-0.027452 0.005075 0.925302 -0.021499 
-0.027452 0.005075 0.925302 -0.021499 
-0.027452 0.005075 0.925302 -0.021499 
-0.027452 0.005075 0.925302 -0.021499 
-0.027452 0.005075 0.925302 -0.021499 
-0.027452 0.005075 0.925302 -0.021499 
-0.027452 0.005075 0.925302 -0.021499 
-0.027452 0.005075 0.925302 -0.021499 
-0.030056 -0.089094 0.886299 0.055248 
-0.030056 -0.089094 0.886299 0.055248 
-0.030056 -0.089094 0.886299 0.055248 
-0.030056 -0.089094 0.886299 0.055248 
0.007701 -0.009128 0.900711 0.018212 
0.005095 -0.103143 0.849884 0.094717 
0.005095 -0.103143 0.849884 0.094717 
0.005095 -0.103143 0.849884 0.094717 
0.005095 -0.103143 0.849884 0.094717 
0.005095 -0.103143 0.849884 0.094717 
0.005095 -0.103143 0.849884 0.094717 
0.005095 -0.103143 0.849884 0.094717 
0.071006 -0.075171 0.914371 0.092790 
0.071006 -0.075171 0.914371 0.092790 
0.071006 -0.075171 0.914371 0.092790 
0.005095 -0.103143 0.849884 0.094717 
0.005095 -0.103143 0.849884 0.094717 
0.005095 -0.103143 0.849884 0.094717 
0.005095 -0.103143 0.849884 0.094717 
-0.544514 0.756043 0.787906 0.226098 
-0.544716 0.756262 0.787873 0.226158 
-0.544716 0.756262 0.787873 0.226158 
-0.544716 0.756262 0.787873 0.226158 
-0.542880 0.793877 0.858099 0.152140 
-0.542880 0.793877 0.858099 0.152140 
-0.542880 0.793877 0.858099 0.152140 
0.542111 0.850696 -0.075025 0.037229 
0.542103 0.850712 -0.075021 0.037231 
0.127525 0.987623 0.090705 -0.103683 
0.127525 0.987623 0.090705 -0.103683 
0.127523 0.987623 0.090706 -0.103685 
0.127523 0.987623 0.090706 -0.103685 
0.118542 0.987865 0.118400 -0.104777 
0.118542 0.987865 0.118400 -0.104777 
0.079583 0.988856 0.235307 -0.109490 
0.079579 0.988856 0.235318 -0.109490 
0.079579 0.988856 0.235318 -0.109490 
0.079579 0.988856 0.235318 -0.109490 
0.079579 0.988856 0.235318 -0.109490 
0.079565 0.988857 0.235307 -0.109490 
0.079565 0.988857 0.235307 -0.109490 
0.079578 0.988856 0.235317 -0.109490 
0.215911 0.988297 0.212948 -0.093014 
0.215911 0.988297 0.212948 -0.093014 
0.048487 0.990032 0.210759 -0.109357 
-0.043608 0.992829 0.136811 -0.108964 
-0.043608 0.992829 0.136811 -0.108964 
0.116640 0.966353 0.080613 -0.131105 
-0.012758 0.960048 -0.004813 -0.011224 
-0.012558 0.960033 -0.005301 -0.010713 
-0.012558 0.960033 -0.005301 -0.010713 
-0.012558 0.960033 -0.005301 -0.010713 
-0.012558 0.960033 -0.005301 -0.010713 
-0.012558 0.960033 -0.005301 -0.010713 
-0.012558 0.960033 -0.005301 -0.010713 
-0.012558 0.960033 -0.005301 -0.010713 
-0.012558 0.960033 -0.005301 -0.010713 
-0.012558 0.960033 -0.005301 -0.010713 
-0.012558 0.960033 -0.005301 -0.010713 
-0.012558 0.960033 -0.005301 -0.010713 
-0.523999 0.983124 0.490452 -0.803763 
-0.523999 0.983124 0.490452 -0.803763 
-0.523999 0.983124 0.490452 -0.803763 
-0.523989 0.983123 0.490437 -0.803754 
0.699384 0.384561 0.206924 -0.122352 
0.699384 0.384561 0.206924 -0.122352 
-0.134124 0.229154 0.892284 0.016394 
0.012701 -0.031336 0.856955 0.352330 
0.286676 -0.465624 0.714930 0.732927 
0.286676 -0.465624 0.714930 0.732927 
-0.015711 -0.462953 0.795692 0.341749 
0.135628 0.827189 -0.415371 0.321821 
0.135628 0.827189 -0.415371 0.321821 
0.135628 0.827189 -0.415371 0.321821 
0.781682 0.769094 -0.534305 0.415765 
0.781682 0.769094 -0.534305 0.415765 
0.781682 0.769094 -0.534305 0.415765 
0.874125 -0.059814 -0.246736 0.150525 
0.559707 0.815601 0.620763 -0.859213 
0.559431 0.815829 0.621103 -0.859426 
0.559431 0.815829 0.621103 -0.859426 
0.712383 0.828210 0.608828 -0.855492 
0.836687 0.592353 0.535514 -0.804953 
0.836687 0.592353 0.535514 -0.804953 
0.836687 0.592353 0.535514 -0.804953 
0.850624 0.557077 0.421301 -0.802880 
0.662059 0.052027 0.839899 0.124913 
0.723715 -0.158919 0.866136 0.126423 
0.723715 -0.158919 0.866136 0.126423 
0.726311 -0.168529 0.867309 0.126360 
0.709289 -0.154734 0.899697 0.087161 
0.709289 -0.154734 0.899697 0.087161 
0.709289 -0.154734 0.899697 0.087161 
0.709289 -0.154734 0.899697 0.087161 
0.079453 -0.013810 0.922660 -0.008734 
0.079453 -0.013810 0.922660 -0.008734 
-0.027452 0.005075 0.925302 -0.021499 
-0.027452 0.005075 0.925302 -0.021499 
-0.027452 0.005075 0.925302 -0.021499 
-0.027452 0.005075 0.925302 -0.021499 
-0.027452 0.005075 0.925302 -0.021499 
-0.027452 0.005075 0.925302 -0.021499 
-0.027452 0.005075 0.925302 -0.021499 
-0.027452 0.005075 0.925302 -0.021499 
-0.027452 0.005075 0.925302 -0.021499 
-0.030056 -0.089094 0.886299 0.055248 
-0.030056 -0.089094 0.886299 0.055248 
-0.030056 -0.089094 0.886299 0.055248 
-0.030056 -0.089094 0.886299 0.055248 
0.047294 -0.049042 0.970386 0.110406 
0.047294 -0.049043 0.970386 0.110406 
0.047294 -0.049043 0.970386 0.110406 
0.005095 -0.103143 0.849884 0.094717 
0.071006 -0.075171 0.914371 0.092790 
-0.050461 -0.052982 0.917227 -0.016313 
-0.050461 -0.052982 0.917227 -0.016313 
0.071006 -0.075171 0.914371 0.092790 
0.071006 -0.075171 0.914371 0.092790 
0.071006 -0.075171 0.914371 0.092790 
0.071006 -0.075171 0.914371 0.092790 
0.071006 -0.075171 0.914371 0.092790 
0.005095 -0.103143 0.849884 0.094717 
