0.709289 -0.154734 0.899697 0.087161 
0.709289 -0.154734 0.899697 0.087161 
0.709289 -0.154734 0.899697 0.087161 
0.709289 -0.154734 0.899697 0.087161 
-0.027452 0.005075 0.925302 -0.021499 
0.049895 0.045293 0.980837 0.034039 
0.049895 0.045293 0.980837 0.034039 
0.049895 0.045293 0.980837 0.034039 
-0.030055 -0.089074 0.886309 0.055232 
-0.030055 -0.089074 0.886309 0.055232 
0.047294 -0.049043 0.970386 0.110406 
0.147438 -0.035049 0.977940 0.147526 
0.147424 -0.035046 0.977940 0.147514 
0.147438 -0.035049 0.977940 0.147526 
0.147438 -0.035049 0.977940 0.147526 
0.147438 -0.035049 0.977940 0.147526 
0.112877 -0.020880 0.983567 0.108485 
0.112877 -0.020880 0.983567 0.108485 
0.112877 -0.020880 0.983567 0.108485 
0.005095 -0.103143 0.849884 0.094717 
0.071006 -0.075171 0.914371 0.092790 
0.071006 -0.075171 0.914371 0.092790 
0.071006 -0.075171 0.914371 0.092790 
0.071006 -0.075171 0.914371 0.092790 
0.071006 -0.075171 0.914371 0.092790 
0.071006 -0.075171 0.914371 0.092790 
0.005095 -0.103143 0.849884 0.094717 
0.005095 -0.103143 0.849884 0.094717 
0.005095 -0.103143 0.849884 0.094717 
0.005095 -0.103143 0.849884 0.094717 
0.005095 -0.103143 0.849884 0.094717 
-0.543129 0.789116 0.850055 0.162253 
-0.542880 0.793877 0.858099 0.152140 
-0.542880 0.793877 0.858099 0.152140 
-0.542880 0.793877 0.858099 0.152140 
-0.542880 0.793877 0.858099 0.152140 
0.398628 0.840275 -0.026694 0.017504 
0.398628 0.840275 -0.026694 0.017504 
0.398628 0.840275 -0.026694 0.017504 
0.284272 0.941914 0.032934 -0.124221 
0.284272 0.941914 0.032934 -0.124221 
0.281326 0.942480 0.034033 -0.125844 
0.281326 0.942480 0.034033 -0.125844 
0.281326 0.942480 0.034033 -0.125844 
0.281326 0.942480 0.034033 -0.125844 
0.083062 0.988771 0.225121 -0.109070 
0.079579 0.988856 0.235318 -0.109490 
0.079579 0.988856 0.235318 -0.109490 
0.079579 0.988856 0.235318 -0.109490 
0.079579 0.988856 0.235318 -0.109490 
0.079576 0.988856 0.235316 -0.109490 
0.079576 0.988856 0.235316 -0.109490 
-0.043589 0.992829 0.136826 -0.108964 
0.011663 0.992060 0.003142 0.031473 
0.011663 0.992060 0.003142 0.031473 
0.011663 0.992060 0.003142 0.031473 
0.011663 0.992060 0.003142 0.031473 
0.011663 0.992060 0.003142 0.031473 
0.011663 0.992060 0.003142 0.031473 
0.011663 0.992060 0.003142 0.031473 
-0.171740 0.991461 0.051563 0.011742 
-0.171740 0.991461 0.051563 0.011742 
-0.039429 0.969060 0.004210 -0.006961 
-0.039429 0.969060 0.004210 -0.006961 
-0.012558 0.960033 -0.005301 -0.010713 
-0.012558 0.960033 -0.005301 -0.010713 
-0.012558 0.960033 -0.005301 -0.010713 
-0.012558 0.960033 -0.005301 -0.010713 
-0.012558 0.960033 -0.005301 -0.010713 
0.245070 0.904484 0.020016 0.012165 
0.242618 0.885768 -0.197639 0.088738 
0.242618 0.885768 -0.197639 0.088738 
0.698050 0.301342 -0.010337 -0.046129 
0.698050 0.301339 -0.010339 -0.046126 
0.339550 0.657827 0.174183 -0.005274 
0.339550 0.657827 0.174183 -0.005274 
-0.872369 0.571948 0.924242 -0.901291 
-0.378786 0.661452 0.412149 -0.922705 
-0.889112 0.566834 0.937461 -0.899501 
-0.889112 0.566834 0.937461 -0.899501 
-0.481921 -0.023299 0.854580 0.377568 
-0.017509 0.483868 -0.046053 0.220862 
0.714198 0.351331 -0.197521 0.321614 
0.714198 0.351331 -0.197521 0.321614 
0.886554 -0.110551 -0.368306 0.284483 
0.931328 -0.508721 -0.346216 0.305364 
0.740066 0.566307 0.548867 -0.809702 
0.740066 0.566307 0.548867 -0.809702 
0.836161 0.592186 0.535609 -0.804988 
0.850649 0.557008 0.421070 -0.802876 
0.850649 0.557007 0.421068 -0.802876 
0.850649 0.557007 0.421068 -0.802876 
0.662653 0.051216 0.839602 0.126924 
0.662653 0.051216 0.839602 0.126924 
0.662653 0.051216 0.839602 0.126924 
0.665351 0.042574 0.840777 0.126903 
0.709289 -0.154734 0.899697 0.087161 
0.709289 -0.154734 0.899697 0.087161 
0.709289 -0.154734 0.899697 0.087161 
0.709289 -0.154734 0.899697 0.087161 
0.709289 -0.154734 0.899697 0.087161 
0.709289 -0.154734 0.899697 0.087161 
0.709289 -0.154734 0.899697 0.087161 
0.709289 -0.154734 0.899697 0.087161 
0.709289 -0.154734 0.899697 0.087160 
0.709289 -0.154734 0.899697 0.087160 
-0.027452 0.005075 0.925302 -0.021499 
-0.027452 0.005075 0.925302 -0.021499 
-0.027452 0.005075 0.925302 -0.021499 
-0.027452 0.005075 0.925302 -0.021499 
-0.027452 0.005075 0.925302 -0.021499 
-0.027452 0.005075 0.925302 -0.021499 
-0.027452 0.005075 0.925302 -0.021499 
-0.027452 0.005075 0.925302 -0.021499 
-0.027452 0.005075 0.925302 -0.021499 
0.049895 0.045293 0.980837 0.034039 
0.042525 0.041460 0.978151 0.028742 
0.042525 0.041460 0.978151 0.028742 
-0.027452 0.005075 0.925302 -0.021499 
-0.074173 -0.026793 0.971401 0.001478 
-0.008279 0.001399 0.984134 -0.000467 
-0.008279 0.001399 0.984134 -0.000467 
0.026875 -0.012780 0.978699 0.039211 
0.005095 -0.103143 0.849884 0.094717 
0.005095 -0.103143 0.849884 0.094717 
0.005095 -0.103143 0.849884 0.094717 
0.005095 -0.103143 0.849884 0.094717 
0.107057 -0.213356 0.086838 0.931943 
0.107057 -0.213356 0.086838 0.931943 
0.106741 -0.213158 0.086091 0.931920 
-0.122045 0.106399 -0.213444 0.938941 
-0.276194 0.709626 -0.158519 0.941544 
-0.276194 0.709626 -0.158519 0.941544 
