0.045180 0.252176 -0.039511 0.652670 
0.045343 0.251358 -0.039440 0.653016 
0.045343 0.251358 -0.039440 0.653016 
0.045343 0.251358 -0.039440 0.653016 
0.045343 0.251358 -0.039440 0.653016 
0.045181 0.251039 -0.039037 0.653431 
0.045181 0.251039 -0.039037 0.653431 
-0.062644 0.156223 0.005852 0.701882 
0.124535 0.029125 0.225322 0.800944 
0.124535 0.029125 0.225322 0.800944 
0.124535 0.029125 0.225322 0.800944 
-0.048974 -0.186994 -0.003431 0.899369 
-0.048974 -0.186994 -0.003431 0.899369 
-0.060882 -0.153166 0.062124 0.897199 
-0.026103 0.269995 0.018088 0.884885 
0.013455 0.293180 0.044833 0.901872 
0.013455 0.293180 0.044833 0.901872 
-0.060724 0.098864 0.100923 0.822107 
-0.060724 0.098864 0.100923 0.822107 
-0.060724 0.098864 0.100923 0.822107 
-0.060724 0.098864 0.100923 0.822107 
-0.005276 0.012570 0.122792 0.879509 
-0.005276 0.012570 0.122792 0.879509 
-0.005098 0.012608 0.122866 0.879535 
-0.005098 0.012608 0.122866 0.879535 
-0.005098 0.012608 0.122866 0.879535 
0.237353 0.141434 0.200984 0.892646 
-0.134134 0.245993 -0.011722 0.781307 
-0.134134 0.245993 -0.011722 0.781307 
