0.723317 0.338681 0.061024 -0.116564 
0.723317 0.338681 0.061024 -0.116564 
0.723317 0.338681 0.061024 -0.116564 
-0.115168 0.209189 0.879576 0.018726 
-0.115169 0.209189 0.879576 0.018726 
-0.115169 0.209189 0.879576 0.018726 
-0.116709 0.115645 0.818473 0.097325 
0.537062 -0.795484 0.173097 0.911845 
0.537062 -0.795484 0.173097 0.911845 
0.537062 -0.795484 0.173097 0.911845 
0.537062 -0.795484 0.173097 0.911845 
0.001009 -0.915360 -0.091079 0.768286 
-0.508144 -0.986214 -0.759993 -0.142719 
-0.508144 -0.986214 -0.759993 -0.142719 
-0.768633 -0.991652 -0.881824 -0.652281 
-0.959367 -0.969144 -0.978985 -0.669747 
-0.983922 -0.985300 -0.994458 -0.865336 
-0.983922 -0.985300 -0.994458 -0.865336 
-0.983495 -0.980717 -0.996834 -0.729993 
-0.995952 -0.992450 -0.998876 -0.828589 
-0.995952 -0.992450 -0.998876 -0.828589 
-0.990362 -0.992916 -0.997851 -0.867829 
-0.689835 0.107468 0.737045 -0.285901 
-0.689835 0.107468 0.737045 -0.285901 
-0.846624 0.933740 0.817746 0.265071 
-0.846627 0.933742 0.817746 0.265079 
-0.835254 0.920647 0.827389 0.414518 
-0.835254 0.920647 0.827389 0.414518 
-0.482558 0.448950 0.170734 0.937129 
-0.037984 0.025272 -0.006622 0.932196 
0.067571 -0.515795 0.372868 0.911137 
0.067571 -0.515795 0.372868 0.911137 
0.638195 0.081826 0.024570 0.904569 
0.729931 -0.209320 -0.142278 0.944937 
0.729931 -0.209320 -0.142278 0.944937 
0.711093 -0.160378 -0.271674 0.943153 
0.622137 0.549641 -0.218202 0.945582 
0.622137 0.549641 -0.218202 0.945582 
