0.437125 0.513976 0.607654 -0.838491 
0.332190 0.658152 0.539220 -0.838333 
0.332190 0.658152 0.539220 -0.838333 
-0.366233 0.652428 0.374319 -0.922443 
-0.407441 0.681716 0.494722 -0.923313 
0.163521 0.244182 -0.256181 -0.357300 
0.163521 0.244182 -0.256181 -0.357300 
-0.497426 -0.894278 -0.420819 0.630344 
-0.718730 -0.758592 -0.735537 0.508534 
-0.918228 -0.935102 -0.936449 -0.464664 
-0.918228 -0.935102 -0.936449 -0.464664 
-0.995304 -0.992520 -0.999311 -0.922895 
-0.999280 -0.998844 -0.999926 -0.974265 
-0.999652 -0.999391 -0.999977 -0.988078 
-0.999652 -0.999391 -0.999977 -0.988078 
-0.998610 -0.999291 -1.000000 -0.989947 
-0.995515 -0.603313 -0.850771 -0.981975 
-0.995515 -0.603313 -0.850771 -0.981975 
-0.912108 -0.998112 -0.982892 -0.749237 
-0.948384 -0.978138 -0.990140 -0.685378 
-0.958695 -0.999461 -0.997763 -0.931155 
-0.958695 -0.999461 -0.997763 -0.931155 
-0.994089 -0.997524 -0.999590 -0.946332 
-0.989927 -0.999790 -0.999427 -0.959850 
