0.777077 0.130427 0.161802 -0.117089 
0.777077 0.130427 0.161802 -0.117089 
0.777077 0.130427 0.161802 -0.117089 
0.777077 0.130427 0.161802 -0.117089 
0.777077 0.130427 0.161802 -0.117089 
0.007701 -0.009105 0.900721 0.018194 
0.007701 -0.009105 0.900721 0.018194 
0.007701 -0.009104 0.900721 0.018194 
-0.115169 0.209189 0.879576 0.018726 
-0.115169 0.209189 0.879576 0.018726 
0.723317 0.338681 0.061024 -0.116564 
-0.163144 0.853125 0.658052 -0.825757 
-0.163144 0.853125 0.658052 -0.825757 
-0.163144 0.853125 0.658052 -0.825757 
-0.209519 0.866751 0.733812 -0.827600 
0.350139 0.679005 -0.701162 0.883434 
0.350139 0.679005 -0.701162 0.883434 
0.470925 0.554369 -0.810070 0.937084 
-0.476920 0.449751 0.183458 0.951689 
-0.476920 0.449751 0.183458 0.951689 
-0.485965 0.476847 0.209691 0.949395 
-0.485965 0.476847 0.209691 0.949395 
-0.720193 0.144976 -0.326905 0.891924 
-0.720193 0.144976 -0.326905 0.891924 
-0.866126 -0.223360 -0.634883 0.731499 
-0.376158 0.203097 0.771069 0.539652 
-0.376158 0.203097 0.771069 0.539652 
-0.552773 0.527107 0.869731 0.147049 
-0.556805 0.534123 0.871651 0.135582 
-0.847136 -0.280733 -0.646996 0.696528 
-0.847136 -0.280733 -0.646996 0.696528 
-0.847136 -0.280733 -0.646996 0.696528 
-0.540690 0.392049 -0.960562 0.559674 
-0.540690 0.392049 -0.960562 0.559674 
-0.540690 0.392049 -0.960562 0.559674 
0.242618 0.885768 -0.197639 0.088738 
-0.064299 0.057478 0.132984 0.931237 
-0.064214 0.057386 0.132727 0.931239 
-0.064214 0.057386 0.132727 0.931239 
0.690457 -0.103157 -0.020303 0.944319 
