0.777077 0.130427 0.161802 -0.117089 
0.777077 0.130427 0.161802 -0.117089 
0.777077 0.130427 0.161802 -0.117089 
0.777077 0.130427 0.161802 -0.117089 
-0.114481 0.207993 0.879706 0.018723 
-0.117740 0.117373 0.818942 0.095245 
-0.117740 0.117373 0.818942 0.095245 
-0.689835 0.107468 0.737045 -0.285901 
-0.316539 -0.962975 -0.659762 0.556434 
-0.920537 -0.999201 -0.983521 -0.945735 
-0.920537 -0.999201 -0.983521 -0.945735 
-0.993319 -0.999835 -0.999199 -0.995039 
-0.999977 -1.000000 -0.999999 -0.999970 
-0.999993 -1.000000 -1.000000 -0.999992 
-0.999993 -1.000000 -1.000000 -0.999992 
-1.000000 -1.000000 -1.000000 -0.999999 
-0.999894 -0.999974 -0.999989 -0.999965 
-0.999894 -0.999974 -0.999989 -0.999965 
-0.999976 -0.999997 -0.999997 -0.999996 
-0.999619 -0.999999 -0.999998 -0.999892 
-0.999619 -0.999999 -0.999998 -0.999892 
-0.997921 -0.999996 -0.999970 -0.999483 
-0.998998 -0.999998 -0.999992 -0.999695 
-0.998998 -0.999998 -0.999992 -0.999695 
