0.777077 0.130427 0.161802 -0.117089 
0.777077 0.130427 0.161802 -0.117089 
0.777077 0.130427 0.161802 -0.117089 
0.777077 0.130427 0.161802 -0.117089 
0.777065 0.130482 0.161777 -0.117089 
-0.115168 0.209188 0.879576 0.018726 
-0.115166 0.209184 0.879576 0.018726 
-0.115166 0.209184 0.879576 0.018726 
-0.041107 -0.180769 0.826836 0.015828 
-0.035385 -0.803339 0.574480 -0.431686 
-0.403959 -0.980900 -0.777059 -0.173777 
-0.403959 -0.980900 -0.777059 -0.173777 
-0.992472 -0.999648 -0.999592 -0.981228 
-0.999685 -0.999986 -0.999996 -0.998488 
-0.999917 -0.999996 -1.000000 -0.999991 
-0.999917 -0.999996 -1.000000 -0.999991 
-0.999989 -0.999999 -1.000000 -0.999998 
-0.999556 -0.999544 -0.999754 -0.999626 
-0.993781 -0.999906 -0.999821 -0.994072 
-0.993781 -0.999906 -0.999821 -0.994072 
-0.997256 -0.999830 -0.998416 -0.999625 
-0.999338 -0.999998 -0.999956 -0.999839 
-0.999771 -0.999999 -0.999983 -0.999923 
-0.999771 -0.999999 -0.999983 -0.999923 
-0.999063 -0.999998 -0.999942 -0.999740 
-0.999030 -0.999998 -0.999951 -0.999595 
-0.999423 -0.999998 -0.999949 -0.999607 
