0.777077 0.130427 0.161802 -0.117089 
0.777070 0.130458 0.161788 -0.117089 
0.777070 0.130458 0.161788 -0.117089 
-0.115131 0.209124 0.879583 0.018726 
-0.115169 0.209189 0.879576 0.018726 
-0.115192 0.208375 0.879126 0.019418 
-0.115192 0.208375 0.879126 0.019418 
-0.556805 0.534123 0.871651 0.135582 
-0.556805 0.534123 0.871651 0.135582 
-0.556805 0.534123 0.871651 0.135582 
-0.556805 0.534123 0.871651 0.135582 
-0.544812 0.513178 0.865899 0.169357 
-0.175958 -0.779237 0.113602 0.815376 
-0.175958 -0.779237 0.113602 0.815376 
-0.175958 -0.779237 0.113602 0.815376 
-0.925434 -0.930129 -0.917280 -0.568786 
-0.883052 -0.996514 -0.948971 -0.842713 
-0.870262 -0.996852 -0.960773 -0.796724 
-0.870262 -0.996852 -0.960773 -0.796724 
-0.983923 -0.985300 -0.994456 -0.865473 
-0.958544 -0.967618 -0.980914 -0.543819 
-0.745162 -0.545458 0.556403 -0.644891 
-0.745162 -0.545458 0.556403 -0.644891 
-0.745162 -0.545457 0.556403 -0.644890 
-0.745162 -0.545457 0.556403 -0.644890 
-0.745162 -0.545457 0.556403 -0.644890 
-0.745162 -0.545457 0.556403 -0.644890 
-0.745091 -0.545208 0.556601 -0.644708 
-0.630675 -0.123250 0.771305 -0.323886 
-0.630675 -0.123250 0.771305 -0.323886 
-0.465889 0.357893 0.894109 0.135059 
-0.465889 0.357893 0.894109 0.135059 
-0.465889 0.357893 0.894109 0.135059 
