0.777077 0.130427 0.161802 -0.117089 
0.777077 0.130427 0.161802 -0.117089 
0.777077 0.130427 0.161802 -0.117089 
0.777077 0.130427 0.161802 -0.117089 
0.777077 0.130427 0.161802 -0.117089 
-0.115169 0.209189 0.879576 0.018726 
-0.100759 0.185702 0.875000 0.047980 
-0.100759 0.185702 0.875000 0.047980 
0.537058 -0.795482 0.173116 0.911845 
0.504239 -0.776752 0.303329 0.910921 
0.537052 -0.795478 0.173139 0.911845 
0.537052 -0.795478 0.173139 0.911845 
-0.128619 -0.799139 -0.034747 0.817335 
-0.872647 -0.996830 -0.961498 -0.842968 
-0.990690 -0.989994 -0.966081 -0.997102 
-0.990690 -0.989994 -0.966081 -0.997102 
-0.999072 -0.997120 -0.997680 -0.998392 
-0.999651 -0.999389 -0.999977 -0.988048 
-0.999651 -0.999389 -0.999977 -0.988048 
-0.998770 -0.998526 -0.999857 -0.958769 
-0.978560 -0.838412 -0.100067 -0.993778 
-0.978560 -0.838412 -0.100067 -0.993778 
-0.978560 -0.838412 -0.100067 -0.993778 
-0.966215 -0.315288 0.474004 -0.978404 
-0.928497 0.033419 0.790756 -0.953087 
-0.794295 -0.375477 0.483440 -0.644585 
-0.794295 -0.375477 0.483440 -0.644585 
-0.689604 0.106686 0.737212 -0.285903 
-0.464561 0.355414 0.893645 0.138400 
-0.464561 0.355414 0.893645 0.138400 
-0.463257 0.352976 0.893188 0.141674 
0.387118 0.210221 0.858597 0.240003 
0.387118 0.210221 0.858597 0.240003 
0.387116 0.210224 0.858597 0.240000 
0.725095 -0.258568 0.801097 0.201107 
0.725095 -0.258568 0.801097 0.201107 
0.725095 -0.258568 0.801097 0.201107 
0.725095 -0.258568 0.801097 0.201107 
