0.777077 0.130427 0.161802 -0.117089 
0.354544 0.631594 0.553931 -0.838365 
0.723317 0.338681 0.061024 -0.116564 
0.723317 0.338681 0.061024 -0.116564 
-0.362149 0.649885 0.372839 -0.922499 
0.363200 -0.917692 -0.217543 0.803300 
-0.163274 -0.945550 -0.462646 0.453255 
-0.163274 -0.945550 -0.462646 0.453255 
-0.968445 -0.998694 -0.995896 -0.949286 
-0.999937 -0.999999 -0.999999 -0.999861 
-0.999937 -0.999999 -0.999999 -0.999861 
-0.999964 -1.000000 -1.000000 -0.999991 
-0.998787 -0.999556 -0.999996 -0.999810 
-0.998791 -0.999936 -0.999969 -0.992681 
-0.998791 -0.999936 -0.999969 -0.992681 
-0.995827 -0.999918 -0.999713 -0.996189 
-0.993424 -0.999837 -0.999356 -0.995200 
-0.999134 -0.999989 -0.999958 -0.998974 
-0.999134 -0.999989 -0.999958 -0.998974 
-0.992721 -0.999979 -0.999836 -0.997699 
-0.999981 -0.999995 -0.999999 -0.999991 
-0.999981 -0.999995 -0.999999 -0.999991 
-0.999306 -0.995075 -0.999605 -0.999954 
-0.984199 -0.887540 -0.945962 -0.998809 
