0.777077 0.130427 0.161802 -0.117089 
0.777077 0.130427 0.161802 -0.117089 
0.723316 0.338683 0.061027 -0.116564 
0.723316 0.338683 0.061027 -0.116564 
0.723317 0.338681 0.061024 -0.116564 
0.288394 0.687049 0.636288 -0.840069 
-0.625094 0.605601 0.968304 -0.795256 
-0.625094 0.605601 0.968304 -0.795256 
0.509801 -0.779963 0.282295 0.911072 
0.537062 -0.795484 0.173097 0.911845 
0.537062 -0.795484 0.173097 0.911845 
0.537062 -0.795484 0.173097 0.911845 
0.049423 -0.923514 -0.235621 0.770681 
-0.882460 -0.992524 -0.960595 -0.791174 
-0.940530 -0.996520 -0.986802 -0.880766 
-0.940530 -0.996520 -0.986802 -0.880766 
-0.995304 -0.992520 -0.999311 -0.922895 
-0.996143 -0.995797 -0.999510 -0.924827 
-0.996143 -0.995797 -0.999510 -0.924827 
-0.996143 -0.995797 -0.999510 -0.924827 
-0.860244 -0.892768 -0.227288 -0.895346 
-0.831349 -0.905381 0.011982 -0.883731 
-0.831346 -0.905384 0.011969 -0.883726 
-0.831346 -0.905384 0.011969 -0.883726 
-0.518249 -0.987592 -0.680919 -0.148988 
-0.441582 -0.991103 -0.747268 0.050213 
-0.441582 -0.991103 -0.747268 0.050213 
-0.259178 -0.994363 -0.767627 -0.012542 
-0.034455 -0.967032 -0.378620 0.546943 
-0.034455 -0.967032 -0.378620 0.546943 
0.870556 -0.839530 0.255717 0.925311 
0.844942 -0.784225 0.375038 0.891464 
