0.777077 0.130427 0.161802 -0.117089 
0.777077 0.130427 0.161802 -0.117089 
0.777077 0.130427 0.161802 -0.117089 
0.777077 0.130427 0.161802 -0.117089 
-0.115169 0.209189 0.879576 0.018726 
-0.051557 0.104522 0.858227 0.146383 
-0.051557 0.104522 0.858227 0.146383 
0.538875 -0.758083 0.375857 0.897933 
0.105730 -0.553229 0.341323 0.918196 
-0.128624 -0.799136 -0.034741 0.817331 
-0.128624 -0.799136 -0.034741 0.817331 
0.049441 -0.923517 -0.235674 0.770682 
-0.741900 -0.995489 -0.892301 -0.512062 
-0.937158 -0.999165 -0.982931 -0.956163 
-0.937158 -0.999165 -0.982931 -0.956163 
-0.997208 -0.999935 -0.999553 -0.997609 
-0.999993 -0.999999 -0.999997 -0.999998 
-0.999993 -0.999999 -0.999997 -0.999998 
-0.999999 -1.000000 -1.000000 -0.999999 
-0.999815 -0.999423 -0.996927 -0.999995 
-0.999815 -0.999423 -0.996927 -0.999995 
-0.999815 -0.999423 -0.996927 -0.999995 
-0.999956 -0.999954 -0.999873 -0.999999 
-0.999984 -0.999999 -0.999996 -0.999999 
-0.999984 -0.999999 -0.999996 -0.999999 
-0.999984 -0.999999 -0.999996 -0.999999 
-0.999753 -0.999965 -0.999799 -0.999972 
