-0.285744 0.434342 0.005960 0.966781 
-0.309616 0.291166 0.001880 0.967630 
-0.309616 0.291166 0.001880 0.967630 
-0.307149 0.288347 0.001958 0.967653 
-0.310367 0.292025 0.001856 0.967623 
-0.310367 0.292025 0.001856 0.967623 
-0.448150 0.872795 -0.018645 0.965222 
-0.194714 0.573346 -0.028553 0.967321 
-0.194714 0.573346 -0.028553 0.967321 
-0.010875 -0.006121 -0.004401 0.966995 
-0.010875 -0.006121 -0.004401 0.966995 
-0.010875 -0.006121 -0.004401 0.966995 
0.276460 -0.608544 0.022992 0.973249 
0.389232 -0.372362 0.030139 0.957465 
0.389232 -0.372362 0.030139 0.957465 
0.325789 -0.317646 0.036173 0.961114 
0.074740 -0.031716 0.028653 0.958384 
0.074740 -0.031716 0.028653 0.958384 
0.031292 -0.016658 0.002100 0.960254 
0.053790 -0.028867 0.009368 0.956506 
0.053790 -0.028867 0.009368 0.956506 
0.053790 -0.028867 0.009368 0.956506 
0.031293 -0.016658 0.002101 0.960254 
0.031293 -0.016658 0.002101 0.960254 
0.597972 0.231773 0.400025 0.862163 
0.963810 0.555910 -0.193824 0.305708 
0.393153 0.822182 -0.129798 0.985013 
