0.190125 0.279172 0.499580 -0.033492 5211.900108 10626.500093 11526.800038 
0.065682 0.498637 0.441373 -0.217196 5224.650108 10615.600093 11628.550038 
0.065682 0.498637 0.441373 -0.217196 5237.400108 10604.700094 11730.300038 
0.159305 -0.050090 -0.037773 0.902591 5237.400108 10604.700094 11730.300038 
0.425817 0.166071 -0.161672 0.271287 5214.250108 10562.050092 11720.000038 
0.575317 0.129253 -0.063634 0.114125 5174.700109 10493.050092 11704.400038 
0.575317 0.129253 -0.063634 0.114125 5135.150110 10424.050092 11688.800037 
0.874673 0.003107 0.529394 0.824961 5385.350107 10663.600095 12074.800037 
-0.140154 0.091950 0.035062 0.946186 5542.600107 10958.650083 12461.450031 
-0.140220 0.066509 0.026820 0.948633 5691.450113 11247.750089 12838.900043 
-0.140220 0.066509 0.026820 0.948633 5840.300119 11536.850095 13216.350056 
0.148177 0.312599 0.021322 0.510280 5969.000116 11811.300108 13592.150043 
0.409867 0.491775 0.272131 0.557234 6037.750116 12083.850095 13986.800037 
0.093202 0.355675 -0.158332 0.661457 6078.750116 12370.650083 14396.300037 
0.093202 0.355675 -0.158332 0.661457 6119.750116 12657.450071 14805.800037 
0.459079 -0.026007 -0.030886 0.668990 6119.750116 12657.450071 14805.800037 
0.034406 0.698965 0.671740 0.313435 6023.500116 12727.050069 14825.500038 
0.034406 0.698965 0.671740 0.313435 5927.250116 12796.650068 14845.200039 
0.675397 0.051949 0.098388 0.221616 5927.250116 12796.650068 14845.200039 
0.906231 0.282192 0.360532 0.101015 5874.500116 12851.800069 14809.450039 
0.158940 0.207091 0.638111 0.362998 5813.000116 12906.500070 14758.900040 
0.158940 0.207091 0.638111 0.362998 5751.500116 12961.200071 14708.350040 
0.314867 0.107974 0.098449 0.612004 5751.500116 12961.200071 14708.350040 
0.867533 -0.102940 0.128945 0.053319 5778.000116 12928.500070 14673.350040 
0.347224 0.080788 0.062520 0.696390 5830.000116 12885.350069 14635.750042 
0.347224 0.080788 0.062520 0.696390 5882.000116 12842.200067 14598.150043 
