-0.115169 0.209189 0.879576 0.018726 
-0.114845 0.208664 0.879475 0.019383 
0.538914 -0.758123 0.375792 0.897955 
0.538914 -0.758123 0.375792 0.897955 
0.538915 -0.758123 0.375792 0.897955 
-0.068815 0.133147 0.864321 0.112175 
0.007701 -0.009105 0.900721 0.018194 
0.007701 -0.009105 0.900721 0.018194 
-0.465995 0.357633 0.894061 0.134801 
-0.005952 -0.866199 0.067274 0.817158 
-0.005952 -0.866199 0.067274 0.817158 
-0.005952 -0.866199 0.067274 0.817158 
-0.304344 -0.967053 -0.524764 0.295265 
-0.874865 -0.997455 -0.968752 -0.873248 
-0.874865 -0.997455 -0.968752 -0.873248 
-0.998234 -0.998797 -0.996169 -0.999063 
-0.989202 -0.999507 -0.999958 -0.997150 
-0.989202 -0.999507 -0.999958 -0.997150 
-0.959732 -0.998196 -0.999275 -0.994028 
-0.999170 -0.997955 -0.998809 -0.998116 
-0.999170 -0.997955 -0.998809 -0.998116 
-0.958096 -0.930314 0.063408 -0.994332 
-0.831044 -0.905564 0.012263 -0.883776 
-0.751162 -0.938436 0.073608 -0.893463 
-0.751162 -0.938436 0.073608 -0.893463 
-0.632226 -0.683354 0.597575 -0.671126 
-0.632226 -0.683354 0.597575 -0.671126 
-0.632226 -0.683354 0.597575 -0.671126 
-0.280234 0.149842 0.905834 0.089364 
0.554745 -0.009964 0.873979 0.195921 
0.552858 -0.005095 0.873449 0.195936 
0.552858 -0.005095 0.873449 0.195936 
0.532675 0.046239 0.867713 0.196051 
0.465225 0.204702 0.848091 0.196424 
0.465225 0.204702 0.848091 0.196424 
-0.356966 0.851870 0.792437 0.308858 
-0.080838 0.765593 0.680124 0.313737 
-0.078242 0.801900 0.781603 0.242978 
-0.078242 0.801900 0.781603 0.242978 
