-0.652756 0.875475 0.869934 0.146920 -330040.298340 67687.005859 -53613.782227 
-0.063107 0.153098 0.341677 0.919841 -331036.670898 68573.828125 -53577.054688 
-0.504707 0.752958 0.772676 0.536268 -331846.043457 69534.650391 -53420.327148 
-0.504707 0.752958 0.772676 0.536268 -332655.416016 70495.472656 -53263.599609 
-0.061725 0.150826 0.340006 0.920268 -333615.788574 71508.294922 -53055.872070 
-0.061702 0.150789 0.339979 0.920275 -335461.161133 72558.117188 -53100.144531 
-0.061702 0.150789 0.339979 0.920275 -337451.533691 73513.939453 -53269.416992 
-0.061702 0.150789 0.339979 0.920275 -339441.906250 74469.761719 -53438.689453 
-0.061702 0.150789 0.339979 0.920275 -341520.278809 75125.583984 -53655.961914 
-0.006481 0.100475 0.216077 0.939257 -344301.651367 75119.406250 -53622.234375 
-0.006481 0.100475 0.216077 0.939257 -347585.023926 75041.228516 -53496.506836 
-0.006481 0.100475 0.216077 0.939257 -350868.396484 74963.050781 -53370.779297 
-0.009088 0.006409 -0.000756 0.947680 -355939.769043 73891.873047 -53508.051758 
-0.009088 0.006409 -0.000756 0.947680 -361627.141602 72906.695312 -53757.324219 
-0.009088 0.006409 -0.000756 0.947680 -368092.514160 72832.517578 -54183.596680 
-0.009088 0.006409 -0.000756 0.947680 -374557.886719 72758.339844 -54609.869141 
-0.009088 0.006409 -0.000756 0.947680 -381741.259277 73290.162109 -55333.141602 
-0.015913 0.004743 -0.015079 0.932013 -383615.631836 74533.984375 -57181.414062 
-0.015913 0.004743 -0.015079 0.932013 -385490.004395 75777.806641 -59029.686523 
-0.015913 0.004743 -0.015079 0.932013 -387403.376953 76967.628906 -60915.958984 
-0.009088 0.006409 -0.000756 0.947680 -394629.749512 76010.451172 -62583.231445 
-0.315912 0.468016 0.108031 0.928134 -401283.122070 74146.273438 -64376.503906 
-0.315912 0.468016 0.108031 0.928134 -407936.494629 72282.095703 -66169.776367 
-0.326477 0.494534 0.134919 0.924764 -414377.867188 69846.917969 -68106.048828 
-0.326477 0.494534 0.134919 0.924764 -421143.239746 68030.740234 -69812.321289 
