0.007701 -0.009105 0.900721 0.018194 
-0.115169 0.209189 0.879576 0.018726 
-0.115169 0.209189 0.879576 0.018726 
-0.594735 0.571176 0.957574 -0.793092 
-0.813039 -0.034953 -0.535893 -0.985332 
-0.563510 0.183110 -0.056569 -0.964031 
-0.563510 0.183110 -0.056569 -0.964031 
-0.084272 -0.052472 0.069741 -0.929625 
-0.599133 -0.204343 0.765274 -0.307369 
-0.172915 -0.969398 -0.561291 0.520540 
-0.172915 -0.969398 -0.561291 0.520540 
-0.936744 -0.997191 -0.987633 -0.908679 
-0.998173 -0.999953 -0.999897 -0.997775 
-0.998173 -0.999953 -0.999897 -0.997775 
-0.999785 -0.999996 -0.999996 -0.999545 
-0.999099 -0.996902 -0.978656 -0.999957 
-0.999099 -0.996902 -0.978656 -0.999957 
-0.999854 -0.999367 -0.998653 -0.999984 
-0.999953 -0.999914 -0.999800 -0.999997 
-0.999541 -0.999898 -0.999768 -0.999947 
-0.999541 -0.999898 -0.999768 -0.999947 
-0.999963 -0.999911 -0.999748 -0.999998 
-0.999986 -0.999984 -0.999975 -0.999999 
-0.999986 -0.999984 -0.999975 -0.999999 
-0.999986 -0.999984 -0.999975 -0.999999 
-0.999924 -0.998839 -1.000000 -0.999990 
