0.777077 0.130427 0.161802 -0.117089 
0.777077 0.130427 0.161802 -0.117089 
0.777077 0.130427 0.161802 -0.117089 
0.777077 0.130427 0.161802 -0.117089 
0.007701 -0.009105 0.900721 0.018194 
0.007701 -0.009105 0.900721 0.018194 
0.007701 -0.009105 0.900721 0.018194 
-0.687812 0.100634 0.738497 -0.285916 
-0.976939 -0.856601 -0.126938 -0.993151 
-0.974355 -0.870404 -0.061703 -0.996187 
-0.974355 -0.870404 -0.061703 -0.996187 
-0.997562 -0.965797 -0.917454 -0.999677 
-0.999831 -0.999693 -0.999986 -0.999997 
-0.999831 -0.999693 -0.999986 -0.999997 
-0.999712 -0.999995 -1.000000 -0.999973 
-0.999900 -0.998590 -0.999159 -0.999971 
-0.999900 -0.998590 -0.999159 -0.999971 
-0.999927 -0.999539 -0.999665 -0.999991 
-0.999924 -0.999546 -0.999719 -0.999986 
-0.999924 -0.999546 -0.999719 -0.999986 
-0.999757 -0.999974 -0.999928 -0.999884 
-0.998775 -0.999985 -0.999977 -0.998813 
-0.998775 -0.999985 -0.999977 -0.998813 
-0.991290 -0.999931 -0.999638 -0.994918 
-0.995666 -0.999981 -0.999829 -0.997766 
