-0.140535 0.235887 0.896301 0.015603 
-0.162527 0.258903 0.909082 0.012876 
-0.162527 0.258903 0.909082 0.012876 
-0.162696 0.259079 0.909175 0.012855 
-0.162678 0.259050 0.909170 0.012894 
0.487951 -0.762818 0.335028 0.904419 
0.487951 -0.762818 0.335028 0.904419 
0.501677 -0.775266 0.312861 0.910850 
0.501657 -0.775247 0.312853 0.910851 
0.501657 -0.775247 0.312853 0.910851 
0.496379 -0.770295 0.311009 0.911109 
-0.518502 0.489590 0.309589 0.936465 
-0.476920 0.449751 0.183458 0.951689 
-0.476920 0.449751 0.183458 0.951689 
-0.476920 0.449751 0.183458 0.951689 
-0.899818 -0.666271 -0.802973 0.227553 
-0.910455 -0.948695 -0.939158 -0.351366 
-0.910455 -0.948695 -0.939158 -0.351366 
-0.915440 -0.939959 -0.934777 -0.416108 
-0.917299 -0.931555 -0.943335 -0.295734 
-0.917299 -0.931555 -0.943335 -0.295734 
-0.917299 -0.931555 -0.943335 -0.295734 
-0.979806 -0.983078 -0.994854 -0.702903 
-0.739021 -0.105384 0.644665 -0.458388 
-0.739021 -0.105384 0.644665 -0.458388 
-0.541691 0.505789 0.875873 0.135551 
-0.556805 0.534123 0.871651 0.135582 
-0.556805 0.534123 0.871651 0.135582 
-0.556805 0.534123 0.871651 0.135582 
0.577033 0.936180 -0.164321 0.232828 
0.572250 0.937724 -0.166463 0.234309 
0.572250 0.937724 -0.166463 0.234309 
