-0.115169 0.209189 0.879576 0.018726 
-0.402750 -0.764758 0.222141 -0.605206 
-0.529509 -0.966740 -0.774066 -0.041779 
-0.529509 -0.966740 -0.774066 -0.041779 
-0.979755 -0.999415 -0.997425 -0.974122 
-0.999958 -0.999996 -0.999988 -0.999966 
-0.999995 -0.999999 -0.999998 -0.999993 
-0.999995 -0.999999 -0.999998 -0.999993 
-0.999706 -0.999155 -0.998591 -0.999983 
-0.995790 -0.999945 -0.999633 -0.996915 
-0.997965 -0.999971 -0.999888 -0.998587 
-0.997965 -0.999971 -0.999888 -0.998587 
-0.954919 -0.999710 -0.997038 -0.968766 
-0.999924 -0.999983 -0.999982 -0.999984 
-0.999969 -0.999961 -0.999949 -0.999998 
-0.999969 -0.999961 -0.999949 -0.999998 
