0.000000 0.000000 0.000000 0.000000 0.000000 0.000000
-0.230769 -0.120000 1.038462 0.000000 0.000000 0.000000
-0.230769 -0.120000 1.038462 0.000000 0.000000 0.000000
-0.423077 -0.200000 1.115385 819.150024 819.150024 819.150024
-0.538462 -0.200000 1.230769 819.150024 819.150024 819.150024
-0.538462 -0.200000 1.230769 819.150024 819.150024 819.150024
-0.923077 -0.320000 1.307692 819.150024 819.150024 819.150024
-1.000000 -0.320000 1.230769 819.150024 819.150024 819.150024
-1.000000 -0.320000 1.230769 819.150024 819.150024 819.150024
-1.000000 -0.360000 0.692308 15.500000 17.500000 463.649994
-0.923077 -0.320000 0.576923 0.000000 0.000000 0.000000
-0.846154 -0.280000 0.461538 -1.300000 10.150000 -27.150000
-0.846154 -0.280000 0.461538 -1.300000 10.150000 -27.150000
-0.500000 -0.160000 0.115385 0.000000 0.000000 0.000000
-0.384615 -0.120000 0.000000 23.350000 38.200001 -118.000000
-0.307692 -0.080000 -0.076923 35.450001 51.000000 -137.750000
-0.307692 -0.080000 -0.076923 35.450001 51.000000 -137.750000
0.076923 0.120000 -0.307692 416.649994 489.950012 212.649994
0.230769 0.160000 -0.307692 482.700012 503.049988 219.050003
0.384615 0.320000 -0.346154 508.700012 507.100006 225.550003
0.384615 0.320000 -0.346154 508.700012 507.100006 225.550003
0.923077 0.880000 0.000000 532.700012 514.950012 238.149994
1.038462 1.040000 0.115385 0.000000 0.000000 0.000000
1.038462 1.200000 0.384615 16.750000 11.400000 42.099998
1.038462 1.200000 0.384615 16.750000 11.400000 42.099998
0.807692 1.560000 1.269231 0.000000 0.000000 0.000000
0.807692 1.720000 1.461538 2.350000 -35.750000 91.949997
0.807692 1.720000 1.461538 2.350000 -35.750000 91.949997
0.653846 1.960000 2.076923 0.000000 0.000000 0.000000
0.615385 1.960000 2.269231 -52.400002 -13.950000 78.300003
0.576923 2.000000 2.346154 -81.300003 -28.650000 102.449997
0.576923 2.000000 2.346154 -81.300003 -28.650000 102.449997
0.115385 1.720000 2.461539 0.000000 0.000000 0.000000
0.000000 1.560000 2.346154 -95.349998 -11.850000 44.099998
0.000000 1.560000 2.346154 -95.349998 -11.850000 44.099998
-0.500000 1.280000 2.153846 0.000000 0.000000 0.000000
-0.730769 1.160000 2.115385 -42.650002 -55.299999 33.650002
-0.730769 1.160000 2.115385 -42.650002 -55.299999 33.650002
-1.038462 1.000000 1.692308 0.000000 0.000000 0.000000
-1.038462 0.960000 1.615385 -40.000000 0.550000 -29.200001
-1.076923 0.960000 1.576923 -47.900002 0.000000 -39.349998
-1.076923 0.960000 1.576923 -47.900002 0.000000 -39.349998
-1.192308 0.920000 1.461538 0.000000 0.000000 0.000000
-1.269231 0.840000 1.423077 -43.099998 20.549999 -37.099998
-1.423077 0.760000 1.384615 -54.650002 27.049999 -57.099998
-1.423077 0.760000 1.384615 -54.650002 27.049999 -57.099998
-1.500000 0.560000 1.115385 190.699997 419.549988 595.150024
-1.423077 0.560000 1.000000 182.649994 402.299988 489.100006
-1.423077 0.560000 1.000000 182.649994 402.299988 489.100006
-1.192308 0.440000 0.615385 186.550003 394.750000 458.000000
-1.153846 0.360000 0.500000 205.250000 391.799988 386.750000
-1.115385 0.320000 0.384615 215.800003 387.899994 364.500000
-1.115385 0.320000 0.384615 215.800003 387.899994 364.500000
-0.807692 0.200000 0.076923 228.300003 384.799988 337.500000
-0.692308 0.160000 0.000000 0.000000 0.000000 0.000000
-0.692308 0.160000 0.000000 0.000000 0.000000 0.000000
-0.384615 0.080000 -0.115385 0.000000 0.000000 0.000000
-0.192308 0.120000 0.000000 64.150002 4.200000 -32.150002
-0.038462 0.120000 0.038462 74.949997 9.900000 -31.200001
