-1.230769 0.384615 0.720000 5243 7643 4567
-1.076923 0.423077 0.640000 5119 7703 4348
-1.076923 0.423077 0.640000 5119 7703 4348
-0.730769 0.384615 0.160000 4961 7770 4170
-0.653846 0.423077 0.040000 5847 7437 3934
-0.500000 0.384615 0.000000 6338 7162 3862
-0.500000 0.384615 0.000000 6338 7162 3862
-0.038462 0.423077 -0.200000 6725 6991 3807
0.076923 0.423077 -0.240000 7527 7337 3903
0.192308 0.384615 -0.240000 7729 7685 4027
0.192308 0.384615 -0.240000 7729 7685 4027
0.423077 0.307692 -0.360000 7916 8007 4208
0.500000 0.307692 -0.360000 8984 8216 4664
0.500000 0.307692 -0.360000 8984 8216 4664
0.807692 0.384615 -0.200000 9428 8150 4867
0.923077 0.384615 -0.160000 10159 8289 5691
0.923077 0.384615 -0.160000 10159 8289 5691
1.000000 0.423077 -0.080000 10269 8484 5997
1.038462 0.461538 -0.040000 10819 9038 6772
1.038462 0.461538 -0.040000 10819 9038 6772
1.115385 0.615385 0.240000 11058 9215 6988
1.153846 0.692308 0.440000 11746 9740 7718
1.192308 0.769231 0.640000 11870 9885 8094
1.192308 0.769231 0.640000 11870 9885 8094
0.961538 0.807692 1.080000 11893 9947 8463
0.846154 0.769231 1.160000 11582 10245 9483
0.846154 0.769231 1.160000 11582 10245 9483
0.730769 0.884615 1.320000 11478 10407 9599
0.653846 0.961538 1.480000 11312 10725 10132
0.576923 1.000000 1.640000 11254 10706 10422
0.576923 1.000000 1.640000 11254 10706 10422
0.269231 1.153846 2.000000 11105 10667 10719
0.115385 1.153846 2.160000 10318 10511 11557
0.115385 1.153846 2.160000 10318 10511 11557
-0.230769 1.153846 2.480000 9985 10426 11731
-0.307692 1.153846 2.560000 8742 10057 12052
-0.307692 1.153846 2.560000 8742 10057 12052
-0.423077 1.230769 2.320000 8231 9889 12064
-0.500000 1.230769 2.200000 6685 9609 12115
-0.500000 1.230769 2.200000 6685 9609 12115
-0.769231 1.192308 2.000000 6378 9491 12124
-0.884615 1.153846 1.960000 5453 9154 11950
-0.884615 1.153846 1.960000 5453 9154 11950
-1.115385 1.000000 1.680000 5073 9087 11739
-1.153846 0.923077 1.600000 4007 9073 10882
-1.153846 0.923077 1.600000 4007 9073 10882
-1.269231 0.769231 1.200000 3719 8945 10537
-1.269231 0.730769 1.040000 3265 8382 9507
-1.307692 0.692308 0.960000 3264 8343 9255
-1.307692 0.692308 0.960000 3264 8343 9255
-1.423077 0.500000 0.840000 3340 8318 8891
-1.423077 0.423077 0.760000 3464 7904 7697
-1.423077 0.423077 0.760000 3464 7904 7697
-1.269231 0.269231 0.360000 3555 7682 7285
-1.230769 0.192308 0.240000 4383 7148 6043
-1.230769 0.192308 0.240000 4383 7148 6043
-0.884615 0.076923 -0.040000 4727 7018 5561
-0.807692 0.076923 -0.080000 5884 6847 4587
