-0.384615 -0.846154 0.440000 7493 8468 8624
-0.461538 -0.846154 0.320000 7716 8590 8474
-0.461538 -0.884615 0.240000 7821 8729 8219
-0.461538 -0.884615 0.240000 7821 8729 8219
-0.538462 -0.923077 0.280000 8043 8893 8035
-0.538462 -0.884615 0.320000 8643 8842 7274
-0.500000 -0.846154 0.320000 8682 8820 7070
-0.500000 -0.846154 0.320000 8682 8820 7070
-0.423077 -0.730769 0.160000 8635 8868 6922
-0.384615 -0.653846 0.120000 8726 9062 6546
-0.346154 -0.615385 0.080000 8845 9167 6441
-0.346154 -0.615385 0.080000 8845 9167 6441
-0.192308 -0.500000 0.200000 8979 9342 6395
-0.153846 -0.461538 0.200000 9115 9693 6436
-0.115385 -0.384615 0.200000 9175 9738 6488
-0.115385 -0.384615 0.200000 9175 9738 6488
0.038462 -0.230769 0.320000 9328 9740 6559
0.076923 -0.192308 0.400000 9886 9636 6939
0.115385 -0.153846 0.480000 10034 9543 7125
0.115385 -0.153846 0.480000 10034 9543 7125
0.153846 -0.038462 0.600000 10087 9451 7352
0.153846 0.000000 0.640000 10172 9460 8033
0.153846 0.000000 0.640000 10172 9460 8033
0.192308 0.269231 0.720000 10200 9392 8207
0.192308 0.307692 0.680000 10257 9157 8741
0.192308 0.307692 0.680000 10257 9157 8741
0.269231 0.346154 0.640000 10322 9170 8940
0.307692 0.307692 0.720000 10846 8895 9482
0.384615 0.307692 0.800000 11001 8661 9661
0.384615 0.307692 0.800000 11001 8661 9661
0.461538 0.384615 0.960000 11112 8337 9832
0.423077 0.346154 1.040000 11321 7960 10755
0.346154 0.307692 1.200000 11401 7916 11054
0.346154 0.307692 1.200000 11401 7916 11054
0.115385 0.153846 1.680000 11434 7879 11241
0.038462 0.153846 1.840000 10774 8243 11259
0.038462 0.153846 1.840000 10774 8243 11259
0.153846 0.307692 2.200000 10486 8248 11008
0.153846 0.346154 2.360000 9577 8283 11004
0.153846 0.346154 2.440000 9258 8184 11256
0.153846 0.346154 2.440000 9258 8184 11256
0.076923 0.346154 2.440000 8928 7967 11530
0.000000 0.307692 2.400000 8059 7494 12386
-0.115385 0.230769 2.320000 7722 7576 12648
-0.115385 0.230769 2.320000 7722 7576 12648
-0.384615 0.153846 1.920000 7434 7692 12759
-0.384615 0.192308 1.880000 6801 8467 12598
-0.384615 0.115385 1.800000 6511 8700 12618
-0.384615 0.115385 1.800000 6511 8700 12618
-0.538462 0.307692 1.360000 6265 8591 12704
-0.730769 0.269231 1.240000 6796 7094 13479
-0.730769 0.269231 1.240000 6796 7094 13479
-1.192308 0.000000 1.360000 7082 6984 13644
-1.269231 -0.076923 1.360000 6833 7943 12677
-1.269231 -0.076923 1.360000 6833 7943 12677
-1.115385 -0.076923 1.400000 6544 8321 12051
-1.076923 -0.038462 1.440000 6113 8483 10766
-1.000000 -0.076923 1.440000 6072 8338 10569
-1.000000 -0.076923 1.440000 6072 8338 10569
-0.884615 -0.153846 1.480000 5580 8709 8968
-0.846154 -0.115385 1.520000 5280 9129 8511
-0.846154 -0.115385 1.520000 5280 9129 8511
-0.692308 0.076923 1.520000 4918 9531 8023
-0.653846 0.076923 1.480000 4189 9430 7345
-0.615385 0.115385 1.360000 4190 8943 7328
-0.615385 0.115385 1.360000 4190 8943 7328
-0.692308 0.038462 1.000000 4268 8426 7375
-0.730769 0.000000 0.920000 4574 7768 7481
-0.769231 -0.076923 0.840000 4575 7869 7371
-0.769231 -0.076923 0.840000 4575 7869 7371
-0.807692 -0.192308 0.640000 4562 8015 7198
-0.730769 -0.192308 0.600000 4712 8455 6459
-0.730769 -0.192308 0.600000 4712 8455 6459
-0.692308 -0.269231 0.520000 4810 8584 6328
-0.653846 -0.307692 0.480000 5018 8919 6018
-0.653846 -0.307692 0.400000 5140 8965 5905
-0.653846 -0.307692 0.400000 5140 8965 5905
-0.653846 -0.346154 0.320000 5318 9014 5791
-0.615385 -0.346154 0.320000 5874 9239 5180
-0.538462 -0.307692 0.320000 5978 9366 5055
-0.538462 -0.307692 0.320000 5978 9366 5055
-0.538462 -0.307692 0.040000 6025 9644 4985
-0.500000 -0.307692 0.040000 6921 10218 4524
-0.423077 -0.230769 0.160000 7470 10027 4194
-0.423077 -0.230769 0.160000 7470 10027 4194
0.153846 -0.115385 0.400000 7858 9687 3979
0.307692 -0.076923 0.360000 7740 9354 4266
0.384615 -0.076923 0.320000 7597 9492 4641
0.384615 -0.076923 0.320000 7597 9492 4641
0.538462 -0.192308 0.400000 7671 9565 5047
0.615385 -0.269231 0.400000 8355 8889 6157
0.615385 -0.307692 0.440000 8497 8585 6560
0.615385 -0.307692 0.440000 8497 8585 6560
0.730769 -0.423077 0.640000 8625 8315 6960
