-0.423077 -0.884615 0.440000 7735 8865 8722
-0.500000 -0.884615 0.320000 7968 8945 8438
-0.500000 -0.884615 0.320000 7968 8945 8438
-0.576923 -0.923077 0.160000 7910 9399 8099
-0.615385 -0.923077 0.240000 8463 10657 7356
-0.615385 -0.923077 0.240000 8463 10657 7356
-0.500000 -0.807692 0.240000 8562 10711 7067
-0.500000 -0.730769 0.200000 8553 10678 6467
-0.500000 -0.730769 0.200000 8553 10678 6467
-0.269231 -0.461538 0.160000 8731 10463 6322
-0.192308 -0.384615 0.200000 9328 9803 6302
-0.115385 -0.307692 0.200000 9441 9680 6425
-0.115385 -0.307692 0.200000 9441 9680 6425
0.038462 -0.153846 0.280000 9506 9627 6601
0.115385 -0.076923 0.280000 9673 9473 7144
0.153846 -0.038462 0.280000 9773 9314 7365
0.153846 -0.038462 0.280000 9773 9314 7365
0.307692 0.076923 0.320000 9891 9183 7665
0.346154 0.115385 0.360000 10453 8431 8631
0.384615 0.192308 0.400000 10698 8169 8968
0.384615 0.192308 0.400000 10698 8169 8968
0.346154 0.307692 0.480000 10914 7928 9312
0.307692 0.307692 0.600000 11728 7761 10267
0.192308 0.307692 0.680000 11845 7784 10500
0.192308 0.307692 0.680000 11845 7784 10500
-0.038462 0.230769 1.040000 11920 7899 10644
-0.038462 0.269231 1.160000 11981 7967 10360
-0.038462 0.269231 1.280000 11931 7989 10165
-0.038462 0.269231 1.280000 11931 7989 10165
0.076923 0.269231 1.560000 11834 8039 10049
0.115385 0.307692 1.680000 11484 7765 9941
0.192308 0.307692 1.720000 11457 7390 9906
0.192308 0.307692 1.720000 11457 7390 9906
0.307692 0.307692 2.120000 11523 6833 9858
0.384615 0.346154 2.240000 11708 4561 9575
0.615385 0.423077 2.160000 11428 4344 9423
0.615385 0.423077 2.160000 11428 4344 9423
0.769231 0.423077 1.880000 10797 5008 9593
0.769231 0.423077 1.840000 9397 7597 10482
0.769231 0.423077 1.840000 9397 7597 10482
0.653846 0.346154 1.800000 9229 7946 10756
0.538462 0.384615 1.720000 8533 8448 11638
0.423077 0.346154 1.640000 8426 8566 11958
0.423077 0.346154 1.640000 8426 8566 11958
0.000000 0.153846 2.400000 8450 8593 12228
-0.038462 0.307692 1.320000 6556 9221 12400
-0.038462 0.307692 1.320000 6556 9221 12400
-0.076923 0.307692 1.640000 7561 8834 12499
-0.153846 0.307692 1.720000 8459 7729 12822
-0.461538 0.269231 1.880000 8291 7656 12977
-0.461538 0.269231 1.880000 8291 7656 12977
-0.423077 0.230769 2.000000 7971 7495 12699
-0.346154 0.269231 1.800000 4937 10099 11026
-0.384615 0.230769 1.640000 4016 11297 10981
-0.384615 0.230769 1.640000 4016 11297 10981
-0.538462 0.153846 1.480000 3698 11680 10966
-0.615385 0.115385 1.440000 5070 8881 11296
-0.615385 0.115385 1.440000 5070 8881 11296
-0.769231 0.000000 1.400000 5595 8193 11350
-0.807692 -0.038462 1.400000 5690 8394 10939
-0.807692 -0.076923 1.360000 5463 8727 10615
-0.807692 -0.076923 1.360000 5463 8727 10615
-0.769231 -0.115385 1.200000 5230 9013 10270
-0.730769 -0.076923 1.120000 4975 9081 9252
-0.692308 -0.076923 1.080000 4969 9017 9017
-0.692308 -0.076923 1.080000 4969 9017 9017
-0.653846 -0.076923 0.960000 5034 8970 8844
-0.653846 -0.076923 0.960000 5125 8927 8112
-0.615385 -0.076923 0.920000 5057 9053 7869
-0.615385 -0.076923 0.920000 5057 9053 7869
-0.576923 -0.115385 0.800000 4977 9222 7665
-0.615385 -0.153846 0.760000 4831 9541 7238
-0.653846 -0.153846 0.720000 4963 9415 7054
-0.653846 -0.153846 0.720000 4963 9415 7054
-0.653846 -0.230769 0.560000 5175 9172 6875
-0.653846 -0.269231 0.520000 5692 8902 6358
-0.653846 -0.269231 0.520000 5692 8902 6358
-0.576923 -0.346154 0.480000 5825 8991 6164
-0.538462 -0.346154 0.440000 5993 9121 5601
-0.538462 -0.346154 0.440000 6069 9159 5492
-0.538462 -0.346154 0.440000 6069 9159 5492
-0.346154 -0.346154 0.240000 6146 9129 5301
-0.269231 -0.307692 0.160000 6656 8745 4823
-0.153846 -0.269231 0.120000 6906 8708 4781
-0.153846 -0.269231 0.120000 6906 8708 4781
0.076923 -0.269231 0.160000 7143 8722 4830
