-0.230769 -0.769231 0.480000 7558 9529 8063
-0.269231 -0.730769 0.360000 7687 9790 8010
-0.307692 -0.769231 0.280000 7489 10225 7861
-0.307692 -0.769231 0.280000 7489 10225 7861
-0.423077 -0.769231 0.160000 7603 10496 7723
-0.346154 -0.730769 0.240000 8561 10445 6887
-0.230769 -0.692308 0.320000 8717 10439 6765
-0.230769 -0.692308 0.320000 8717 10439 6765
-0.153846 -0.576923 0.280000 8657 10510 6787
-0.153846 -0.538462 0.240000 8626 10530 7000
-0.115385 -0.500000 0.200000 8914 10331 7061
-0.115385 -0.500000 0.200000 8914 10331 7061
0.076923 -0.384615 0.320000 9266 10046 7153
0.115385 -0.346154 0.400000 9953 9398 7784
0.115385 -0.307692 0.440000 10057 9289 8052
0.115385 -0.307692 0.440000 10057 9289 8052
0.115385 -0.192308 0.520000 10109 9212 8263
0.115385 -0.192308 0.600000 10387 9124 8752
0.115385 -0.153846 0.720000 10438 9059 8893
0.115385 -0.153846 0.720000 10438 9059 8893
0.038462 -0.038462 0.840000 10422 8924 9035
0.000000 0.000000 0.880000 10483 8577 9686
0.000000 0.000000 0.880000 10483 8577 9686
0.000000 -0.038462 0.920000 10409 8585 9716
0.038462 -0.038462 0.960000 10310 8521 9569
0.076923 0.000000 1.000000 10267 8476 9593
0.076923 0.000000 1.000000 10267 8476 9593
0.038462 0.038462 1.200000 10202 8481 9647
0.038462 0.076923 1.280000 10171 8000 9649
0.115385 0.115385 1.400000 10238 7615 9605
0.115385 0.115385 1.400000 10238 7615 9605
0.230769 0.192308 1.760000 10251 7280 9660
0.230769 0.230769 1.760000 9742 6895 10104
0.192308 0.192308 1.800000 9529 7032 10278
0.192308 0.192308 1.800000 9529 7032 10278
0.269231 0.153846 1.720000 9351 7139 10385
0.192308 0.115385 1.760000 8821 7646 10845
0.115385 0.076923 1.800000 8662 7710 10977
0.115385 0.076923 1.800000 8662 7710 10977
0.000000 0.115385 1.760000 8468 7749 11069
0.000000 0.115385 1.720000 7887 7961 11398
-0.076923 0.115385 1.680000 7677 8059 11582
-0.076923 0.115385 1.680000 7677 8059 11582
-0.230769 0.038462 1.520000 7515 8103 11715
-0.230769 0.038462 1.440000 6977 8298 11922
-0.230769 0.076923 1.400000 6857 8384 11964
-0.230769 0.076923 1.400000 6857 8384 11964
-0.423077 0.115385 1.240000 6832 8384 12127
-0.538462 0.076923 1.280000 7102 8184 12545
-0.653846 0.038462 1.320000 7092 8210 12590
-0.653846 0.038462 1.320000 7092 8210 12590
-0.923077 0.038462 1.480000 7018 8264 12496
-1.038462 0.000000 1.560000 6573 8350 12163
-1.153846 -0.076923 1.640000 6448 8185 11880
-1.153846 -0.076923 1.640000 6448 8185 11880
-1.115385 -0.076923 1.520000 6312 7940 11458
-1.076923 -0.076923 1.520000 6037 7839 10492
-1.076923 -0.076923 1.520000 6037 7839 10492
-1.038462 -0.115385 1.560000 5846 8064 10258
-1.038462 -0.115385 1.520000 5224 8459 9595
-1.000000 -0.115385 1.480000 5147 8294 9341
-1.000000 -0.115385 1.480000 5147 8294 9341
-0.884615 -0.076923 1.360000 5062 8167 9082
-0.846154 -0.076923 1.280000 4672 8203 8476
-0.846154 -0.076923 1.280000 4672 8203 8476
-0.730769 -0.076923 1.160000 4592 8251 8305
-0.615385 -0.115385 1.000000 4479 8352 8029
-0.576923 -0.115385 0.960000 4431 8464 7873
-0.576923 -0.115385 0.960000 4431 8464 7873
-0.500000 -0.192308 0.720000 4520 8429 7732
-0.500000 -0.230769 0.640000 4744 8071 7629
-0.500000 -0.230769 0.560000 4859 7936 7616
-0.500000 -0.230769 0.560000 4859 7936 7616
-0.538462 -0.307692 0.360000 5032 7875 7606
-0.576923 -0.346154 0.360000 5582 8052 7534
-0.615385 -0.346154 0.320000 5728 8151 7466
-0.615385 -0.346154 0.320000 5728 8151 7466
-0.576923 -0.384615 0.240000 5903 8224 7314
-0.576923 -0.423077 0.240000 6418 8406 6914
-0.615385 -0.423077 0.240000 6561 8412 6836
-0.615385 -0.423077 0.240000 6561 8412 6836
-0.615385 -0.461538 0.200000 6691 8392 6715
-0.653846 -0.500000 0.200000 7130 8672 6307
-0.653846 -0.500000 0.200000 7130 8672 6307
-0.576923 -0.500000 0.240000 7208 8833 6086
-0.576923 -0.461538 0.240000 7353 9228 5595
-0.538462 -0.500000 0.200000 7425 9332 5458
-0.538462 -0.500000 0.200000 7425 9332 5458
-0.423077 -0.538462 0.160000 7580 9390 5309
-0.346154 -0.538462 0.160000 8414 9298 4749
-0.346154 -0.538462 0.160000 8414 9298 4749
-0.115385 -0.500000 0.240000 8571 9357 4631
