-0.192308 -0.692308 0.240000 7840 10243 7015
-0.153846 -0.615385 0.240000 7944 10431 7007
-0.076923 -0.576923 0.200000 7875 10526 7012
-0.076923 -0.576923 0.200000 7875 10526 7012
-0.115385 -0.461538 0.080000 8104 10486 7106
-0.115385 -0.384615 0.080000 9339 9989 7199
-0.076923 -0.346154 0.160000 9831 9845 7165
-0.076923 -0.346154 0.160000 9831 9845 7165
0.038462 -0.115385 0.320000 10215 9775 7182
0.038462 -0.076923 0.280000 10273 10335 7526
0.000000 0.000000 0.240000 10358 10563 7568
0.000000 0.000000 0.240000 10358 10563 7568
0.230769 0.115385 0.800000 10691 10654 7622
0.346154 0.230769 0.840000 11141 9191 7687
0.346154 0.230769 0.840000 11141 9191 7687
0.538462 0.461538 0.760000 11117 8716 7948
0.576923 0.423077 0.920000 11250 8678 9161
0.576923 0.423077 0.920000 11250 8678 9161
0.269231 0.307692 1.080000 11184 8541 9709
0.269231 0.307692 1.120000 11328 7711 10551
0.230769 0.307692 1.200000 11363 7455 10662
0.230769 0.307692 1.200000 11363 7455 10662
0.230769 0.346154 1.440000 11346 7387 10725
0.153846 0.346154 1.520000 10836 7992 10915
0.153846 0.346154 1.640000 10688 8018 10929
0.153846 0.346154 1.640000 10688 8018 10929
0.307692 0.461538 1.760000 10594 7991 10865
0.346154 0.538462 1.800000 9985 8040 10937
0.384615 0.576923 1.960000 9867 8044 11175
0.384615 0.576923 1.960000 9867 8044 11175
0.269231 0.500000 2.000000 9677 7965 11485
0.230769 0.461538 1.920000 9135 7823 12190
0.192308 0.461538 1.880000 8872 7857 12341
0.192308 0.461538 1.880000 8872 7857 12341
0.038462 0.423077 1.840000 8678 7984 12451
-0.076923 0.423077 1.760000 8009 8394 12894
-0.076923 0.423077 1.760000 8009 8394 12894
-0.307692 0.461538 1.520000 7906 8285 13002
-0.384615 0.461538 1.640000 8269 7939 13319
-0.384615 0.461538 1.640000 8269 7939 13319
-0.807692 0.346154 1.920000 8203 7903 13474
-0.923077 0.269231 1.920000 7448 7993 13102
-0.923077 0.269231 1.920000 7448 7993 13102
-0.884615 0.269231 1.880000 7125 8095 12692
-0.884615 0.230769 1.800000 6005 8956 11701
-0.884615 0.230769 1.800000 6005 8956 11701
-0.884615 0.153846 1.760000 5670 9311 11431
-0.846154 0.153846 1.680000 4875 9505 10540
-0.846154 0.153846 1.600000 4693 9440 10262
-0.846154 0.153846 1.600000 4693 9440 10262
-0.807692 0.115385 1.480000 4577 9373 9938
-0.807692 0.115385 1.400000 4189 9341 9145
-0.769231 0.115385 1.360000 4067 9309 8921
-0.769231 0.115385 1.360000 4067 9309 8921
-0.769231 0.038462 1.120000 4013 9257 8736
-0.730769 0.000000 1.040000 4110 8668 8298
-0.730769 0.000000 1.040000 4110 8668 8298
-0.730769 -0.076923 0.840000 4205 8555 8123
-0.769231 -0.076923 0.800000 4242 8938 7634
-0.807692 -0.153846 0.720000 4271 9038 7433
-0.807692 -0.153846 0.720000 4271 9038 7433
-0.769231 -0.192308 0.600000 4412 9033 7167
-0.730769 -0.192308 0.600000 5068 8809 6416
-0.730769 -0.192308 0.600000 5068 8809 6416
-0.653846 -0.192308 0.520000 5166 8876 6267
-0.653846 -0.230769 0.520000 5594 8897 5958
-0.615385 -0.269231 0.480000 5716 8860 5888
-0.615385 -0.269231 0.480000 5716 8860 5888
-0.500000 -0.269231 0.360000 5840 8862 5770
-0.461538 -0.269231 0.320000 6145 9046 5442
-0.384615 -0.269231 0.240000 6349 8998 5352
-0.384615 -0.269231 0.240000 6349 8998 5352
-0.038462 -0.230769 0.160000 6634 8914 5198
0.115385 -0.192308 0.160000 7387 8768 5234
0.115385 -0.192308 0.160000 7387 8768 5234
0.500000 -0.192308 0.360000 7525 8964 5417
0.461538 -0.269231 0.320000 7120 9983 6664
0.461538 -0.269231 0.320000 7120 9983 6664
