-0.423077 -0.884615 0.400000 7548 8671 8992
-0.538462 -0.923077 0.280000 7539 8750 8793
-0.538462 -0.923077 0.280000 7539 8750 8793
-0.730769 -0.961538 0.160000 7787 8736 8515
-0.730769 -0.961538 0.160000 8651 8888 7417
-0.730769 -0.884615 0.200000 8842 8968 7070
-0.730769 -0.884615 0.200000 8842 8968 7070
-0.692308 -0.730769 0.160000 8977 9091 6762
-0.692308 -0.692308 0.200000 9377 9414 5861
-0.576923 -0.615385 0.240000 9545 9442 5613
-0.576923 -0.615385 0.240000 9545 9442 5613
-0.346154 -0.423077 0.320000 9625 9452 5433
-0.307692 -0.346154 0.320000 9741 9491 5428
-0.230769 -0.307692 0.320000 9866 9359 5451
-0.230769 -0.307692 0.320000 9866 9359 5451
0.038462 -0.115385 0.360000 9957 9197 5504
0.115385 -0.076923 0.440000 10397 8828 6053
0.230769 -0.038462 0.520000 10480 8726 6318
0.230769 -0.038462 0.520000 10480 8726 6318
0.461538 0.153846 0.560000 10528 8510 6633
0.538462 0.230769 0.480000 11149 7133 7734
0.538462 0.230769 0.480000 11149 7133 7734
0.615385 0.307692 0.560000 11472 6877 8238
0.538462 0.307692 0.680000 11804 7238 9588
0.500000 0.307692 0.720000 11629 7545 9932
0.500000 0.307692 0.720000 11629 7545 9932
0.153846 0.192308 0.760000 11361 7855 10212
0.153846 0.192308 0.840000 11203 8278 10020
0.153846 0.192308 0.920000 11042 8522 9876
0.153846 0.192308 0.920000 11042 8522 9876
0.230769 0.269231 1.120000 10896 8739 9776
0.269231 0.307692 1.160000 10487 8892 9615
0.269231 0.307692 1.160000 10487 8892 9615
0.615385 0.461538 1.440000 10550 8623 9612
0.730769 0.538462 1.520000 10520 7702 10094
0.730769 0.538462 1.520000 10520 7702 10094
1.269231 0.961538 1.720000 10642 7104 10417
1.423077 1.038462 1.720000 11534 4758 12118
1.307692 1.000000 1.800000 11496 5056 13026
1.307692 1.000000 1.800000 11496 5056 13026
0.692308 0.500000 1.800000 11278 5656 13657
0.576923 0.423077 1.680000 9959 7723 13333
0.461538 0.423077 1.600000 9507 8674 13005
0.461538 0.423077 1.600000 9507 8674 13005
0.307692 0.538462 1.920000 9193 9446 12736
0.153846 0.576923 2.000000 8556 9900 13024
0.000000 0.576923 2.000000 8360 9661 13272
0.000000 0.576923 2.000000 8360 9661 13272
-0.576923 0.461538 2.000000 8245 9331 13453
-0.730769 0.384615 2.080000 8122 8891 13299
-0.846154 0.307692 2.120000 7758 9188 13013
-0.846154 0.307692 2.120000 7758 9188 13013
-0.961538 0.192308 2.040000 7320 9492 12670
-0.961538 0.192308 2.000000 6260 9937 11391
-0.923077 0.192308 2.000000 5936 9978 11073
-0.923077 0.192308 2.000000 5936 9978 11073
-0.923077 0.153846 1.840000 5658 9871 10808
-0.923077 0.153846 1.760000 5102 9079 10108
-0.923077 0.153846 1.680000 4921 9028 9873
-0.923077 0.153846 1.680000 4921 9028 9873
-0.923077 0.038462 1.440000 4708 9079 9585
-0.884615 0.076923 1.360000 4231 9118 8391
-0.807692 0.076923 1.280000 4194 9115 8030
-0.807692 0.076923 1.280000 4194 9115 8030
-0.730769 0.038462 1.040000 4152 9253 7799
-0.730769 0.038462 1.040000 4004 9871 7300
-0.730769 0.038462 1.040000 4004 9871 7300
-0.730769 0.000000 0.880000 4047 9805 7049
-0.653846 0.038462 0.840000 4554 9335 6344
-0.653846 0.038462 0.840000 4554 9335 6344
-0.615385 -0.038462 0.760000 4690 9329 6282
-0.653846 -0.076923 0.720000 4923 9634 6122
-0.653846 -0.076923 0.720000 4923 9634 6122
-0.653846 -0.192308 0.680000 5004 9788 6000
-0.615385 -0.192308 0.680000 5140 10163 5266
-0.538462 -0.192308 0.640000 5300 10009 5044
-0.538462 -0.192308 0.640000 5300 10009 5044
-0.307692 -0.192308 0.480000 5524 9749 4893
-0.153846 -0.153846 0.400000 6415 8591 4812
0.038462 -0.153846 0.360000 6651 8512 4896
0.038462 -0.153846 0.360000 6651 8512 4896
