-0.461538 -0.807692 0.360000 7926 9037 7605
-0.500000 -0.807692 0.320000 7957 9221 7423
-0.500000 -0.807692 0.280000 8131 9467 7195
-0.500000 -0.807692 0.280000 8131 9467 7195
-0.538462 -0.692308 0.120000 8293 9736 6952
-0.461538 -0.615385 0.160000 8768 10681 6009
-0.461538 -0.615385 0.160000 8768 10681 6009
-0.346154 -0.500000 0.240000 8927 10978 5806
-0.269231 -0.461538 0.320000 9109 11604 5598
-0.115385 -0.384615 0.360000 9306 11116 5602
-0.115385 -0.384615 0.360000 9306 11116 5602
0.115385 -0.192308 0.320000 9557 10521 5711
0.153846 -0.153846 0.360000 10295 9657 6734
0.153846 -0.153846 0.360000 10295 9657 6734
0.038462 -0.076923 0.440000 10345 9530 7089
0.038462 -0.076923 0.520000 10626 9291 7921
0.038462 -0.038462 0.520000 10756 8987 8066
0.038462 -0.038462 0.520000 10756 8987 8066
0.153846 0.115385 0.640000 10859 8814 8225
0.153846 0.153846 0.680000 10819 8778 8843
0.153846 0.192308 0.680000 10868 8696 9068
0.153846 0.192308 0.680000 10868 8696 9068
0.230769 0.461538 0.880000 10999 8512 9264
0.307692 0.615385 1.000000 11015 8475 9843
0.307692 0.615385 1.000000 11015 8475 9843
0.423077 0.807692 1.280000 10648 9084 10130
0.500000 0.807692 1.320000 10114 9322 11148
0.653846 0.846154 1.400000 10412 8645 11485
0.653846 0.846154 1.400000 10412 8645 11485
0.769231 0.846154 1.600000 10612 8143 11978
0.615385 0.807692 1.680000 10293 8237 13990
0.423077 0.692308 1.800000 10112 8364 14519
0.423077 0.692308 1.800000 10112 8364 14519
-0.230769 0.346154 2.200000 9856 8331 14893
-0.384615 0.307692 2.280000 9229 7258 15104
-0.576923 0.269231 2.320000 9063 6951 14952
-0.576923 0.269231 2.320000 9063 6951 14952
-0.846154 0.269231 2.400000 8768 6904 14630
-0.961538 0.269231 2.480000 7585 7967 13945
-0.961538 0.269231 2.480000 7585 7967 13945
-1.230769 0.269231 2.440000 7175 8299 13675
-1.269231 0.269231 2.400000 6274 8276 13075
-1.346154 0.269231 2.360000 6012 8272 12894
-1.346154 0.269231 2.360000 6012 8272 12894
-1.500000 0.230769 2.080000 5670 8384 12650
-1.538462 0.192308 1.960000 4688 8968 11704
-1.538462 0.192308 1.960000 4688 8968 11704
-1.500000 0.038462 1.560000 4516 9087 11285
-1.423077 0.000000 1.440000 4222 9073 9787
-1.346154 0.000000 1.360000 4141 8991 9290
-1.346154 0.000000 1.360000 4141 8991 9290
-1.192308 0.000000 1.040000 4104 8879 8800
-1.153846 0.000000 0.960000 4053 8783 7566
-1.076923 0.000000 0.880000 4063 8790 7268
-1.076923 0.000000 0.880000 4063 8790 7268
-1.038462 -0.038462 0.720000 4092 8807 6985
-0.961538 0.000000 0.680000 4570 8572 6076
-0.923077 -0.038462 0.720000 4703 8587 5827
-0.923077 -0.038462 0.720000 4703 8587 5827
-0.807692 -0.038462 0.720000 4763 8636 5603
-0.730769 -0.038462 0.680000 4823 8629 4904
-0.692308 -0.038462 0.680000 4877 8616 4812
-0.653846 -0.038462 0.600000 4972 8554 4743
-0.653846 -0.038462 0.600000 4972 8554 4743
-0.615385 -0.115385 0.480000 5112 8567 4711
-0.538462 -0.115385 0.440000 5684 8486 4512
-0.461538 -0.115385 0.400000 5864 8554 4401
-0.461538 -0.115385 0.400000 5864 8554 4401
-0.192308 -0.115385 0.200000 6090 8584 4331
-0.115385 -0.115385 0.120000 6722 9015 4094
-0.115385 -0.115385 0.120000 6722 9015 4094
0.230769 -0.038462 0.160000 6970 9353 4026
0.307692 -0.038462 0.240000 7443 10959 4246
0.307692 -0.038462 0.240000 7443 10959 4246
