-0.269231 -0.846154 0.520000 7860 8416 8769
-0.384615 -0.884615 0.400000 7849 8478 8671
-0.384615 -0.884615 0.400000 7849 8478 8671
-0.538462 -0.923077 0.240000 7981 8498 8362
-0.500000 -0.923077 0.240000 8528 8885 7550
-0.500000 -0.923077 0.240000 8528 8885 7550
-0.461538 -0.846154 0.320000 8609 9159 7357
-0.461538 -0.769231 0.280000 8431 9736 6992
-0.461538 -0.769231 0.280000 8431 9736 6992
-0.423077 -0.653846 0.040000 8439 9852 6904
-0.384615 -0.576923 0.040000 9119 10100 6664
-0.384615 -0.576923 0.040000 9119 10100 6664
-0.192308 -0.423077 0.160000 9313 10263 6643
-0.153846 -0.346154 0.240000 9626 10488 6792
-0.153846 -0.346154 0.240000 9626 10488 6792
0.038462 -0.115385 0.280000 9760 10203 6912
0.076923 -0.076923 0.280000 10164 9352 7494
0.115385 0.000000 0.280000 10357 9240 7699
0.115385 0.000000 0.280000 10357 9240 7699
0.192308 0.153846 0.440000 10465 9255 7928
0.115385 0.153846 0.480000 10333 9658 8760
0.115385 0.153846 0.480000 10333 9658 8760
0.115385 0.192308 0.680000 10446 9560 9045
0.076923 0.192308 0.760000 10918 8880 9764
0.076923 0.192308 0.880000 11030 8677 9979
0.076923 0.192308 0.880000 11030 8677 9979
0.038462 0.269231 1.040000 11007 8545 10133
0.076923 0.269231 1.160000 11146 8510 10348
0.115385 0.269231 1.240000 11087 8450 10378
0.115385 0.269231 1.240000 11087 8450 10378
0.307692 0.423077 1.600000 11026 8394 10421
0.384615 0.461538 1.720000 10629 8380 10869
0.423077 0.500000 1.800000 10444 8309 11236
0.423077 0.500000 1.800000 10444 8309 11236
0.346154 0.461538 2.120000 10231 8221 11602
0.346154 0.500000 2.200000 9652 7581 12183
0.384615 0.500000 2.200000 9325 7343 12386
0.384615 0.500000 2.200000 9325 7343 12386
0.307692 0.500000 2.000000 9013 7227 12649
0.307692 0.500000 2.080000 8820 6836 13268
0.192308 0.461538 2.080000 8661 6622 13530
0.192308 0.461538 2.080000 8661 6622 13530
-0.076923 0.538462 1.800000 8521 6408 13629
-0.192308 0.538462 1.680000 8248 6541 14057
-0.346154 0.538462 1.640000 8192 6864 14105
-0.346154 0.538462 1.640000 8192 6864 14105
-0.692308 0.538462 1.640000 8138 7120 14082
-0.807692 0.500000 1.680000 7877 7982 13906
-0.961538 0.500000 1.760000 7714 8133 13786
-0.961538 0.500000 1.760000 7714 8133 13786
-1.307692 0.269231 1.960000 7556 8208 13607
-1.346154 0.230769 1.960000 6743 8551 12561
-1.346154 0.230769 1.960000 6743 8551 12561
-1.384615 0.153846 1.880000 6395 8734 12059
-1.384615 0.115385 1.920000 5500 9496 10497
-1.384615 0.115385 1.920000 5500 9496 10497
-1.307692 0.076923 1.800000 5221 9660 10025
-1.269231 0.076923 1.760000 4407 9679 8535
-1.269231 0.076923 1.760000 4407 9679 8535
-1.115385 0.076923 1.480000 4240 9462 8060
-1.076923 0.115385 1.360000 3853 8851 6873
-1.000000 0.115385 1.240000 3814 8764 6494
-1.000000 0.115385 1.240000 3814 8764 6494
-0.769231 0.153846 1.080000 3839 8686 6137
-0.730769 0.153846 1.040000 3626 9037 5329
-0.730769 0.153846 1.040000 3626 9037 5329
-0.500000 0.153846 0.840000 3511 9035 5104
-0.423077 0.153846 0.720000 3700 8443 4836
-0.423077 0.076923 0.640000 3812 8385 4913
-0.423077 0.076923 0.640000 3812 8385 4913
-0.346154 -0.038462 0.480000 3923 8419 4912
-0.307692 -0.076923 0.480000 4241 8867 4843
-0.307692 -0.076923 0.480000 4241 8867 4843
-0.153846 -0.076923 0.240000 4351 8867 4787
-0.076923 -0.076923 0.160000 5319 8426 4990
0.038462 -0.115385 0.160000 5657 8451 5170
0.038462 -0.115385 0.160000 5657 8451 5170
0.153846 -0.230769 0.160000 5898 8587 5466
0.153846 -0.269231 0.160000 6285 9281 6204
0.153846 -0.269231 0.160000 6285 9281 6204
0.153846 -0.423077 0.200000 6401 9412 6384
0.192308 -0.461538 0.240000 7201 8930 6656
