-0.076923 -0.846154 0.640000 7778 8911 9245
-0.230769 -0.923077 0.520000 7676 9071 9292
-0.230769 -0.923077 0.520000 7676 9071 9292
-0.576923 -1.038462 0.240000 7619 9131 9051
-0.615385 -1.038462 0.240000 8268 9152 7759
-0.615385 -1.038462 0.240000 8268 9152 7759
-0.500000 -0.884615 0.280000 8436 9286 7370
-0.461538 -0.846154 0.320000 8668 9785 6618
-0.423077 -0.769231 0.320000 8673 9770 6474
-0.423077 -0.769231 0.320000 8673 9770 6474
-0.269231 -0.538462 0.160000 8723 9666 6431
-0.230769 -0.461538 0.120000 9142 9536 6441
-0.230769 -0.461538 0.120000 9142 9536 6441
-0.038462 -0.269231 0.200000 9309 9596 6503
-0.038462 -0.192308 0.200000 9570 9601 7011
0.000000 -0.115385 0.160000 9697 9441 7249
0.000000 -0.115385 0.160000 9697 9441 7249
0.153846 0.038462 0.120000 9915 9250 7533
0.192308 0.076923 0.200000 10938 8654 8633
0.192308 0.076923 0.200000 10938 8654 8633
0.153846 0.153846 0.440000 11227 8457 9048
0.115385 0.192308 0.480000 11818 7743 10012
0.076923 0.192308 0.560000 12013 7559 10076
0.076923 0.192308 0.560000 12013 7559 10076
0.115385 0.153846 0.880000 12063 7679 10015
0.153846 0.192308 0.920000 11247 8672 9285
0.153846 0.192308 0.920000 11247 8672 9285
0.538462 0.346154 1.120000 11014 8953 9032
0.692308 0.423077 1.160000 10819 8825 8842
0.807692 0.500000 1.280000 10890 8678 9188
0.807692 0.500000 1.280000 10890 8678 9188
0.769231 0.461538 1.560000 10971 8489 9696
0.730769 0.423077 1.640000 10984 7937 10956
0.730769 0.423077 1.640000 10984 7937 10956
0.615385 0.384615 1.680000 10822 7836 11170
0.615385 0.423077 1.760000 10312 7873 11374
0.615385 0.423077 1.760000 10312 7873 11374
0.769231 0.538462 2.080000 10016 8074 11453
0.807692 0.576923 2.120000 8857 8645 11809
0.846154 0.615385 2.080000 8618 8436 12122
0.846154 0.615385 2.080000 8618 8436 12122
0.384615 0.653846 1.960000 8452 8239 12513
0.115385 0.615385 1.960000 8108 8311 13879
0.115385 0.615385 1.960000 8108 8311 13879
-0.769231 0.500000 2.040000 7982 8394 14290
-1.076923 0.346154 2.120000 7436 8750 14707
-1.653846 0.153846 2.040000 7042 8564 14001
-1.653846 0.153846 2.040000 7042 8564 14001
-1.884615 -0.153846 2.120000 6936 8440 13380
-1.923077 -0.192308 2.080000 6071 8914 11630
-1.884615 -0.230769 2.000000 5675 9065 10893
-1.884615 -0.230769 2.000000 5675 9065 10893
-1.653846 -0.192308 1.840000 5382 9127 10201
-1.538462 -0.115385 1.760000 4791 8876 8421
-1.423077 -0.076923 1.640000 4710 8657 7929
-1.423077 -0.076923 1.640000 4710 8657 7929
-1.153846 0.076923 1.440000 4668 8501 7522
-1.076923 0.115385 1.440000 4321 9094 6698
-1.076923 0.115385 1.400000 4145 9331 6407
-1.076923 0.115385 1.400000 4145 9331 6407
-0.923077 0.153846 1.200000 4037 9375 6127
-0.923077 0.192308 1.120000 4010 9018 5334
-0.923077 0.192308 1.120000 4010 9018 5334
-0.692308 0.192308 0.880000 4067 8936 5138
-0.576923 0.192308 0.800000 4330 8851 4861
-0.538462 0.153846 0.760000 4583 8607 5017
-0.538462 0.153846 0.760000 4583 8607 5017
-0.384615 0.038462 0.560000 4842 8332 5111
-0.346154 -0.038462 0.480000 5368 8328 5389
-0.346154 -0.038462 0.480000 5368 8328 5389
-0.192308 -0.153846 0.400000 5401 8616 5406
-0.115385 -0.192308 0.320000 5628 8863 5239
-0.038462 -0.153846 0.200000 5909 8635 5191
-0.038462 -0.153846 0.200000 5909 8635 5191
0.384615 -0.076923 0.000000 6260 8394 5184
