-0.461538 -0.846154 0.520000 7973 8870 8656
-0.461538 -0.846154 0.480000 8082 8825 8270
-0.461538 -0.846154 0.480000 8082 8825 8270
-0.461538 -0.807692 0.440000 8231 8821 7972
-0.461538 -0.769231 0.440000 8305 9284 7425
-0.461538 -0.769231 0.440000 8305 9284 7425
-0.500000 -0.730769 0.360000 8286 9451 7289
-0.461538 -0.653846 0.360000 8313 9968 6874
-0.461538 -0.653846 0.360000 8313 9968 6874
-0.307692 -0.576923 0.280000 8377 10008 6762
-0.230769 -0.500000 0.240000 8687 9789 6700
-0.192308 -0.461538 0.200000 8889 9629 6792
-0.192308 -0.461538 0.200000 8889 9629 6792
-0.115385 -0.307692 0.280000 9123 9541 6920
-0.115385 -0.307692 0.320000 9494 9410 7293
-0.115385 -0.269231 0.320000 9617 9371 7368
-0.115385 -0.269231 0.320000 9617 9371 7368
-0.038462 -0.192308 0.440000 9752 9318 7396
0.000000 -0.153846 0.480000 10017 9230 7567
0.038462 -0.076923 0.560000 10053 9266 7688
0.038462 -0.076923 0.560000 10053 9266 7688
0.115385 0.000000 0.680000 10066 9314 7842
0.153846 0.038462 0.760000 10270 9086 8372
0.153846 0.038462 0.760000 10270 9086 8372
0.269231 0.153846 0.880000 10398 8856 8574
0.269231 0.192308 0.920000 10731 8249 9274
0.269231 0.192308 0.920000 10731 8249 9274
0.307692 0.192308 1.120000 10808 8165 9516
0.346154 0.192308 1.200000 10831 7983 10084
0.307692 0.192308 1.280000 10779 7893 10325
0.307692 0.192308 1.280000 10779 7893 10325
0.307692 0.192308 1.400000 10729 7636 10519
0.346154 0.230769 1.400000 10995 6386 10825
0.346154 0.230769 1.400000 10995 6386 10825
0.384615 0.230769 1.720000 11043 6362 10925
0.307692 0.192308 1.800000 10278 7537 11479
0.230769 0.192308 1.880000 10058 7508 11528
0.230769 0.192308 1.880000 10058 7508 11528
0.307692 0.230769 1.880000 9999 7224 11495
0.269231 0.230769 1.840000 9540 7151 11656
0.269231 0.230769 1.840000 9540 7151 11656
0.153846 0.230769 1.920000 9411 7306 11744
0.076923 0.192308 1.880000 8977 7509 12124
0.038462 0.192308 1.800000 8808 7443 12192
0.038462 0.192308 1.800000 8808 7443 12192
-0.076923 0.192308 1.560000 8687 7435 12134
-0.153846 0.192308 1.560000 8490 7928 12021
-0.269231 0.192308 1.640000 8186 8562 12081
-0.269231 0.192308 1.640000 8186 8562 12081
-0.615385 0.115385 1.760000 7969 8641 12118
-0.769231 0.076923 1.840000 7569 8465 11928
-0.769231 0.076923 1.840000 7569 8465 11928
-1.038462 -0.076923 1.920000 7345 8426 11675
-1.038462 -0.076923 1.960000 6503 8765 10381
-1.038462 -0.076923 1.960000 6503 8765 10381
-0.961538 0.000000 2.000000 6195 8947 9947
-0.884615 0.076923 1.960000 5215 9185 8856
-0.846154 0.115385 1.880000 4966 9075 8567
-0.846154 0.115385 1.880000 4966 9075 8567
-0.653846 0.192308 1.600000 4786 8922 8326
-0.615385 0.192308 1.520000 4456 8550 7883
-0.615385 0.192308 1.520000 4456 8550 7883
-0.500000 0.230769 1.320000 4430 8404 7754
-0.500000 0.192308 1.240000 4264 8284 7564
-0.500000 0.192308 1.160000 4238 8230 7471
-0.500000 0.192308 1.160000 4238 8230 7471
-0.500000 0.115385 0.960000 4210 8202 7366
-0.538462 0.076923 0.920000 4121 8182 7031
-0.538462 0.076923 0.920000 4121 8182 7031
-0.615385 -0.076923 0.680000 4149 8169 6955
-0.615385 -0.153846 0.560000 4444 8028 6570
-0.576923 -0.153846 0.520000 4601 7991 6381
-0.576923 -0.153846 0.520000 4601 7991 6381
-0.538462 -0.346154 0.360000 4747 8088 6254
-0.538462 -0.384615 0.320000 4952 8828 5845
-0.538462 -0.384615 0.320000 4952 8828 5845
-0.423077 -0.500000 0.200000 4966 9155 5644
-0.307692 -0.461538 0.200000 5488 9535 5074
-0.307692 -0.461538 0.200000 5488 9535 5074
0.076923 -0.346154 0.080000 5823 9310 5022
