-0.423077 -0.807692 0.480000 7971 9081 8013
-0.423077 -0.807692 0.360000 7856 9261 7836
-0.423077 -0.807692 0.360000 7856 9261 7836
-0.538462 -0.769231 0.240000 7951 9490 7632
-0.500000 -0.730769 0.280000 8395 9938 6853
-0.500000 -0.730769 0.280000 8395 9938 6853
-0.307692 -0.538462 0.200000 8509 9886 6625
-0.269231 -0.461538 0.160000 8840 9756 6394
-0.230769 -0.423077 0.160000 9057 9719 6392
-0.230769 -0.423077 0.160000 9057 9719 6392
0.000000 -0.230769 0.240000 9302 9609 6393
0.038462 -0.230769 0.320000 9845 9444 6842
0.038462 -0.230769 0.320000 9845 9444 6842
0.038462 -0.115385 0.360000 9961 9326 7093
0.038462 -0.076923 0.400000 10658 8708 7636
0.076923 -0.038462 0.480000 10799 8533 7755
0.076923 -0.038462 0.480000 10799 8533 7755
0.307692 0.115385 0.680000 10883 8434 7864
0.307692 0.153846 0.680000 10607 8938 8491
0.307692 0.153846 0.680000 10607 8938 8491
0.269231 0.192308 0.920000 10429 9325 8722
0.269231 0.192308 1.040000 10287 9709 9130
0.307692 0.230769 1.120000 10328 9560 9276
0.307692 0.230769 1.120000 10328 9560 9276
0.384615 0.346154 1.320000 10419 9328 9437
0.423077 0.346154 1.360000 10378 8842 10073
0.423077 0.346154 1.360000 10378 8842 10073
0.346154 0.307692 1.520000 10252 8837 10358
0.307692 0.269231 1.600000 10183 8217 11007
0.307692 0.269231 1.600000 10183 8217 11007
0.307692 0.307692 1.680000 10135 7954 11138
0.269231 0.307692 1.680000 9873 7553 11468
0.269231 0.307692 1.800000 9707 7336 11696
0.269231 0.307692 1.840000 9561 7101 11777
0.269231 0.307692 1.840000 9561 7101 11777
0.153846 0.346154 1.880000 9409 6813 11876
0.115385 0.384615 1.840000 8948 6098 11647
0.115385 0.384615 1.840000 8948 6098 11647
0.384615 0.615385 1.600000 8543 6552 11342
0.423077 0.653846 1.600000 7888 8011 11752
0.269231 0.653846 1.560000 7968 7818 12431
0.269231 0.653846 1.560000 7968 7818 12431
-0.500000 0.346154 1.680000 8183 7391 13048
-0.769231 0.192308 1.800000 8753 6730 13645
-0.769231 0.192308 1.800000 8753 6730 13645
-1.153846 -0.076923 2.080000 8621 6965 13387
-1.192308 -0.115385 2.160000 7484 8155 12126
-1.192308 -0.115385 2.160000 7484 8155 12126
-1.115385 -0.153846 2.320000 7142 8295 11713
-1.076923 -0.115385 2.360000 6168 8650 10709
-1.038462 -0.115385 2.320000 5748 8768 10423
-1.038462 -0.115385 2.320000 5748 8768 10423
-0.961538 -0.076923 2.080000 5325 8898 10127
-0.923077 -0.038462 1.960000 4055 9425 9089
-0.923077 -0.038462 1.960000 4055 9425 9089
-0.769231 0.038462 1.480000 3725 9552 8742
-0.730769 0.038462 1.360000 3345 9434 7970
-0.730769 0.038462 1.200000 3497 9097 7789
-0.730769 0.038462 1.200000 3497 9097 7789
-0.653846 -0.038462 0.880000 3685 8803 7614
-0.653846 -0.038462 0.800000 4075 8488 7002
-0.653846 -0.038462 0.800000 4075 8488 7002
-0.615385 -0.076923 0.720000 4135 8674 6849
-0.576923 -0.076923 0.680000 4387 8737 6437
-0.576923 -0.076923 0.560000 4576 8526 6376
-0.576923 -0.076923 0.560000 4576 8526 6376
-0.576923 -0.153846 0.440000 4789 8410 6318
-0.653846 -0.230769 0.440000 5308 8728 6117
-0.653846 -0.230769 0.440000 5308 8728 6117
-0.538462 -0.192308 0.440000 5398 8885 5862
-0.461538 -0.153846 0.360000 5652 8845 5052
-0.384615 -0.115385 0.240000 5851 8671 4988
-0.384615 -0.115385 0.240000 5851 8671 4988
-0.153846 -0.115385 0.120000 6083 8662 4977
-0.076923 -0.153846 0.120000 6588 9256 5278
-0.076923 -0.153846 0.120000 6588 9256 5278
0.076923 -0.230769 0.080000 6676 9506 5392
0.153846 -0.230769 0.120000 7352 9561 5871
0.192308 -0.269231 0.120000 7571 9554 6053
0.192308 -0.269231 0.120000 7571 9554 6053
0.307692 -0.307692 0.160000 7810 9513 6269
0.307692 -0.346154 0.200000 8558 9481 6957
0.307692 -0.346154 0.320000 8834 9291 7082
0.307692 -0.346154 0.320000 8834 9291 7082
