0.192308 -0.538462 0.680000 6353 8487 10839
0.115385 -0.538462 0.600000 6234 8177 11172
0.038462 -0.576923 0.520000 6423 7750 11409
0.038462 -0.576923 0.520000 6423 7750 11409
-0.384615 -0.692308 0.320000 6647 7449 11618
-0.653846 -0.807692 0.200000 7231 7357 11427
-0.884615 -0.923077 0.120000 7521 7640 10963
-0.884615 -0.923077 0.120000 7521 7640 10963
-1.192308 -1.038462 0.160000 7944 7960 10219
-1.192308 -1.038462 0.240000 8852 8942 8033
-1.192308 -1.038462 0.240000 8852 8942 8033
-1.192308 -0.961538 0.240000 8898 9164 7529
-1.230769 -0.961538 0.240000 8979 9489 6341
-1.230769 -0.961538 0.240000 8979 9489 6341
-1.230769 -0.846154 0.240000 9146 9447 5947
-1.115385 -0.769231 0.240000 9730 9143 4588
-1.115385 -0.769231 0.240000 9730 9143 4588
-0.884615 -0.461538 0.280000 9662 9305 4285
-0.769231 -0.423077 0.320000 9550 9778 3609
-0.769231 -0.423077 0.320000 9550 9778 3609
-0.346154 -0.115385 0.320000 9749 9501 3435
-0.153846 0.038462 0.320000 10448 8475 3250
-0.153846 0.038462 0.320000 10448 8475 3250
0.307692 0.230769 0.480000 10649 8299 3447
0.500000 0.307692 0.600000 10862 8406 4434
0.500000 0.307692 0.600000 10862 8406 4434
0.846154 0.461538 0.680000 10641 8629 4947
0.846154 0.461538 0.680000 10216 9318 6750
0.846154 0.461538 0.680000 10216 9318 6750
0.692308 0.423077 0.840000 10272 9436 7419
0.653846 0.423077 0.880000 10717 9008 9002
0.653846 0.384615 0.920000 10924 8750 9352
0.653846 0.384615 0.920000 10924 8750 9352
0.615385 0.423077 0.920000 11108 8437 9600
0.653846 0.461538 0.960000 11559 7856 10234
0.653846 0.461538 0.960000 11559 7856 10234
0.730769 0.538462 1.280000 11734 7747 10429
0.769231 0.615385 1.320000 11788 7468 10911
0.769231 0.615385 1.320000 11788 7468 10911
0.846154 0.846154 1.800000 11706 7462 11098
0.846154 0.846154 2.080000 11009 8106 12007
0.846154 0.846154 2.080000 11009 8106 12007
0.807692 0.769231 2.240000 10343 8467 12410
0.730769 0.769231 2.120000 8401 8974 13969
0.730769 0.769231 2.120000 8401 8974 13969
0.384615 0.769231 1.680000 8121 8907 14397
0.230769 0.730769 1.680000 8229 8881 9853
0.230769 0.730769 1.680000 8229 8881 9853
-0.461538 0.730769 1.640000 8256 8729 9950
-0.692308 0.730769 1.720000 8482 8059 10048
-0.692308 0.730769 1.720000 8482 8059 10048
-1.423077 0.461538 1.960000 8429 8064 10063
-1.615385 0.307692 1.960000 7255 8787 15808
-1.615385 0.307692 1.960000 7255 8787 15808
-1.692308 0.230769 1.920000 6785 9170 14959
-1.692308 0.192308 1.960000 5680 10059 12920
-1.730769 0.192308 1.960000 5234 10438 12467
-1.730769 0.192308 1.960000 5234 10438 12467
-1.807692 0.076923 1.840000 4756 10684 11947
-1.807692 0.000000 1.800000 4090 10399 9877
-1.807692 0.000000 1.800000 4090 10399 9877
-1.576923 0.038462 1.480000 3849 10282 9091
-1.538462 0.038462 1.360000 2762 10714 7329
-1.538462 0.038462 1.360000 2762 10714 7329
-1.461538 0.038462 1.040000 2552 10753 6808
-1.346154 0.076923 0.920000 2537 10102 5165
-1.346154 0.076923 0.920000 2537 10102 5165
-1.076923 0.153846 0.440000 2773 9367 4744
-1.038462 0.153846 0.360000 3726 7918 3955
-1.038462 0.153846 0.360000 3726 7918 3955
-0.807692 0.269231 -0.040000 3947 7807 3633
-0.692308 0.269231 -0.160000 4462 8726 2695
-0.692308 0.269231 -0.160000 4462 8726 2695
-0.384615 0.423077 -0.360000 4828 9326 2460
-0.307692 0.500000 -0.400000 6575 10460 2209
-0.307692 0.500000 -0.400000 6575 10460 2209
0.038462 0.461538 -0.120000 7347 10719 2372
0.115385 0.461538 -0.040000 9453 9970 3317
0.115385 0.461538 -0.040000 9453 9970 3317
0.538462 0.269231 0.240000 9895 9606 3544
0.653846 0.153846 0.320000 10287 8834 4794
0.884615 0.038462 0.240000 9727 8731 5463
0.961538 0.000000 0.200000 9568 9026 5790
