-0.230769 -0.692308 0.560000 7486 8910 8202
-0.269231 -0.692308 0.440000 7498 9144 8028
-0.269231 -0.692308 0.440000 7498 9144 8028
-0.500000 -0.730769 0.080000 7614 9275 7898
-0.461538 -0.692308 0.200000 8948 9715 7137
-0.346154 -0.692308 0.360000 9309 9522 6912
-0.346154 -0.692308 0.360000 9309 9522 6912
-0.076923 -0.461538 0.280000 9410 9290 6762
-0.076923 -0.461538 0.160000 9119 8669 7173
-0.076923 -0.461538 0.160000 9119 8669 7173
-0.038462 -0.346154 0.240000 9497 8385 7389
-0.038462 -0.307692 0.240000 10055 8009 7639
-0.038462 -0.307692 0.240000 10055 8009 7639
0.076923 -0.115385 0.320000 10029 8232 7640
0.115385 -0.038462 0.400000 10116 8826 7816
0.115385 -0.038462 0.400000 10116 8826 7816
0.192308 0.115385 0.480000 10128 8948 7969
0.230769 0.192308 0.520000 10376 8993 8487
0.269231 0.269231 0.560000 10461 8860 8669
0.269231 0.269231 0.560000 10461 8860 8669
0.307692 0.384615 0.640000 10566 8767 8928
0.269231 0.346154 0.720000 10847 8898 9778
0.230769 0.346154 0.800000 10913 8951 9934
0.230769 0.346154 0.800000 10913 8951 9934
0.192308 0.384615 1.000000 10904 8962 10028
0.192308 0.384615 1.040000 11085 8699 10094
0.192308 0.384615 1.040000 11085 8699 10094
0.384615 0.423077 1.240000 11067 8629 10102
0.423077 0.423077 1.360000 10881 8607 10299
0.423077 0.423077 1.440000 10800 8586 10401
0.423077 0.423077 1.440000 10800 8586 10401
0.500000 0.500000 2.000000 10799 8403 10438
0.653846 0.576923 2.120000 10492 7655 10186
0.653846 0.576923 2.120000 10492 7655 10186
0.615385 0.653846 2.280000 9909 8183 10407
0.384615 0.576923 2.200000 7725 9873 11648
0.192308 0.538462 2.160000 7591 9705 12001
0.192308 0.538462 2.160000 7591 9705 12001
-0.423077 0.192308 2.360000 7549 9600 12372
-0.538462 0.192308 2.280000 6866 8756 12624
-0.692308 0.115385 2.160000 6465 8788 12565
-0.692308 0.115385 2.160000 6465 8788 12565
-0.961538 0.076923 1.840000 6148 8763 12483
-1.076923 -0.038462 1.880000 5796 8930 12374
-1.076923 -0.038462 1.880000 5796 8930 12374
-1.423077 -0.153846 1.840000 5846 8491 12263
-1.461538 -0.192308 1.840000 6178 7208 11529
-1.461538 -0.192308 1.840000 6178 7208 11529
-1.346154 -0.192308 1.800000 6132 7042 11067
-1.307692 -0.153846 1.760000 5354 7562 9722
-1.307692 -0.153846 1.760000 5354 7562 9722
-1.115385 0.000000 1.560000 5092 7688 9328
-1.076923 0.038462 1.480000 4612 7829 8405
-1.038462 0.038462 1.400000 4587 7830 8156
-1.038462 0.038462 1.400000 4587 7830 8156
-0.923077 0.076923 1.240000 4547 7883 7827
-0.961538 0.076923 1.240000 4157 8493 7061
-0.961538 0.076923 1.240000 4157 8493 7061
-0.807692 0.076923 1.000000 4002 8622 6732
-0.730769 0.076923 0.880000 4129 8203 6013
-0.692308 0.076923 0.760000 4312 7997 5974
-0.692308 0.076923 0.760000 4312 7997 5974
-0.500000 0.000000 0.520000 4564 7822 5988
-0.461538 -0.038462 0.480000 5150 7860 6125
-0.461538 -0.038462 0.480000 5150 7860 6125
-0.423077 -0.153846 0.280000 5283 7895 6163
-0.423077 -0.230769 0.240000 5891 7696 6054
-0.384615 -0.230769 0.160000 6156 7640 5835
-0.384615 -0.230769 0.160000 6156 7640 5835
-0.038462 -0.192308 0.080000 6337 7700 5660
0.038462 -0.153846 0.080000 6472 8430 5570
0.038462 -0.153846 0.080000 6472 8430 5570
