-0.346154 -0.360000 0.846154 -27.500000 -125.300003 178.750000
-0.500000 -0.400000 0.807692 -25.600000 -126.300003 172.899994
-0.692308 -0.520000 0.769231 -22.600000 -133.550003 160.800003
-0.692308 -0.520000 0.769231 -22.600000 -133.550003 160.800003
-0.653846 -0.480000 0.615385 0.000000 0.000000 0.000000
-0.653846 -0.480000 0.576923 9.950000 20.200001 -45.349998
-0.653846 -0.480000 0.576923 9.950000 20.200001 -45.349998
-0.692308 -0.440000 0.423077 0.000000 0.000000 0.000000
-0.653846 -0.440000 0.307692 18.150000 2.500000 -36.750000
-0.615385 -0.400000 0.230769 27.049999 4.650000 -49.349998
-0.615385 -0.400000 0.230769 27.049999 4.650000 -49.349998
-0.538462 -0.240000 0.000000 0.000000 0.000000 0.000000
-0.423077 -0.120000 0.000000 44.849998 1.050000 -44.150002
-0.423077 -0.120000 0.000000 44.849998 1.050000 -44.150002
0.000000 0.280000 0.000000 508.899994 436.200012 231.149994
0.153846 0.400000 0.000000 550.099976 454.350006 230.699997
0.153846 0.400000 0.000000 550.099976 454.350006 230.699997
0.615385 0.880000 0.038462 562.000000 460.850006 236.649994
0.730769 1.080000 0.115385 0.000000 0.000000 0.000000
0.846154 1.280000 0.269231 13.100000 11.800000 27.549999
0.846154 1.280000 0.269231 13.100000 11.800000 27.549999
1.115385 1.760000 0.615385 0.000000 0.000000 0.000000
1.076923 1.920000 0.846154 28.600000 -1.600000 104.250000
1.000000 2.040000 1.115385 29.400000 3.000000 139.250000
1.000000 2.040000 1.115385 29.400000 3.000000 139.250000
0.769231 2.320000 1.846154 0.000000 0.000000 0.000000
0.730769 2.400000 2.076923 -62.799999 19.250000 55.799999
0.692308 2.400000 2.307692 -93.699997 28.000000 73.349998
0.692308 2.400000 2.307692 -93.699997 28.000000 73.349998
0.230769 2.040000 2.692308 0.000000 0.000000 0.000000
-0.076923 1.760000 2.692308 -116.300003 -7.550000 79.000000
-0.230769 1.600000 2.846154 -135.199997 -52.849998 97.550003
-0.230769 1.600000 2.846154 -135.199997 -52.849998 97.550003
-0.769231 1.120000 2.230769 0.000000 0.000000 0.000000
-0.730769 1.000000 2.000000 -74.500000 -36.750000 -38.150002
-0.653846 0.960000 1.846154 -88.650002 -38.950001 -49.500000
-0.653846 0.960000 1.846154 -88.650002 -38.950001 -49.500000
-0.500000 1.000000 1.423077 244.000000 450.399994 664.200012
-0.538462 1.040000 1.346154 222.000000 428.600006 677.950012
-0.692308 1.000000 1.384615 218.399994 428.200012 685.700012
-0.692308 1.000000 1.384615 218.399994 428.200012 685.700012
-1.076923 0.840000 1.192308 209.800003 422.500000 687.700012
-1.192308 0.720000 1.115385 178.250000 426.149994 641.099976
-1.269231 0.640000 1.038462 174.550003 440.200012 609.549988
-1.269231 0.640000 1.038462 174.550003 440.200012 609.549988
-1.269231 0.480000 0.961538 172.149994 448.350006 574.500000
-1.269231 0.480000 0.961538 160.550003 478.100006 470.200012
-1.230769 0.440000 0.923077 158.750000 477.950012 436.549988
-1.230769 0.440000 0.923077 158.750000 477.950012 436.549988
-1.307692 0.240000 0.769231 157.850006 469.950012 406.799988
-1.192308 0.280000 0.692308 165.300003 426.350006 304.799988
-1.192308 0.280000 0.692308 165.300003 426.350006 304.799988
-0.807692 0.240000 0.076923 165.850006 418.350006 276.250000
-0.769231 0.120000 -0.115385 203.399994 440.649994 228.550003
-0.769231 0.120000 -0.115385 203.399994 440.649994 228.550003
-0.615385 -0.120000 -0.115385 236.600006 458.600006 213.649994
-0.500000 -0.080000 -0.076923 328.350006 469.750000 161.800003
-0.500000 -0.080000 -0.076923 328.350006 469.750000 161.800003
0.192308 0.080000 0.076923 351.799988 461.049988 151.600006
