-0.500000 -0.520000 0.807692 -1.000000 -110.550003 122.349998
-0.576923 -0.600000 0.576923 -2.800000 -115.449997 108.699997
-0.576923 -0.600000 0.576923 -2.800000 -115.449997 108.699997
-0.615385 -0.560000 0.384615 0.000000 0.000000 0.000000
-0.615385 -0.520000 0.461538 38.750000 13.700000 -42.400002
-0.615385 -0.520000 0.461538 38.750000 13.700000 -42.400002
-0.730769 -0.480000 0.461538 0.000000 0.000000 0.000000
-0.692308 -0.440000 0.384615 9.000000 7.950000 -38.599998
-0.692308 -0.400000 0.346154 15.150000 11.600000 -53.700001
-0.692308 -0.400000 0.346154 15.150000 11.600000 -53.700001
-0.576923 -0.160000 0.307692 0.000000 0.000000 0.000000
-0.461538 -0.040000 0.346154 42.549999 -3.400000 -44.750000
-0.461538 -0.040000 0.346154 42.549999 -3.400000 -44.750000
-0.076923 0.200000 0.423077 517.299988 429.350006 224.600006
0.000000 0.280000 0.346154 536.049988 428.299988 222.399994
0.000000 0.280000 0.346154 536.049988 428.299988 222.399994
0.192308 0.560000 0.192308 541.700012 433.250000 224.649994
0.307692 0.680000 0.269231 588.049988 443.399994 222.550003
0.307692 0.680000 0.269231 588.049988 443.399994 222.550003
0.807692 1.200000 0.538462 603.849976 443.899994 225.850006
0.923077 1.360000 0.692308 0.000000 0.000000 0.000000
1.000000 1.440000 0.769231 -3.550000 17.200001 37.099998
1.000000 1.440000 0.769231 -3.550000 17.200001 37.099998
1.000000 1.680000 1.038462 0.000000 0.000000 0.000000
1.000000 1.800000 1.192308 11.350000 -14.450000 106.699997
1.000000 1.800000 1.192308 11.350000 -14.450000 106.699997
0.884615 2.000000 1.538462 0.000000 0.000000 0.000000
0.807692 2.040000 1.615385 -45.000000 7.550000 78.250000
0.769231 2.040000 1.692308 -75.599998 29.200001 95.949997
0.769231 2.040000 1.692308 -75.599998 29.200001 95.949997
0.692308 1.960000 1.692308 0.000000 0.000000 0.000000
0.576923 1.920000 1.730769 -90.300003 48.500000 63.750000
0.576923 1.920000 1.730769 -90.300003 48.500000 63.750000
0.076923 1.880000 1.923077 0.000000 0.000000 0.000000
-0.115385 1.840000 1.961538 -54.700001 -49.799999 -1050.250000
-0.115385 1.840000 1.961538 -54.700001 -49.799999 -1050.250000
-0.615385 1.520000 1.846154 0.000000 0.000000 0.000000
-0.769231 1.400000 1.769231 -70.849998 -7.250000 -0.750000
-0.846154 1.320000 1.653846 -88.099998 -12.250000 -15.750000
-0.846154 1.320000 1.653846 -88.099998 -12.250000 -15.750000
-0.961538 1.160000 1.461538 230.399994 499.750000 776.799988
-1.000000 1.120000 1.461538 200.750000 503.899994 736.200012
-1.000000 1.120000 1.461538 200.750000 503.899994 736.200012
-1.384615 0.760000 1.423077 188.800003 508.600006 719.150024
-1.384615 0.680000 1.346154 148.000000 488.200012 615.349976
-1.307692 0.600000 1.115385 139.800003 475.649994 575.650024
-1.307692 0.600000 1.115385 139.800003 475.649994 575.650024
-1.192308 0.400000 0.807692 138.449997 468.750000 542.299988
-1.153846 0.320000 0.730769 151.600006 449.049988 441.450012
-1.153846 0.320000 0.730769 151.600006 449.049988 441.450012
-0.923077 0.240000 0.346154 151.600006 451.899994 406.850006
-0.846154 0.200000 0.153846 183.600006 459.250000 317.399994
-0.846154 0.200000 0.153846 183.600006 459.250000 317.399994
-0.692308 0.040000 0.076923 208.750000 460.200012 296.049988
-0.615385 0.040000 0.076923 278.600006 468.950012 242.149994
-0.576923 0.000000 0.076923 296.399994 476.500000 225.699997
-0.576923 0.000000 0.076923 296.399994 476.500000 225.699997
-0.307692 0.000000 0.230769 314.450012 484.350006 210.149994
-0.230769 0.000000 0.307692 355.950012 496.799988 187.850006
-0.115385 0.000000 0.346154 370.000000 491.350006 188.350006
-0.115385 0.000000 0.346154 370.000000 491.350006 188.350006
0.115385 0.000000 0.500000 384.549988 478.950012 191.399994
0.307692 0.000000 0.615385 422.299988 451.049988 201.449997
0.307692 0.000000 0.615385 422.299988 451.049988 201.449997
