-0.692308 -0.760000 0.730769 -8.550000 -67.150002 154.149994
-0.884615 -0.800000 0.807692 1.850000 -68.849998 133.300003
-0.884615 -0.800000 0.807692 1.850000 -68.849998 133.300003
-0.961538 -0.760000 0.846154 0.000000 0.000000 0.000000
-0.923077 -0.680000 0.846154 -3.700000 10.650000 -71.650002
-0.884615 -0.640000 0.807692 -9.450000 17.150000 -82.349998
-0.884615 -0.640000 0.807692 -9.450000 17.150000 -82.349998
-0.884615 -0.600000 0.769231 0.000000 0.000000 0.000000
-0.846154 -0.560000 0.730769 13.950000 -27.400000 -26.200001
-0.846154 -0.560000 0.730769 13.950000 -27.400000 -26.200001
-0.576923 -0.400000 0.576923 0.000000 0.000000 0.000000
-0.500000 -0.360000 0.576923 5.100000 18.750000 -7.600000
-0.423077 -0.320000 0.538462 9.650000 24.850000 -5.550000
-0.423077 -0.320000 0.538462 9.650000 24.850000 -5.550000
-0.307692 -0.320000 0.500000 0.000000 0.000000 0.000000
-0.307692 -0.320000 0.461538 17.650000 7.250000 13.700000
-0.307692 -0.320000 0.461538 25.100000 6.150000 16.049999
-0.307692 -0.320000 0.461538 25.100000 6.150000 16.049999
-0.269231 -0.280000 0.384615 0.000000 0.000000 0.000000
-0.269231 -0.240000 0.384615 8.800000 16.850000 -5.600000
-0.269231 -0.200000 0.384615 15.350000 16.250000 -9.350000
-0.269231 -0.200000 0.384615 15.350000 16.250000 -9.350000
-0.076923 -0.040000 0.423077 0.000000 0.000000 0.000000
0.000000 0.000000 0.423077 21.799999 1.350000 -7.250000
0.076923 0.080000 0.423077 24.900000 12.400000 -3.450000
0.076923 0.080000 0.423077 24.900000 12.400000 -3.450000
0.153846 0.120000 0.538462 0.000000 0.000000 0.000000
0.153846 0.120000 0.615385 19.850000 -3.700000 29.950001
0.192308 0.120000 0.692308 26.850000 -10.350000 35.599998
0.192308 0.120000 0.692308 26.850000 -10.350000 35.599998
0.153846 0.160000 0.769231 0.000000 0.000000 0.000000
0.192308 0.160000 0.807692 -0.750000 -1.100000 6.900000
0.192308 0.160000 0.807692 -0.750000 -1.100000 6.900000
0.269231 0.200000 0.884615 0.000000 0.000000 0.000000
0.307692 0.200000 0.923077 5.700000 -19.400000 11.600000
0.307692 0.200000 0.923077 5.700000 -19.400000 11.600000
0.346154 0.200000 0.961538 0.000000 0.000000 0.000000
0.307692 0.160000 0.961538 -6.800000 -6.600000 27.500000
0.269231 0.160000 0.961538 -6.900000 -10.600000 34.150002
0.269231 0.160000 0.961538 -6.900000 -10.600000 34.150002
0.230769 0.160000 1.000000 0.000000 0.000000 0.000000
0.230769 0.160000 1.038462 -1.000000 1.400000 22.450001
0.230769 0.160000 1.038462 -1.000000 1.400000 22.450001
0.230769 0.240000 1.192308 0.000000 0.000000 0.000000
0.192308 0.240000 1.230769 0.000000 -22.750000 31.000000
0.192308 0.240000 1.230769 0.000000 -22.750000 31.000000
0.115385 0.280000 1.346154 0.000000 0.000000 0.000000
0.115385 0.280000 1.307692 -17.500000 -9.100000 12.150000
0.115385 0.280000 1.307692 -17.500000 -9.100000 12.150000
0.153846 0.360000 1.384615 0.000000 0.000000 0.000000
0.153846 0.400000 1.384615 -8.400000 -1.700000 -0.550000
0.192308 0.480000 1.461538 -20.799999 9.450000 9.300000
0.153846 0.480000 1.461538 -31.049999 15.800000 14.800000
0.153846 0.480000 1.461538 -31.049999 15.800000 14.800000
0.192308 0.560000 1.461538 0.000000 0.000000 0.000000
0.192308 0.600000 1.423077 -24.700001 0.000000 8.900000
0.230769 0.680000 1.423077 -31.150000 5.400000 16.750000
0.230769 0.680000 1.423077 -31.150000 5.400000 16.750000
0.000000 0.640000 1.461538 0.000000 0.000000 0.000000
-0.038462 0.600000 1.423077 -17.350000 2.600000 32.900002
-0.038462 0.600000 1.423077 -17.350000 2.600000 32.900002
-0.153846 0.560000 1.192308 0.000000 0.000000 0.000000
-0.192308 0.560000 1.115385 2.000000 -6.650000 -15.450000
-0.153846 0.600000 1.115385 4.750000 5.600000 -22.500000
-0.153846 0.600000 1.115385 4.750000 5.600000 -22.500000
-0.192308 0.600000 1.192308 0.000000 0.000000 0.000000
-0.192308 0.640000 1.192308 -22.150000 22.549999 -1.500000
-0.192308 0.640000 1.192308 -22.150000 22.549999 -1.500000
-0.230769 0.680000 1.115385 0.000000 0.000000 0.000000
-0.230769 0.680000 1.076923 -10.300000 -14.850000 -0.500000
-0.230769 0.680000 1.076923 -10.300000 -14.850000 -0.500000
-0.346154 0.560000 1.192308 0.000000 0.000000 0.000000
-0.346154 0.520000 1.192308 -13.450000 -6.050000 -6.200000
-0.346154 0.560000 1.192308 -17.049999 -14.300000 -17.049999
-0.346154 0.560000 1.192308 -17.049999 -14.300000 -17.049999
-0.307692 0.560000 1.192308 0.000000 0.000000 0.000000
-0.307692 0.560000 1.230769 -22.700001 3.950000 -7.500000
-0.307692 0.560000 1.230769 -22.700001 3.950000 -7.500000
-0.500000 0.480000 1.384615 0.000000 0.000000 0.000000
-0.576923 0.400000 1.346154 -23.400000 -4.600000 -3.200000
-0.576923 0.400000 1.346154 -23.400000 -4.600000 -3.200000
-0.538462 0.400000 1.230769 0.000000 0.000000 0.000000
-0.538462 0.400000 1.230769 -10.150000 -10.000000 -36.349998
-0.500000 0.400000 1.230769 -12.400000 -9.050000 -42.000000
-0.500000 0.400000 1.230769 -12.400000 -9.050000 -42.000000
-0.538462 0.360000 1.153846 0.000000 0.000000 0.000000
-0.538462 0.360000 1.115385 -11.550000 3.100000 -12.750000
-0.538462 0.280000 1.115385 -11.700000 3.250000 -20.299999
-0.538462 0.280000 1.115385 -11.700000 3.250000 -20.299999
-0.538462 0.240000 1.038462 0.000000 0.000000 0.000000
-0.500000 0.240000 1.038462 7.000000 -5.800000 -26.200001
-0.461538 0.240000 1.038462 6.400000 -0.800000 -33.299999
-0.461538 0.240000 1.038462 6.400000 -0.800000 -33.299999
-0.461538 0.120000 1.000000 0.000000 0.000000 0.000000
-0.423077 0.120000 1.000000 -4.200000 17.350000 -13.350000
-0.423077 0.080000 1.000000 -2.650000 15.850000 -17.799999
-0.423077 0.080000 1.000000 -2.650000 15.850000 -17.799999
-0.423077 -0.040000 0.884615 0.000000 0.000000 0.000000
-0.384615 -0.080000 0.846154 14.250000 -8.450000 -15.800000
-0.384615 -0.080000 0.846154 14.250000 -8.450000 -15.800000
-0.384615 -0.120000 0.846154 0.000000 0.000000 0.000000
-0.346154 -0.120000 0.807692 9.300000 0.000000 -16.100000
-0.346154 -0.120000 0.807692 9.300000 0.000000 -16.100000
-0.307692 -0.200000 0.730769 0.000000 0.000000 0.000000
-0.307692 -0.200000 0.730769 9.300000 5.050000 -5.150000
-0.346154 -0.240000 0.692308 13.300000 5.350000 -6.550000
-0.346154 -0.240000 0.692308 13.300000 5.350000 -6.550000
-0.346154 -0.280000 0.692308 0.000000 0.000000 0.000000
-0.346154 -0.280000 0.653846 12.350000 1.850000 -15.500000
-0.346154 -0.280000 0.653846 16.049999 2.050000 -20.100000
-0.346154 -0.280000 0.653846 16.049999 2.050000 -20.100000
-0.269231 -0.280000 0.653846 0.000000 0.000000 0.000000
-0.269231 -0.320000 0.615385 12.200000 0.550000 -8.950000
-0.230769 -0.280000 0.615385 19.150000 -1.150000 -9.550000
-0.230769 -0.280000 0.615385 19.150000 -1.150000 -9.550000
-0.230769 -0.320000 0.615385 0.000000 0.000000 0.000000
-0.192308 -0.320000 0.576923 19.049999 -12.450000 1.200000
-0.192308 -0.320000 0.538462 25.000000 -10.650000 0.700000
-0.192308 -0.320000 0.538462 25.000000 -10.650000 0.700000
-0.115385 -0.360000 0.538462 0.000000 0.000000 0.000000
-0.076923 -0.360000 0.538462 12.650000 17.549999 -6.250000
-0.076923 -0.360000 0.538462 14.500000 20.750000 -6.700000
-0.076923 -0.360000 0.538462 14.500000 20.750000 -6.700000
-0.115385 -0.400000 0.615385 0.000000 0.000000 0.000000
-0.076923 -0.400000 0.576923 16.350000 -15.600000 -7.100000
0.000000 -0.400000 0.576923 20.950001 -22.799999 -11.400000
0.000000 -0.400000 0.576923 20.950001 -22.799999 -11.400000
