-0.730769 0.076923 0.960000 8021 7846 5471
-0.730769 0.115385 0.920000 8132 7928 5261
-0.730769 0.115385 0.920000 8132 7928 5261
-0.692308 0.192308 1.000000 8074 8065 5010
-0.653846 0.230769 0.960000 8062 8012 4492
-0.576923 0.269231 0.960000 8073 7913 4373
-0.576923 0.269231 0.960000 8073 7913 4373
-0.500000 0.307692 0.920000 7984 7800 4302
-0.423077 0.307692 0.880000 8021 7525 4060
-0.423077 0.307692 0.880000 8021 7525 4060
-0.384615 0.307692 0.840000 7989 7557 4015
-0.346154 0.230769 0.760000 8014 7711 3920
-0.269231 0.230769 0.720000 8118 7733 3730
-0.230769 0.230769 0.680000 8194 7718 3655
-0.230769 0.230769 0.680000 8194 7718 3655
0.000000 0.307692 0.560000 8313 7690 3551
0.076923 0.346154 0.600000 8731 7811 3378
0.153846 0.384615 0.560000 8780 8004 3411
0.153846 0.384615 0.560000 8780 8004 3411
0.346154 0.423077 0.560000 8850 8207 3466
0.423077 0.423077 0.520000 9174 8553 3773
0.423077 0.423077 0.520000 9174 8553 3773
0.615385 0.500000 0.520000 9376 8559 3903
0.692308 0.576923 0.480000 10052 8359 4397
0.692308 0.576923 0.480000 10052 8359 4397
1.000000 0.769231 0.400000 10204 8471 4626
1.038462 0.846154 0.440000 10622 10017 5727
1.076923 0.923077 0.480000 10841 10505 6164
1.076923 0.923077 0.480000 10841 10505 6164
1.038462 1.153846 1.080000 11083 10889 6696
1.038462 1.230769 1.280000 11547 10289 8464
1.038462 1.230769 1.280000 11547 10289 8464
1.038462 1.423077 1.480000 11400 9873 9128
0.961538 1.423077 1.480000 10336 9975 11029
0.961538 1.423077 1.480000 10336 9975 11029
0.538462 1.384615 1.560000 9837 10392 11569
0.423077 1.384615 1.600000 8792 10591 12748
0.307692 1.384615 1.640000 8579 10377 13068
0.307692 1.384615 1.640000 8579 10377 13068
0.038462 1.423077 1.600000 8364 10160 13344
-0.038462 1.500000 1.680000 7494 10001 14264
-0.192308 1.538462 1.720000 7076 10012 14656
-0.192308 1.538462 1.720000 7076 10012 14656
-0.692308 1.538462 1.840000 6579 10058 15049
-0.884615 1.500000 1.720000 4819 10268 15593
-0.884615 1.500000 1.720000 4819 10268 15593
-1.423077 1.230769 1.640000 4388 10225 15464
-1.500000 1.038462 1.560000 3098 10289 14127
-1.538462 0.923077 1.400000 2674 10475 13455
-1.538462 0.923077 1.400000 2674 10475 13455
-1.538462 0.538462 0.920000 2304 10771 12804
-1.500000 0.461538 0.880000 2583 10257 10513
-1.423077 0.384615 0.840000 2717 9709 10017
-1.423077 0.384615 0.840000 2717 9709 10017
-1.153846 0.230769 0.320000 2871 9219 9542
-1.115385 0.153846 0.160000 3998 8281 8605
-1.153846 0.038462 0.120000 4438 8193 8364
-1.153846 0.038462 0.120000 4438 8193 8364
-1.307692 -0.269231 0.160000 4951 8184 7982
-1.384615 -0.307692 0.160000 5964 8818 6084
-1.384615 -0.307692 0.160000 5964 8818 6084
-1.307692 -0.230769 0.120000 6337 8957 5307
-1.230769 -0.192308 0.160000 7815 8889 3104
-1.230769 -0.192308 0.160000 7815 8889 3104
