-0.461538 0.038462 1.120000 6849 8191 7917
-0.615385 -0.038462 1.000000 6821 8309 7771
-0.615385 -0.038462 1.000000 6821 8309 7771
-0.884615 -0.076923 0.960000 6510 8558 7616
-1.000000 -0.115385 0.960000 6532 8399 6977
-1.000000 -0.115385 0.960000 6532 8399 6977
-1.076923 -0.153846 0.760000 6673 8179 6205
-0.884615 -0.076923 0.600000 7055 7864 5369
-0.846154 -0.076923 0.600000 7609 7686 4450
-0.846154 -0.076923 0.600000 7609 7686 4450
-0.692308 0.000000 0.400000 7732 7701 4140
-0.615385 0.000000 0.360000 8069 7851 3209
-0.615385 0.000000 0.360000 8069 7851 3209
-0.230769 0.153846 0.160000 8181 8022 3021
-0.153846 0.153846 0.080000 8749 8238 2967
-0.076923 0.153846 -0.040000 8957 8483 3064
-0.076923 0.153846 -0.040000 8957 8483 3064
0.115385 0.269231 -0.040000 9235 8881 3141
0.115385 0.346154 0.000000 10334 9594 3439
0.115385 0.346154 0.000000 10334 9594 3439
0.346154 0.576923 0.160000 10728 9670 3560
0.423077 0.692308 0.160000 11830 9663 3912
0.423077 0.692308 0.160000 11830 9663 3912
0.884615 1.153846 0.600000 12143 9771 4136
1.038462 1.307692 0.800000 12601 10055 5557
1.038462 1.307692 0.800000 12601 10055 5557
1.230769 1.692308 1.080000 12635 10035 6367
1.230769 1.769231 1.200000 12476 10157 9302
1.230769 1.769231 1.200000 12476 10157 9302
1.000000 1.961538 1.560000 12369 10181 10321
0.884615 2.000000 1.640000 11221 10084 12418
0.769231 2.000000 1.680000 10569 10387 12925
0.769231 2.000000 1.680000 10569 10387 12925
0.500000 2.115385 1.720000 10017 10657 13325
0.346154 2.153846 1.680000 8393 11134 14587
0.346154 2.153846 1.680000 8393 11134 14587
-0.307692 2.230769 2.000000 8022 11024 15180
-0.538462 2.230769 2.080000 6922 10359 10040
-0.538462 2.230769 2.080000 6922 10359 10040
-1.230769 1.961538 2.080000 6243 10362 10092
-1.461538 1.807692 1.960000 3810 10855 9976
-1.461538 1.807692 1.960000 3810 10855 9976
-1.692308 1.384615 1.360000 3078 10974 9837
-1.692308 1.230769 1.200000 1553 11563 13651
-1.692308 1.230769 1.200000 1553 11563 13651
-1.730769 0.884615 0.880000 1469 11694 12935
-1.692308 0.615385 0.600000 1713 10907 11604
-1.653846 0.461538 0.560000 2620 9631 10331
-1.653846 0.461538 0.560000 2620 9631 10331
-1.615385 0.230769 0.400000 3066 9032 9745
-1.615385 0.230769 0.400000 3066 9032 9745
-1.576923 0.115385 0.280000 4425 8024 7049
-1.615385 0.115385 0.240000 4960 8289 5619
-1.500000 0.153846 0.160000 5875 8426 3014
-1.500000 0.153846 0.160000 5875 8426 3014
-1.346154 0.192308 -0.160000 6868 8175 1711
