-0.730769 -1.076923 0.280000 7872 9114 7842
-0.769231 -1.038462 0.320000 7942 9515 7438
-0.730769 -1.038462 0.320000 7749 9738 7019
-0.730769 -1.038462 0.320000 7749 9738 7019
-0.576923 -0.884615 0.320000 7834 9915 6647
-0.500000 -0.807692 0.360000 7967 10393 5733
-0.423077 -0.730769 0.320000 7967 10489 5636
-0.423077 -0.730769 0.320000 7967 10489 5636
-0.269231 -0.576923 0.320000 7978 10518 5668
-0.192308 -0.500000 0.360000 8593 10223 5834
-0.192308 -0.500000 0.360000 8593 10223 5834
0.076923 -0.269231 0.320000 8812 9850 5928
0.153846 -0.192308 0.360000 9468 9029 6658
0.192308 -0.153846 0.320000 9552 8973 6980
0.192308 -0.153846 0.320000 9552 8973 6980
0.230769 0.000000 0.360000 9623 9017 7272
0.269231 0.076923 0.360000 9702 9191 8017
0.307692 0.115385 0.360000 9836 9103 8286
0.307692 0.115385 0.360000 9836 9103 8286
0.192308 0.269231 0.440000 9989 9049 8587
0.076923 0.230769 0.560000 10707 9150 9967
0.000000 0.153846 0.680000 10915 9005 10215
0.000000 0.153846 0.680000 10915 9005 10215
-0.153846 0.076923 0.840000 11047 8732 10344
-0.153846 0.076923 0.920000 11101 8409 10346
-0.153846 0.076923 0.960000 11077 8478 10310
-0.153846 0.076923 0.960000 11077 8478 10310
-0.115385 0.038462 1.240000 10998 8595 10229
-0.038462 0.038462 1.360000 10785 8673 9956
0.038462 0.076923 1.480000 10728 8422 9916
0.038462 0.076923 1.480000 10728 8422 9916
0.230769 0.153846 1.760000 10699 8115 9956
0.269231 0.153846 1.840000 10579 7218 10494
0.307692 0.153846 1.920000 10518 6918 10691
0.307692 0.153846 1.920000 10518 6918 10691
0.423077 0.192308 2.000000 10391 6615 10844
0.384615 0.192308 2.080000 9862 6640 11407
0.384615 0.192308 2.080000 9862 6640 11407
0.384615 0.153846 1.960000 9526 6726 11539
0.346154 0.153846 1.920000 8910 6720 12034
0.346154 0.192308 1.840000 8760 6767 12194
0.346154 0.192308 1.840000 8760 6767 12194
0.192308 0.346154 1.640000 8576 6881 12313
0.115385 0.346154 1.640000 8159 7863 13022
0.000000 0.346154 1.640000 8003 8115 13269
0.000000 0.346154 1.640000 8003 8115 13269
-0.307692 0.384615 1.480000 7845 8198 13384
-0.384615 0.423077 1.520000 7472 8653 13381
-0.384615 0.423077 1.520000 7472 8653 13381
-0.730769 0.346154 1.720000 7294 8900 13423
-0.846154 0.307692 1.720000 6648 9232 13222
-0.923077 0.269231 1.720000 6418 9165 12980
-0.923077 0.269231 1.720000 6418 9165 12980
-1.038462 0.153846 1.600000 6219 9118 12692
-1.076923 0.115385 1.560000 5763 9315 11736
-1.076923 0.115385 1.560000 5763 9315 11736
-1.153846 -0.038462 1.560000 5615 9490 11415
-1.115385 -0.038462 1.560000 5049 9795 10121
-1.076923 0.000000 1.440000 4780 9913 9634
-1.076923 0.000000 1.440000 4780 9913 9634
-0.923077 0.076923 1.160000 4531 10051 9168
-0.884615 0.076923 1.080000 4441 9766 8285
-0.846154 0.115385 1.040000 4546 9537 8184
-0.846154 0.115385 1.040000 4546 9537 8184
-0.923077 0.038462 0.880000 4656 9295 8127
-0.961538 0.000000 0.840000 4989 8764 7788
-0.961538 -0.038462 0.760000 5056 8772 7538
-0.961538 -0.038462 0.760000 5056 8772 7538
-0.923077 -0.076923 0.680000 5134 8882 7297
-0.923077 -0.115385 0.640000 5254 9388 6642
-0.884615 -0.153846 0.640000 5354 9445 6431
-0.884615 -0.153846 0.640000 5354 9445 6431
-0.846154 -0.153846 0.560000 5460 9430 6218
-0.846154 -0.192308 0.560000 5782 9468 5775
-0.846154 -0.192308 0.560000 5782 9468 5775
-0.769231 -0.269231 0.520000 5921 9393 5598
-0.730769 -0.307692 0.480000 6299 9432 5122
-0.730769 -0.307692 0.480000 6299 9432 5122
-0.538462 -0.346154 0.520000 6388 9534 4923
-0.500000 -0.346154 0.560000 6476 10067 4637
-0.461538 -0.384615 0.560000 6466 10211 4601
-0.461538 -0.384615 0.560000 6466 10211 4601
-0.192308 -0.384615 0.440000 6492 10150 4568
-0.076923 -0.346154 0.360000 7097 8945 4612
0.038462 -0.346154 0.320000 7367 8562 4710
0.038462 -0.346154 0.320000 7367 8562 4710
0.307692 -0.307692 0.240000 7590 8377 4886
0.423077 -0.307692 0.200000 7851 8434 5425
0.423077 -0.307692 0.200000 7851 8434 5425
0.500000 -0.269231 0.160000 7859 8533 5659
0.538462 -0.307692 0.200000 8298 8679 6359
0.538462 -0.307692 0.240000 8581 8600 6677
