-0.500000 -0.884615 0.400000 7994 8544 8115
-0.500000 -0.884615 0.360000 8000 8708 7905
-0.500000 -0.884615 0.360000 8000 8708 7905
-0.615385 -0.884615 0.400000 8060 9028 7780
-0.653846 -0.884615 0.360000 8107 9603 7228
-0.692308 -0.846154 0.280000 8128 9723 6946
-0.692308 -0.846154 0.280000 8128 9723 6946
-0.615385 -0.730769 0.160000 8184 9828 6649
-0.500000 -0.653846 0.160000 8545 9890 5849
-0.384615 -0.576923 0.160000 8683 9868 5712
-0.384615 -0.576923 0.160000 8683 9868 5712
-0.115385 -0.384615 0.200000 8807 9848 5682
0.000000 -0.269231 0.200000 9271 9558 5827
0.115385 -0.192308 0.240000 9434 9488 5986
0.115385 -0.192308 0.240000 9434 9488 5986
0.307692 -0.038462 0.360000 9551 9412 6225
0.346154 0.000000 0.400000 10099 9027 7201
0.346154 0.000000 0.400000 10099 9027 7201
0.384615 0.038462 0.560000 10344 8690 7535
0.307692 0.038462 0.680000 10432 8992 8483
0.192308 0.000000 0.800000 10072 9586 8665
0.192308 0.000000 0.800000 10072 9586 8665
0.076923 -0.076923 1.040000 9593 10316 8686
0.076923 -0.115385 1.040000 9115 10331 9067
0.076923 -0.115385 1.040000 9115 10331 9067
0.000000 -0.230769 1.120000 9380 9812 9367
-0.115385 -0.269231 1.160000 10022 8424 10140
-0.192308 -0.346154 1.160000 10172 7955 10147
-0.192308 -0.346154 1.160000 10172 7955 10147
-0.153846 -0.384615 1.160000 10259 7608 9994
-0.076923 -0.346154 1.120000 10023 7516 9413
0.000000 -0.307692 1.120000 9944 7589 9314
0.000000 -0.307692 1.120000 9944 7589 9314
0.230769 -0.153846 1.240000 9988 7519 9268
0.230769 -0.076923 1.360000 10276 6889 9832
0.230769 -0.076923 1.440000 10308 6677 10106
0.230769 -0.076923 1.440000 10308 6677 10106
0.230769 -0.038462 1.560000 10314 6450 10357
0.307692 0.000000 1.600000 10388 5495 10803
0.384615 0.000000 1.600000 10363 5288 10929
0.384615 0.000000 1.600000 10363 5288 10929
0.461538 0.230769 1.360000 10291 5175 11090
0.461538 0.269231 1.280000 10270 5391 11857
0.384615 0.269231 1.280000 10306 5800 12127
0.384615 0.269231 1.280000 10306 5800 12127
0.192308 0.307692 1.480000 10353 6228 12315
0.115385 0.307692 1.480000 9987 6928 12481
0.115385 0.346154 1.520000 9834 7219 12478
0.115385 0.346154 1.520000 9834 7219 12478
0.000000 0.384615 1.520000 9591 7687 12488
-0.038462 0.423077 1.520000 9128 8188 12517
-0.038462 0.423077 1.520000 9128 8188 12517
-0.230769 0.423077 1.840000 9076 8310 12587
-0.384615 0.384615 1.920000 8636 8545 12724
-0.384615 0.384615 1.920000 8636 8545 12724
-0.576923 0.269231 1.960000 8347 8507 12578
-0.576923 0.230769 1.960000 7192 8862 11634
-0.576923 0.230769 1.920000 6803 9132 11279
-0.576923 0.230769 1.920000 6803 9132 11279
-0.538462 0.230769 1.840000 6460 9304 11014
-0.538462 0.230769 1.800000 5690 9546 10506
-0.538462 0.230769 1.800000 5690 9546 10506
-0.538462 0.153846 1.640000 5459 9419 10304
-0.538462 0.115385 1.520000 4839 9139 9658
-0.538462 0.076923 1.400000 4692 9125 9354
-0.538462 0.076923 1.400000 4692 9125 9354
-0.423077 0.076923 1.200000 4605 9182 9048
-0.384615 0.076923 1.120000 4452 9189 8520
-0.384615 0.076923 1.120000 4452 9189 8520
-0.384615 -0.038462 0.960000 4469 9131 8417
-0.384615 -0.076923 0.960000 4529 8990 8203
-0.384615 -0.115385 0.880000 4529 8989 8086
-0.384615 -0.115385 0.880000 4529 8989 8086
-0.384615 -0.153846 0.760000 4556 8996 7958
-0.346154 -0.153846 0.720000 4760 9052 7788
-0.346154 -0.153846 0.720000 4900 9022 7803
-0.346154 -0.153846 0.720000 4900 9022 7803
-0.423077 -0.269231 0.600000 5000 9018 7853
-0.461538 -0.307692 0.600000 5465 9036 7976
-0.461538 -0.307692 0.600000 5465 9036 7976
-0.615385 -0.461538 0.680000 5602 9124 7905
-0.576923 -0.461538 0.640000 5680 9284 7316
-0.576923 -0.461538 0.640000 5680 9284 7316
-0.538462 -0.500000 0.520000 5668 9310 7061
-0.500000 -0.500000 0.520000 5943 9307 6557
-0.461538 -0.500000 0.480000 6115 9269 6436
-0.461538 -0.500000 0.480000 6115 9269 6436
-0.384615 -0.538462 0.440000 6263 9152 6332
-0.346154 -0.538462 0.400000 6639 9096 6081
-0.307692 -0.538462 0.400000 6719 9107 5964
-0.307692 -0.538462 0.400000 6719 9107 5964
-0.153846 -0.538462 0.280000 6794 9137 5880
-0.076923 -0.538462 0.240000 7190 9194 5680
-0.038462 -0.500000 0.160000 7337 9232 5691
-0.038462 -0.500000 0.160000 7337 9232 5691
0.115385 -0.461538 0.240000 7574 9260 5754
0.192308 -0.461538 0.240000 8147 9192 6111
0.192308 -0.423077 0.200000 8202 9227 6351
0.192308 -0.423077 0.200000 8202 9227 6351
0.153846 -0.538462 0.240000 8315 9338 6584
0.153846 -0.576923 0.400000 8990 9459 7068
0.153846 -0.576923 0.520000 9027 9293 7164
0.153846 -0.576923 0.520000 9027 9293 7164
0.076923 -0.653846 0.600000 8916 9179 7277
0.038462 -0.692308 0.600000 8601 8959 7361
