0.000000 0.000000 0.000000 0.000000 0.000000 0.000000
-1.576923 -0.080000 0.500000 0.000000 0.000000 0.000000
-1.576923 -0.080000 0.500000 0.000000 0.000000 0.000000
-1.846154 0.040000 0.692308 819.150024 819.150024 819.150024
-1.923077 0.120000 0.769231 819.150024 819.150024 819.150024
-1.923077 0.120000 0.769231 819.150024 819.150024 819.150024
-1.653846 0.640000 1.000000 819.150024 819.150024 819.150024
-1.500000 0.800000 1.038462 819.150024 819.150024 819.150024
-1.500000 0.800000 1.038462 819.150024 819.150024 819.150024
-1.500000 1.000000 1.192308 16.000000 17.750000 482.899994
-1.500000 1.080000 1.192308 443.799988 438.899994 241.000000
-1.500000 1.080000 1.192308 443.799988 438.899994 241.000000
-1.269231 1.320000 1.230769 447.350006 433.850006 186.350006
-1.076923 1.440000 1.230769 0.000000 0.000000 0.000000
-1.076923 1.440000 1.230769 0.000000 0.000000 0.000000
-0.500000 1.640000 1.115385 0.000000 0.000000 0.000000
-0.346154 1.640000 1.076923 -29.450001 82.650002 -6.000000
-0.346154 1.640000 1.076923 -29.450001 82.650002 -6.000000
-0.384615 1.560000 1.230769 0.000000 0.000000 0.000000
-0.346154 1.560000 1.307692 23.799999 62.900002 -4.500000
-0.346154 1.560000 1.307692 23.799999 62.900002 -4.500000
0.000000 1.520000 1.307692 0.000000 0.000000 0.000000
0.076923 1.480000 1.269231 30.400000 -103.800003 62.750000
0.076923 1.480000 1.269231 30.400000 -103.800003 62.750000
0.423077 1.280000 1.115385 0.000000 0.000000 0.000000
0.500000 1.160000 1.038462 4.450000 -88.150002 -226.649994
0.500000 1.160000 1.038462 4.450000 -88.150002 -226.649994
0.692308 0.960000 0.961538 487.399994 342.399994 118.500000
0.730769 0.920000 0.923077 469.100006 356.399994 167.649994
0.769231 0.880000 0.923077 464.500000 362.350006 178.000000
0.769231 0.880000 0.923077 464.500000 362.350006 178.000000
1.230769 0.880000 1.038462 464.000000 362.750000 189.350006
1.307692 0.840000 1.038462 0.000000 0.000000 0.000000
1.307692 0.840000 1.038462 0.000000 0.000000 0.000000
1.461538 0.720000 1.038462 0.000000 0.000000 0.000000
1.461538 0.640000 1.038462 -6.250000 -16.299999 86.949997
1.461538 0.640000 1.038462 -6.250000 -16.299999 86.949997
1.384615 0.560000 1.038462 0.000000 0.000000 0.000000
1.346154 0.560000 1.076923 -11.100000 13.200000 59.549999
1.346154 0.560000 1.076923 -11.100000 13.200000 59.549999
1.192308 0.560000 1.153846 0.000000 0.000000 0.000000
1.076923 0.560000 1.192308 -14.700000 12.200000 58.200001
1.000000 0.600000 1.192308 -16.200001 5.750000 73.750000
1.000000 0.600000 1.192308 -16.200001 5.750000 73.750000
0.846154 0.760000 1.230769 0.000000 0.000000 0.000000
0.807692 0.800000 1.269231 -6.600000 2.550000 44.599998
0.730769 0.880000 1.346154 -20.450001 18.100000 79.800003
0.730769 0.880000 1.346154 -20.450001 18.100000 79.800003
0.307692 0.880000 1.307692 0.000000 0.000000 0.000000
0.115385 0.840000 1.230769 -30.150000 -7.550000 63.599998
0.115385 0.840000 1.230769 -30.150000 -7.550000 63.599998
-0.115385 0.880000 1.038462 0.000000 0.000000 0.000000
-0.192308 0.880000 1.038462 24.799999 -50.700001 29.049999
-0.192308 0.880000 1.038462 24.799999 -50.700001 29.049999
-0.269231 0.960000 1.038462 0.000000 0.000000 0.000000
-0.307692 1.000000 1.038462 8.250000 10.000000 0.650000
-0.307692 1.000000 1.038462 8.250000 10.000000 0.650000
-0.153846 1.200000 1.076923 0.000000 0.000000 0.000000
-0.115385 1.320000 1.115385 -6.250000 28.350000 -1413.250000
-0.115385 1.320000 1.115385 -6.250000 28.350000 -1413.250000
-0.115385 1.520000 1.115385 0.000000 0.000000 0.000000
-0.153846 1.560000 1.038462 -45.299999 9.400000 55.750000
-0.153846 1.560000 1.038462 -45.299999 9.400000 55.750000
-0.500000 1.440000 0.884615 0.000000 0.000000 0.000000
-0.576923 1.400000 0.846154 40.799999 -46.299999 14.500000
-0.576923 1.400000 0.846154 40.799999 -46.299999 14.500000
-1.038462 1.000000 0.961538 0.000000 0.000000 0.000000
-1.230769 0.840000 0.923077 -10.250000 65.550003 -70.500000
-1.230769 0.840000 0.923077 -10.250000 65.550003 -70.500000
-1.423077 0.520000 0.923077 0.000000 0.000000 0.000000
-1.538462 0.400000 0.923077 -2.350000 17.750000 220.949997
-1.538462 0.400000 0.923077 -2.350000 17.750000 220.949997
-1.576923 0.240000 0.807692 0.000000 0.000000 0.000000
-1.576923 0.200000 0.769231 14.350000 -25.049999 -80.949997
-1.576923 0.200000 0.769231 20.500000 -21.049999 -107.099998
-1.576923 0.200000 0.769231 20.500000 -21.049999 -107.099998
-1.653846 0.080000 0.846154 0.000000 0.000000 0.000000
-1.615385 0.080000 0.807692 2.350000 5.900000 -83.300003
-1.615385 0.080000 0.807692 5.850000 0.650000 -108.000000
-1.615385 0.080000 0.807692 5.850000 0.650000 -108.000000
-1.461538 0.120000 0.730769 0.000000 0.000000 0.000000
-1.384615 0.120000 0.730769 21.950001 -31.450001 -65.949997
-1.384615 0.120000 0.730769 21.950001 -31.450001 -65.949997
-1.153846 0.240000 0.730769 0.000000 0.000000 0.000000
-1.076923 0.280000 0.769231 14.800000 7.650000 -50.950001
-1.076923 0.280000 0.807692 19.600000 14.700000 -68.849998
-1.076923 0.280000 0.807692 19.600000 14.700000 -68.849998
-1.000000 0.400000 0.961538 0.000000 0.000000 0.000000
-0.961538 0.440000 1.000000 8.600000 3.300000 -44.900002
-0.961538 0.440000 1.000000 8.600000 3.300000 -44.900002
-0.846154 0.520000 1.076923 442.149994 395.500000 191.100006
-0.769231 0.560000 1.076923 440.500000 382.500000 153.899994
-0.769231 0.560000 1.076923 440.500000 382.500000 153.899994
-0.576923 0.640000 1.038462 436.750000 381.799988 141.300003
-0.576923 0.640000 1.038462 425.600006 401.750000 115.349998
-0.576923 0.640000 1.038462 425.600006 401.750000 115.349998
-0.461538 0.640000 1.038462 424.899994 407.600006 106.849998
-0.423077 0.680000 1.038462 431.850006 417.899994 74.199997
-0.346154 0.720000 1.076923 431.850006 428.899994 63.049999
-0.346154 0.720000 1.076923 431.850006 428.899994 63.049999
-0.269231 0.840000 1.115385 429.049988 443.049988 54.150002
-0.230769 0.840000 1.153846 422.500000 485.899994 32.200001
-0.230769 0.840000 1.153846 422.500000 485.899994 32.200001
-0.192308 0.880000 1.192308 422.450012 485.799988 30.500000
-0.153846 0.920000 1.153846 427.950012 450.399994 33.400002
-0.153846 0.920000 1.153846 427.950012 450.399994 33.400002
0.076923 0.920000 1.115385 429.100006 436.899994 36.799999
0.115385 0.920000 1.076923 417.799988 430.100006 57.950001
0.192308 0.880000 1.000000 415.549988 435.250000 62.950001
0.192308 0.880000 1.000000 415.549988 435.250000 62.950001
0.230769 0.800000 1.000000 413.649994 447.950012 70.000000
0.269231 0.760000 1.038462 421.700012 460.700012 84.300003
0.346154 0.760000 1.076923 427.600006 449.700012 86.750000
0.346154 0.760000 1.076923 427.600006 449.700012 86.750000
1.000000 0.920000 1.153846 430.899994 431.750000 92.500000
1.153846 0.880000 1.153846 424.149994 394.200012 164.000000
1.153846 0.880000 1.153846 424.149994 394.200012 164.000000
