-1.384615 0.080000 1.153846 7582 8589 9696
-1.615385 0.040000 1.076923 7689 8446 9215
-1.653846 -0.040000 1.076923 7802 8244 8417
-1.653846 -0.040000 1.076923 7802 8244 8417
-1.538462 -0.120000 1.115385 7827 8216 7684
-1.538462 -0.080000 1.076923 7586 8442 5720
-1.500000 0.040000 1.038462 7609 8325 5175
-1.500000 0.040000 1.038462 7609 8325 5175
-1.500000 0.240000 1.192308 7692 8165 4664
-1.538462 0.280000 1.230769 7663 7617 3274
-1.538462 0.360000 1.192308 7476 7453 2703
-1.538462 0.360000 1.192308 7476 7453 2703
-1.346154 0.640000 0.884615 7322 7317 2112
-1.230769 0.760000 0.807692 7384 7189 6491
-1.115385 0.880000 0.769231 7426 7286 6396
-1.115385 0.880000 0.769231 7426 7286 6396
-0.884615 1.160000 0.692308 7438 7477 6318
-0.730769 1.280000 0.692308 7531 8126 6093
-0.730769 1.280000 0.692308 7531 8126 6093
-0.153846 1.600000 0.846154 7653 8384 6056
0.076923 1.640000 0.884615 7996 8596 6106
0.076923 1.640000 0.884615 7996 8596 6106
0.692308 1.640000 0.807692 8097 8488 6184
0.923077 1.640000 0.807692 8590 7814 803
1.076923 1.640000 0.807692 8810 7650 1482
1.076923 1.640000 0.807692 8810 7650 1482
1.423077 1.560000 1.153846 8957 7626 2179
1.500000 1.560000 1.269231 8655 7678 4216
1.500000 1.560000 1.269231 8655 7678 4216
1.692308 1.480000 1.307692 8213 7900 4943
1.692308 1.440000 1.192308 6923 8579 7123
1.692308 1.400000 1.076923 6713 8605 7836
1.692308 1.400000 1.076923 6713 8605 7836
1.653846 1.320000 0.769231 6651 8474 8551
1.576923 1.280000 0.692308 6995 8444 10765
1.500000 1.280000 0.653846 7198 8384 11560
1.500000 1.280000 0.653846 7198 8384 11560
1.192308 1.400000 0.615385 7426 8344 12347
1.038462 1.480000 0.653846 8155 8310 14726
0.923077 1.560000 0.653846 8366 8301 15537
0.923077 1.560000 0.653846 8366 8301 15537
0.576923 1.960000 0.692308 8581 8272 9944
0.423077 2.080000 0.730769 8949 8516 10474
0.423077 2.080000 0.730769 8949 8516 10474
-0.500000 2.440000 1.115385 8971 8676 10667
-1.038462 2.360000 1.346154 8653 8768 11052
-1.538462 2.080000 1.461538 8420 8440 11040
-1.538462 2.080000 1.461538 8420 8440 11040
-2.153846 1.040000 1.346154 8040 8195 10907
-2.153846 0.760000 1.115385 6539 9224 10160
-2.076923 0.560000 0.846154 6283 9715 9891
-2.076923 0.560000 0.846154 6283 9715 9891
-1.769231 0.360000 0.807692 6479 9998 15043
-1.807692 0.320000 1.000000 7264 9840 13306
-1.807692 0.320000 1.000000 7264 9840 13306
-2.269231 0.040000 1.153846 7315 9679 12976
-2.384615 -0.080000 1.038462 6578 8985 10911
-2.384615 -0.080000 1.038462 6578 8985 10911
-2.115385 -0.200000 0.692308 6612 8656 9859
-1.923077 -0.120000 0.692308 7739 7505 6897
-1.923077 -0.120000 0.692308 7739 7505 6897
-1.461538 0.120000 0.807692 7993 7213 6155
-1.423077 0.160000 0.846154 8065 7104 4697
-1.423077 0.240000 0.884615 7994 7189 4222
-1.423077 0.240000 0.884615 7994 7189 4222
-1.346154 0.440000 0.846154 7924 7244 3701
-1.307692 0.560000 0.807692 7900 7383 1989
-1.307692 0.560000 0.807692 7900 7383 1989
-1.076923 0.760000 0.846154 7918 7452 1476
-1.038462 0.840000 0.846154 7937 7679 6453
-1.038462 0.840000 0.846154 7937 7679 6453
-0.769231 1.080000 0.730769 7936 7735 6366
-0.730769 1.120000 0.769231 8135 8055 6190
-0.615385 1.240000 0.769231 8221 8123 6135
-0.615385 1.240000 0.769231 8221 8123 6135
-0.115385 1.520000 0.884615 8358 8166 6082
0.153846 1.600000 0.923077 8848 7806 6096
0.153846 1.600000 0.923077 8848 7806 6096
1.269231 1.760000 1.230769 9034 7330 6164
