-0.230769 0.040000 1.038462 0.800000 24.299999 189.350006
-0.538462 0.000000 1.115385 -5.450000 23.500000 188.649994
-0.807692 -0.040000 1.230769 -14.100000 28.350000 178.500000
-1.115385 -0.040000 1.384615 -24.750000 40.450001 162.449997
-1.115385 -0.040000 1.384615 -24.750000 40.450001 162.449997
-2.384615 -0.280000 1.269231 0.000000 0.000000 0.000000
-2.846154 -0.400000 1.153846 -20.799999 58.349998 -123.599998
-3.115385 -0.360000 1.076923 -10.700000 34.900002 -196.899994
-3.115385 -0.360000 1.076923 -10.700000 34.900002 -196.899994
-3.000000 0.320000 0.884615 363.450012 445.799988 129.649994
-2.769231 0.680000 0.807692 0.000000 0.000000 0.000000
-2.769231 0.680000 0.807692 0.000000 0.000000 0.000000
-2.076923 1.680000 0.653846 0.000000 0.000000 0.000000
-1.692308 2.040000 0.653846 21.700001 -34.849998 -126.750000
-1.269231 2.360000 0.692308 24.500000 -37.299999 -148.000000
-1.269231 2.360000 0.692308 24.500000 -37.299999 -148.000000
0.153846 2.840000 0.807692 0.000000 0.000000 0.000000
0.461538 2.840000 0.769231 -10.750000 10.950000 116.000000
0.461538 2.840000 0.769231 -10.750000 10.950000 116.000000
1.153846 2.680000 0.653846 0.000000 0.000000 0.000000
1.346154 2.560000 0.730769 49.049999 -55.950001 -250.750000
1.346154 2.560000 0.730769 49.049999 -55.950001 -250.750000
1.692308 2.280000 1.038462 462.600006 295.149994 95.650002
1.807692 2.240000 1.076923 442.399994 323.049988 233.550003
1.807692 2.240000 1.076923 442.399994 323.049988 233.550003
2.000000 1.920000 1.038462 0.000000 0.000000 0.000000
1.923077 1.760000 0.923077 -53.900002 41.099998 145.800003
1.923077 1.760000 0.923077 -53.900002 41.099998 145.800003
1.538462 1.320000 0.500000 0.000000 0.000000 0.000000
1.500000 1.280000 0.423077 1.900000 19.200001 94.400002
1.500000 1.280000 0.423077 1.900000 19.200001 94.400002
1.307692 1.280000 0.384615 0.000000 0.000000 0.000000
1.307692 1.400000 0.384615 27.299999 21.500000 97.099998
1.307692 1.480000 0.423077 36.299999 25.049999 139.699997
1.307692 1.480000 0.423077 36.299999 25.049999 139.699997
0.961538 1.920000 0.346154 0.000000 0.000000 0.000000
0.769231 2.080000 0.384615 30.850000 3.300000 158.250000
0.538462 2.240000 0.423077 46.000000 -3.400000 206.000000
0.538462 2.240000 0.423077 46.000000 -3.400000 206.000000
-0.384615 2.680000 0.730769 0.000000 0.000000 0.000000
-0.769231 2.680000 0.961538 47.400002 -29.799999 86.250000
-1.153846 2.560000 1.192308 45.650002 -37.349998 89.500000
-1.153846 2.560000 1.192308 45.650002 -37.349998 89.500000
-2.384615 1.560000 1.384615 0.000000 0.000000 0.000000
-2.692308 1.120000 1.269231 -83.300003 71.800003 -163.250000
-2.846154 0.840000 1.153846 -93.099998 86.349998 -248.250000
-2.846154 0.840000 1.153846 -93.099998 86.349998 -248.250000
-2.884615 0.400000 1.384615 0.000000 0.000000 0.000000
-2.884615 0.280000 1.423077 -4.600000 -19.200001 119.650002
-3.076923 0.240000 1.423077 -9.200000 -30.500000 76.300003
-3.076923 0.240000 1.423077 -9.200000 -30.500000 76.300003
-2.692308 0.240000 1.115385 0.000000 0.000000 0.000000
-2.615385 0.200000 1.038462 4.000000 -66.050003 -147.750000
-2.615385 0.200000 1.038462 4.000000 -66.050003 -147.750000
-2.730769 0.120000 0.692308 0.000000 0.000000 0.000000
-2.615385 0.240000 0.576923 17.000000 -12.150000 -198.000000
-2.461539 0.480000 0.538462 35.299999 -15.950000 -269.500000
-2.461539 0.480000 0.538462 35.299999 -15.950000 -269.500000
-2.230769 1.200000 0.692308 0.000000 0.000000 0.000000
-2.230769 1.520000 0.692308 23.549999 31.950001 -197.250000
-2.192308 1.920000 0.730769 27.700001 56.250000 -264.750000
-2.192308 1.920000 0.730769 27.700001 56.250000 -264.750000
-1.384615 3.120000 0.923077 452.799988 427.100006 1234.500000
-0.923077 3.320000 1.000000 448.000000 449.200012 1164.250000
-0.269231 3.400000 1.115385 448.799988 438.350006 1195.000000
-0.269231 3.400000 1.115385 448.799988 438.350006 1195.000000
1.384615 3.000000 0.961538 0.000000 0.000000 0.000000
