-1.307692 0.120000 1.269231 -65.449997 136.399994 127.900002
-1.500000 0.080000 1.307692 -78.949997 131.899994 104.500000
-1.615385 0.080000 1.346154 -82.750000 121.300003 73.099998
-1.615385 0.080000 1.346154 -82.750000 121.300003 73.099998
-2.307692 0.080000 1.230769 0.000000 0.000000 0.000000
-2.615385 0.080000 1.230769 -24.950001 44.799999 -135.500000
-2.846154 0.160000 1.230769 -24.150000 41.900002 -202.649994
-2.846154 0.160000 1.230769 -24.150000 41.900002 -202.649994
-3.115385 0.560000 1.230769 373.899994 423.299988 123.199997
-3.076923 0.760000 1.076923 0.000000 0.000000 0.000000
-3.076923 0.760000 1.076923 0.000000 0.000000 0.000000
-2.769231 1.760000 0.346154 0.000000 0.000000 0.000000
-2.384615 2.280000 0.192308 33.700001 -52.750000 -205.250000
-2.384615 2.280000 0.192308 33.700001 -52.750000 -205.250000
-0.807692 3.480000 0.461538 415.899994 322.299988 1192.750000
-0.230769 3.720000 0.615385 415.549988 363.299988 1210.000000
0.538462 3.880000 0.730769 0.000000 0.000000 0.000000
0.538462 3.880000 0.730769 0.000000 0.000000 0.000000
2.576923 3.960000 0.730769 0.000000 0.000000 0.000000
3.153846 4.040000 0.807692 19.700001 -54.500000 -214.199997
3.538461 4.040000 1.038462 0.550000 -9.200000 -107.650002
3.538461 4.040000 1.038462 0.550000 -9.200000 -107.650002
4.115385 3.880000 1.192308 0.000000 0.000000 0.000000
4.192307 3.680000 1.038462 -83.900002 69.250000 279.250000
4.192307 3.680000 1.038462 -83.900002 69.250000 279.250000
2.884615 3.160000 0.192308 0.000000 0.000000 0.000000
2.384615 3.040000 -0.076923 39.700001 -1.100000 -583.750000
1.923077 3.040000 -0.153846 74.250000 -13.750000 -504.750000
1.923077 3.040000 -0.153846 74.250000 -13.750000 -504.750000
0.269231 3.400000 0.038462 0.000000 0.000000 0.000000
-0.384615 3.480000 0.230769 52.299999 12.100000 163.000000
-1.076923 3.400000 0.423077 62.250000 7.250000 187.000000
-1.076923 3.400000 0.423077 62.250000 7.250000 187.000000
-2.769231 2.480000 0.730769 0.000000 0.000000 0.000000
-3.076923 2.160000 0.846154 -0.700000 6.850000 -144.500000
-3.423077 1.840000 1.153846 -2.100000 27.500000 -213.500000
-3.423077 1.840000 1.153846 -2.100000 27.500000 -213.500000
-4.000000 1.120000 1.769231 0.000000 0.000000 0.000000
-4.346154 0.840000 1.923077 -63.099998 18.299999 211.199997
-4.653846 0.600000 1.923077 -88.050003 30.400000 140.600006
-4.653846 0.600000 1.923077 -88.050003 30.400000 140.600006
-4.000000 0.280000 1.269231 0.000000 0.000000 0.000000
-3.769231 0.240000 1.115385 22.350000 -117.449997 -258.399994
-3.576923 0.200000 0.846154 17.500000 -123.949997 -336.450012
-3.576923 0.200000 0.846154 17.500000 -123.949997 -336.450012
-3.192308 0.720000 0.615385 354.350006 349.750000 116.849998
-3.230769 0.880000 0.615385 0.000000 0.000000 0.000000
-3.346154 1.120000 0.461538 5.750000 -10.550000 -98.500000
-3.346154 1.120000 0.461538 5.750000 -10.550000 -98.500000
-2.538461 3.320000 0.153846 0.000000 0.000000 0.000000
-1.807692 3.920000 0.461538 28.799999 -4.050000 -219.500000
-1.153846 4.160000 0.769231 -0.600000 42.200001 -211.250000
-1.153846 4.160000 0.769231 -0.600000 42.200001 -211.250000
1.230769 4.320000 0.500000 387.250000 380.200012 1099.500000
1.884615 4.080000 0.384615 0.000000 0.000000 0.000000
