-1.000000 0.120000 1.115385 -59.400002 94.750000 101.599998
-1.000000 0.160000 0.961538 -59.250000 88.949997 77.500000
-1.000000 0.160000 0.961538 -59.250000 88.949997 77.500000
-0.884615 0.240000 1.000000 0.000000 0.000000 0.000000
-0.961538 0.240000 1.000000 -12.600000 51.400002 -59.849998
-1.076923 0.200000 1.038462 -16.700001 69.599998 -80.949997
-1.076923 0.200000 1.038462 -16.700001 69.599998 -80.949997
-1.230769 0.360000 1.192308 0.000000 0.000000 0.000000
-1.230769 0.400000 1.230769 9.700000 -54.250000 -68.849998
-1.269231 0.400000 1.153846 4.500000 -63.650002 -84.199997
-1.269231 0.400000 1.153846 4.500000 -63.650002 -84.199997
-1.384615 0.480000 0.961538 391.149994 365.950012 151.949997
-1.384615 0.560000 0.961538 396.049988 345.649994 77.349998
-1.423077 0.600000 0.884615 392.850006 350.549988 47.650002
-1.423077 0.600000 0.884615 392.850006 350.549988 47.650002
-1.307692 1.000000 0.807692 0.000000 0.000000 0.000000
-1.153846 1.160000 0.846154 -3.550000 23.600000 -109.000000
-1.000000 1.320000 0.884615 -9.000000 40.500000 -129.750000
-1.000000 1.320000 0.884615 -9.000000 40.500000 -129.750000
-0.500000 1.640000 0.846154 0.000000 0.000000 0.000000
-0.346154 1.680000 0.807692 9.700000 -9.550000 5.250000
-0.346154 1.680000 0.807692 9.700000 -9.550000 5.250000
0.038462 1.600000 0.807692 0.000000 0.000000 0.000000
0.192308 1.600000 0.769231 21.900000 -30.500000 82.250000
0.192308 1.600000 0.769231 21.900000 -30.500000 82.250000
0.769231 1.440000 0.846154 0.000000 0.000000 0.000000
0.923077 1.360000 0.923077 -17.200001 32.049999 -183.199997
0.923077 1.320000 1.000000 -33.000000 59.700001 -130.149994
0.923077 1.320000 1.000000 -33.000000 59.700001 -130.149994
0.653846 1.000000 0.846154 373.750000 431.549988 237.149994
0.653846 0.880000 0.769231 0.000000 0.000000 0.000000
0.730769 0.840000 0.769231 19.450001 -30.100000 5.750000
0.730769 0.840000 0.769231 19.450001 -30.100000 5.750000
1.000000 0.840000 0.923077 0.000000 0.000000 0.000000
1.076923 0.880000 0.961538 -19.049999 47.000000 14.300000
1.115385 0.920000 1.000000 -28.100000 65.000000 22.299999
1.115385 0.920000 1.000000 -28.100000 65.000000 22.299999
1.346154 1.080000 1.192308 0.000000 0.000000 0.000000
1.384615 1.080000 1.192308 -25.750000 23.900000 64.449997
1.384615 1.080000 1.115385 -32.150002 25.049999 91.900002
1.384615 1.080000 1.115385 -32.150002 25.049999 91.900002
1.346154 1.080000 1.115385 0.000000 0.000000 0.000000
1.307692 1.120000 1.115385 1.800000 -8.000000 89.349998
1.307692 1.120000 1.115385 1.800000 -8.000000 89.349998
1.192308 1.200000 1.076923 0.000000 0.000000 0.000000
1.153846 1.240000 1.076923 -17.400000 6.200000 80.900002
1.153846 1.240000 1.076923 -17.400000 6.200000 80.900002
0.961538 1.320000 0.923077 0.000000 0.000000 0.000000
0.846154 1.360000 0.884615 -0.750000 2.600000 89.099998
0.730769 1.400000 0.807692 -1.550000 3.000000 -998.500000
0.730769 1.400000 0.807692 -1.550000 3.000000 -998.500000
0.307692 1.600000 0.653846 0.000000 0.000000 0.000000
0.192308 1.680000 0.615385 26.750000 -12.450000 78.500000
0.076923 1.760000 0.576923 37.650002 -15.450000 109.500000
0.076923 1.760000 0.576923 37.650002 -15.450000 109.500000
-0.615385 1.760000 0.653846 0.000000 0.000000 0.000000
-0.884615 1.680000 0.769231 17.299999 6.300000 32.500000
-1.115385 1.520000 0.846154 16.600000 5.250000 14.750000
-1.115385 1.520000 0.846154 16.600000 5.250000 14.750000
-1.538462 1.000000 0.807692 0.000000 0.000000 0.000000
-1.576923 0.960000 0.769231 -6.150000 31.200001 -132.750000
-1.538462 0.960000 0.846154 -6.950000 54.099998 -174.250000
-1.538462 0.960000 0.846154 -6.950000 54.099998 -174.250000
-1.576923 0.840000 1.153846 0.000000 0.000000 0.000000
-1.730769 0.760000 1.230769 -9.650000 -17.150000 -58.450001
-1.846154 0.720000 1.269231 -19.150000 -34.849998 -84.800003
-1.846154 0.720000 1.269231 -19.150000 -34.849998 -84.800003
-2.538461 0.200000 1.038462 0.000000 0.000000 0.000000
-2.346154 0.160000 0.961538 -25.100000 -20.500000 -174.149994
-2.153846 0.120000 0.923077 -15.950000 -44.349998 -223.500000
-2.153846 0.120000 0.923077 -15.950000 -44.349998 -223.500000
-1.730769 0.200000 0.769231 0.000000 0.000000 0.000000
-1.692308 0.280000 0.692308 8.650000 -20.299999 -107.349998
-1.692308 0.280000 0.692308 8.650000 -20.299999 -107.349998
-2.269231 0.360000 0.884615 0.000000 0.000000 0.000000
-2.538461 0.400000 0.884615 -1.750000 51.250000 -154.399994
-2.730769 0.520000 0.846154 0.000000 63.950001 -227.850006
-2.730769 0.520000 0.846154 0.000000 63.950001 -227.850006
-2.884615 1.360000 0.846154 0.000000 0.000000 0.000000
-2.923077 1.640000 0.769231 36.150002 -40.500000 -234.000000
-2.923077 1.640000 0.769231 36.150002 -40.500000 -234.000000
-2.269231 3.000000 0.384615 451.000000 367.200012 1246.250000
-1.692308 3.400000 0.461538 477.799988 318.600006 1117.250000
-1.692308 3.400000 0.461538 477.799988 318.600006 1117.250000
-0.038462 3.680000 0.923077 471.049988 338.000000 1134.250000
