-2.115385 0.120000 1.115385 -66.449997 150.800003 164.949997
-2.269231 0.080000 1.153846 -71.300003 140.399994 117.199997
-2.307692 0.080000 1.153846 -72.199997 129.199997 64.349998
-2.307692 0.080000 1.153846 -72.199997 129.199997 64.349998
-2.307692 0.280000 1.000000 0.000000 0.000000 0.000000
-2.269231 0.360000 0.961538 11.600000 -15.450000 -129.949997
-2.269231 0.360000 0.961538 11.600000 -15.450000 -129.949997
-2.115385 0.680000 0.923077 393.549988 390.450012 166.149994
-2.076923 0.760000 0.923077 399.100006 402.950012 50.450001
-2.076923 0.840000 0.961538 0.000000 0.000000 0.000000
-2.076923 0.840000 0.961538 0.000000 0.000000 0.000000
-1.730769 1.280000 0.692308 0.000000 0.000000 0.000000
-1.538462 1.560000 0.538462 28.549999 -64.300003 -123.750000
-1.538462 1.560000 0.538462 28.549999 -64.300003 -123.750000
-0.576923 2.200000 0.500000 0.000000 0.000000 0.000000
-0.346154 2.280000 0.576923 -1.800000 36.849998 -17.500000
-0.115385 2.400000 0.692308 -12.000000 60.099998 -5.000000
-0.115385 2.400000 0.692308 -12.000000 60.099998 -5.000000
1.000000 2.520000 0.769231 0.000000 0.000000 0.000000
1.384615 2.520000 0.769231 36.150002 -64.500000 146.500000
1.384615 2.520000 0.769231 36.150002 -64.500000 146.500000
2.269231 2.400000 1.115385 479.649994 293.899994 33.450001
2.346154 2.320000 1.230769 450.549988 309.399994 223.000000
2.346154 2.320000 1.230769 450.549988 309.399994 223.000000
2.653846 2.280000 1.461538 0.000000 0.000000 0.000000
2.769231 2.200000 1.423077 -92.050003 79.500000 124.650002
2.769231 2.200000 1.423077 -92.050003 79.500000 124.650002
2.538461 1.880000 0.807692 0.000000 0.000000 0.000000
2.346154 1.800000 0.692308 -20.049999 29.000000 162.100006
2.346154 1.800000 0.692308 -20.049999 29.000000 162.100006
1.538462 1.600000 0.576923 0.000000 0.000000 0.000000
1.269231 1.560000 0.500000 21.000000 -14.300000 -852.500000
1.000000 1.520000 0.461538 21.400000 -13.100000 -816.250000
1.000000 1.520000 0.461538 21.400000 -13.100000 -816.250000
0.269231 1.640000 0.230769 0.000000 0.000000 0.000000
0.153846 1.800000 0.192308 34.950001 -20.700001 78.000000
0.000000 2.040000 0.192308 59.700001 -34.500000 119.000000
0.000000 2.040000 0.192308 59.700001 -34.500000 119.000000
-1.000000 2.560000 0.769231 0.000000 0.000000 0.000000
-1.538462 2.480000 1.192308 58.299999 -21.700001 122.500000
-2.153846 2.160000 1.500000 39.799999 -27.900000 122.750000
-2.153846 2.160000 1.500000 39.799999 -27.900000 122.750000
-3.230769 0.840000 1.115385 0.000000 0.000000 0.000000
-3.153846 0.600000 0.769231 -93.900002 77.300003 -262.500000
-3.038461 0.480000 0.615385 -79.750000 95.000000 209.149994
-3.038461 0.480000 0.615385 -79.750000 95.000000 209.149994
-3.423077 0.080000 1.076923 0.000000 0.000000 0.000000
-2.730769 0.280000 1.192308 28.650000 -51.799999 -246.100006
-2.346154 0.400000 1.115385 19.350000 -59.549999 -276.899994
-2.346154 0.400000 1.115385 19.350000 -59.549999 -276.899994
-1.769231 0.240000 0.730769 0.000000 0.000000 0.000000
-1.846154 0.120000 0.730769 16.350000 -36.549999 -66.099998
-1.923077 -0.040000 0.692308 24.000000 -47.450001 -107.000000
-1.923077 -0.040000 0.692308 24.000000 -47.450001 -107.000000
-1.961538 0.080000 0.692308 404.700012 365.500000 245.500000
-1.846154 0.360000 0.692308 447.649994 371.549988 57.200001
-1.846154 0.360000 0.692308 447.649994 371.549988 57.200001
-1.500000 0.840000 0.807692 0.000000 0.000000 0.000000
-1.576923 1.000000 0.846154 23.549999 25.350000 -144.000000
-1.692308 1.160000 0.807692 28.750000 13.550000 -198.750000
-1.692308 1.160000 0.807692 28.750000 13.550000 -198.750000
-1.230769 2.400000 0.423077 0.000000 0.000000 0.000000
-0.653846 2.840000 0.500000 28.000000 -87.300003 -127.750000
