-1.423077 0.120000 0.923077 45.099998 -47.349998 98.900002
-1.384615 0.160000 0.923077 41.849998 -41.700001 76.750000
-1.461538 0.120000 0.884615 36.799999 -29.250000 52.599998
-1.461538 0.120000 0.884615 36.799999 -29.250000 52.599998
-1.692308 0.160000 0.961538 0.000000 0.000000 0.000000
-1.730769 0.120000 1.000000 20.200001 -19.700001 -97.500000
-1.807692 0.160000 0.961538 19.500000 -21.600000 -134.750000
-1.807692 0.160000 0.961538 19.500000 -21.600000 -134.750000
-2.000000 0.360000 0.884615 409.649994 400.750000 155.850006
-1.884615 0.520000 0.846154 0.000000 0.000000 0.000000
-1.769231 0.720000 0.846154 6.850000 -4.650000 -56.500000
-1.769231 0.720000 0.846154 6.850000 -4.650000 -56.500000
-1.384615 1.320000 0.730769 0.000000 0.000000 0.000000
-1.269231 1.520000 0.692308 20.600000 -27.950001 -123.250000
-1.269231 1.520000 0.692308 20.600000 -27.950001 -123.250000
-0.615385 2.360000 0.692308 0.000000 0.000000 0.000000
-0.230769 2.520000 0.769231 28.350000 -58.900002 -33.250000
0.076923 2.640000 0.884615 15.800000 -54.950001 -16.000000
0.076923 2.640000 0.884615 15.800000 -54.950001 -16.000000
0.653846 2.760000 0.807692 0.000000 0.000000 0.000000
0.923077 2.760000 0.769231 -9.650000 -5.250000 102.000000
1.230769 2.880000 0.807692 -15.400000 -10.100000 147.000000
1.230769 2.880000 0.807692 -15.400000 -10.100000 147.000000
2.769231 2.960000 1.269231 0.000000 0.000000 0.000000
3.076923 2.880000 1.384615 -86.000000 96.599998 -78.199997
3.153846 2.760000 1.384615 -109.150002 97.000000 48.099998
3.153846 2.760000 1.384615 -109.150002 97.000000 48.099998
2.269231 2.360000 0.807692 0.000000 0.000000 0.000000
1.846154 2.240000 0.615385 -36.599998 23.549999 280.000000
1.538462 2.200000 0.461538 -31.450001 24.299999 100.500000
1.538462 2.200000 0.461538 -31.450001 24.299999 100.500000
0.923077 2.320000 0.230769 0.000000 0.000000 0.000000
0.769231 2.440000 0.230769 37.450001 12.850000 165.500000
0.769231 2.440000 0.230769 37.450001 12.850000 165.500000
-0.038462 3.080000 0.384615 0.000000 0.000000 0.000000
-0.461538 3.320000 0.500000 59.950001 -27.700001 168.500000
-0.461538 3.320000 0.500000 59.950001 -27.700001 168.500000
-1.923077 3.320000 1.307692 0.000000 0.000000 0.000000
-2.500000 2.760000 1.769231 71.300003 -63.799999 8.500000
-2.961539 2.040000 1.884615 18.850000 -27.450001 -62.000000
-2.961539 2.040000 1.884615 18.850000 -27.450001 -62.000000
-3.423077 0.600000 0.538462 0.000000 0.000000 0.000000
-3.346154 0.400000 0.384615 -29.799999 119.150002 -354.000000
-3.346154 0.400000 0.384615 -29.799999 119.150002 -354.000000
-2.961539 0.400000 1.346154 0.000000 0.000000 0.000000
-3.038461 0.280000 1.538462 3.550000 -13.050000 -200.399994
-3.038461 0.280000 1.538462 3.550000 -13.050000 -200.399994
-3.153846 0.120000 1.038462 0.000000 0.000000 0.000000
-3.076923 0.120000 0.884615 24.900000 -138.100006 -207.149994
-2.961539 0.120000 0.769231 29.850000 -151.300003 -283.049988
-2.961539 0.120000 0.769231 29.850000 -151.300003 -283.049988
-2.923077 0.400000 0.423077 411.399994 335.000000 86.550003
-2.961539 0.680000 0.269231 0.000000 0.000000 0.000000
-2.961539 1.160000 0.115385 29.950001 -8.450000 -111.750000
-2.961539 1.160000 0.115385 29.950001 -8.450000 -111.750000
-1.961538 3.320000 0.230769 512.599976 321.000000 1187.750000
