-1.346154 -0.040000 1.000000 -7.400000 -0.600000 148.550003
-1.384615 -0.040000 1.076923 -12.900000 -2.700000 115.500000
-1.384615 -0.040000 1.076923 -12.900000 -2.700000 115.500000
-1.423077 0.040000 0.884615 0.000000 0.000000 0.000000
-1.384615 0.080000 0.846154 16.700001 -7.350000 -107.699997
-1.346154 0.160000 0.884615 24.450001 -11.800000 -136.750000
-1.346154 0.160000 0.884615 24.450001 -11.800000 -136.750000
-1.461538 0.200000 0.923077 402.899994 406.250000 246.550003
-1.538462 0.200000 0.923077 407.149994 397.700012 160.199997
-1.538462 0.200000 0.923077 407.149994 397.700012 160.199997
-1.461538 0.440000 0.769231 410.149994 395.750000 120.050003
-1.423077 0.600000 0.730769 0.000000 0.000000 0.000000
-1.423077 0.600000 0.730769 0.000000 0.000000 0.000000
-1.115385 1.280000 0.692308 0.000000 0.000000 0.000000
-0.923077 1.480000 0.692308 24.799999 5.650000 -111.750000
-0.923077 1.480000 0.692308 24.799999 5.650000 -111.750000
-0.346154 2.000000 1.000000 0.000000 0.000000 0.000000
-0.153846 2.040000 1.153846 -11.550000 38.549999 4.500000
-0.153846 2.040000 1.153846 -11.550000 38.549999 4.500000
0.346154 1.960000 1.307692 0.000000 0.000000 0.000000
0.500000 1.880000 1.230769 -19.200001 -59.599998 87.500000
0.500000 1.880000 1.230769 -19.200001 -59.599998 87.500000
0.846154 1.720000 1.000000 0.000000 0.000000 0.000000
0.961538 1.680000 1.000000 8.200000 -20.049999 -240.350006
1.115385 1.680000 1.038462 8.550000 -15.450000 -202.500000
1.115385 1.680000 1.038462 8.550000 -15.450000 -202.500000
1.538462 1.680000 1.192308 431.200012 357.250000 149.399994
1.692308 1.680000 1.230769 0.000000 0.000000 0.000000
1.692308 1.680000 1.230769 0.000000 0.000000 0.000000
1.769231 1.640000 1.115385 0.000000 0.000000 0.000000
1.692308 1.640000 1.038462 -12.400000 -6.450000 190.149994
1.692308 1.640000 1.038462 -12.400000 -6.450000 190.149994
1.384615 1.760000 0.884615 0.000000 0.000000 0.000000
1.192308 1.840000 0.884615 -0.550000 6.500000 -615.500000
1.038462 1.920000 0.846154 3.550000 7.350000 -558.750000
1.038462 1.920000 0.846154 3.550000 7.350000 -558.750000
0.538462 2.240000 0.846154 0.000000 0.000000 0.000000
0.346154 2.360000 0.884615 16.650000 8.950000 143.000000
0.153846 2.520000 0.923077 18.549999 13.900000 185.250000
0.153846 2.520000 0.923077 18.549999 13.900000 185.250000
-0.769231 2.600000 1.192308 0.000000 0.000000 0.000000
-1.153846 2.440000 1.384615 -1.600000 -25.200001 40.750000
-1.461538 2.120000 1.538462 -8.800000 -49.200001 17.750000
-1.461538 2.120000 1.538462 -8.800000 -49.200001 17.750000
-1.884615 1.200000 1.192308 0.000000 0.000000 0.000000
-1.923077 0.920000 1.000000 -54.750000 55.400002 -173.250000
-1.961538 0.720000 0.807692 -62.200001 77.449997 -234.000000
-1.961538 0.720000 0.807692 -62.200001 77.449997 -234.000000
-1.923077 0.440000 0.653846 0.000000 0.000000 0.000000
-1.846154 0.440000 0.730769 43.099998 -3.100000 176.250000
-2.000000 0.360000 0.846154 29.049999 25.049999 135.899994
-2.000000 0.360000 0.846154 29.049999 25.049999 135.899994
-2.269231 0.160000 0.576923 0.000000 0.000000 0.000000
-2.153846 0.200000 0.576923 51.599998 -76.300003 -165.500000
-1.961538 0.160000 0.576923 74.500000 -112.449997 -214.800003
-1.961538 0.160000 0.576923 74.500000 -112.449997 -214.800003
-1.461538 0.240000 0.538462 0.000000 0.000000 0.000000
-1.423077 0.320000 0.500000 10.350000 -3.500000 -86.150002
-1.423077 0.320000 0.500000 14.850000 9.150000 -112.900002
-1.423077 0.320000 0.500000 14.850000 9.150000 -112.900002
-1.615385 0.400000 0.730769 434.049988 392.200012 183.050003
-1.653846 0.480000 0.769231 456.299988 434.000000 59.200001
-1.615385 0.640000 0.807692 0.000000 0.000000 0.000000
-1.615385 0.640000 0.807692 0.000000 0.000000 0.000000
-1.230769 1.360000 0.923077 0.000000 0.000000 0.000000
-1.000000 1.520000 0.884615 21.049999 -22.450001 -108.750000
-1.000000 1.520000 0.884615 21.049999 -22.450001 -108.750000
-0.423077 1.920000 1.000000 0.000000 0.000000 0.000000
-0.230769 1.960000 1.115385 1.500000 -5.200000 5.000000
