-0.307692 0.240000 1.076923 -72.250000 32.700001 60.950001
-0.538462 0.200000 1.038462 -80.500000 38.400002 60.349998
-0.538462 0.200000 1.038462 -80.500000 38.400002 60.349998
-1.038462 0.120000 1.076923 0.000000 0.000000 0.000000
-1.192308 0.160000 1.000000 0.000000 -0.650000 -61.849998
-1.346154 0.160000 1.000000 5.650000 -6.000000 -92.500000
-1.346154 0.160000 1.000000 5.650000 -6.000000 -92.500000
-1.576923 0.280000 0.961538 391.100006 376.250000 240.300003
-1.653846 0.320000 0.923077 386.049988 379.750000 142.449997
-1.653846 0.320000 0.923077 386.049988 379.750000 142.449997
-1.615385 0.640000 0.807692 383.500000 385.250000 104.500000
-1.615385 0.760000 0.807692 0.000000 0.000000 0.000000
-1.615385 0.760000 0.807692 0.000000 0.000000 0.000000
-1.346154 1.360000 0.769231 0.000000 0.000000 0.000000
-1.153846 1.600000 0.653846 25.049999 -9.950000 -131.750000
-0.884615 1.840000 0.653846 38.099998 -13.850000 -154.250000
-0.884615 1.840000 0.653846 38.099998 -13.850000 -154.250000
-0.115385 2.240000 0.961538 0.000000 0.000000 0.000000
0.192308 2.240000 1.115385 -7.900000 19.900000 52.250000
0.500000 2.240000 1.153846 -20.450001 27.100000 91.500000
0.500000 2.240000 1.153846 -20.450001 27.100000 91.500000
1.000000 1.960000 1.115385 0.000000 0.000000 0.000000
1.115385 1.840000 1.076923 13.550000 -42.900002 -241.350006
1.307692 1.840000 1.038462 26.350000 -64.300003 -195.149994
1.307692 1.840000 1.038462 26.350000 -64.300003 -195.149994
1.730769 1.720000 1.230769 448.600006 347.100006 152.449997
1.692308 1.680000 1.269231 0.000000 0.000000 0.000000
1.692308 1.640000 1.269231 -18.549999 11.750000 48.599998
1.692308 1.640000 1.269231 -18.549999 11.750000 48.599998
1.500000 1.520000 1.076923 0.000000 0.000000 0.000000
1.500000 1.480000 1.000000 -26.450001 7.150000 114.400002
1.500000 1.480000 1.000000 -26.450001 7.150000 114.400002
1.538462 1.600000 0.730769 0.000000 0.000000 0.000000
1.653846 1.800000 0.730769 -6.900000 12.400000 129.899994
1.730769 1.960000 0.730769 -6.350000 17.900000 196.850006
1.730769 1.960000 0.730769 -6.350000 17.900000 196.850006
1.038462 2.440000 0.615385 0.000000 0.000000 0.000000
0.576923 2.520000 0.615385 31.100000 -20.900000 231.000000
0.576923 2.520000 0.615385 31.100000 -20.900000 231.000000
-0.384615 2.560000 0.884615 0.000000 0.000000 0.000000
-0.653846 2.600000 1.115385 85.050003 -90.449997 29.500000
-0.653846 2.600000 1.115385 85.050003 -90.449997 29.500000
-1.500000 2.040000 1.653846 0.000000 0.000000 0.000000
-1.730769 1.760000 1.615385 -59.799999 56.250000 -71.750000
-1.923077 1.480000 1.461538 -98.400002 102.099998 -123.500000
-1.923077 1.480000 1.461538 -98.400002 102.099998 -123.500000
-1.846154 0.840000 0.807692 0.000000 0.000000 0.000000
-1.730769 0.800000 0.769231 11.100000 29.350000 257.299988
-1.653846 0.760000 0.846154 29.700001 22.200001 219.149994
-1.653846 0.760000 0.846154 29.700001 22.200001 219.149994
-1.653846 0.720000 1.076923 0.000000 0.000000 0.000000
-1.769231 0.680000 1.076923 -33.200001 23.600000 -82.550003
-1.769231 0.680000 1.076923 -33.200001 23.600000 -82.550003
-2.076923 0.400000 0.730769 0.000000 0.000000 0.000000
-2.000000 0.360000 0.653846 15.700000 -46.900002 -157.350006
-2.000000 0.360000 0.653846 15.700000 -46.900002 -157.350006
-1.576923 0.320000 0.653846 0.000000 0.000000 0.000000
-1.538462 0.400000 0.615385 23.200001 -45.250000 -163.800003
-1.538462 0.400000 0.576923 29.350000 -40.349998 -200.800003
-1.538462 0.400000 0.576923 29.350000 -40.349998 -200.800003
-1.538462 0.600000 0.692308 418.149994 371.750000 152.399994
-1.538462 0.720000 0.807692 0.000000 0.000000 0.000000
-1.500000 0.880000 0.884615 4.200000 7.000000 -51.750000
-1.500000 0.880000 0.884615 4.200000 7.000000 -51.750000
-1.269231 1.440000 0.846154 0.000000 0.000000 0.000000
-1.153846 1.640000 0.846154 8.950000 9.850000 -115.000000
-1.153846 1.640000 0.846154 8.950000 9.850000 -115.000000
-0.769231 2.120000 0.846154 0.000000 0.000000 0.000000
-0.500000 2.280000 0.961538 29.850000 -19.450001 -26.250000
