-1.615385 -0.040000 1.115385 7617 7939 8775
-1.615385 -0.040000 1.000000 7452 7861 8152
-1.615385 -0.040000 1.000000 7452 7861 8152
-1.461538 0.000000 0.961538 7388 7813 7590
-1.461538 0.000000 0.961538 7398 8372 6000
-1.538462 0.000000 1.000000 7414 8464 5519
-1.538462 0.000000 1.000000 7414 8464 5519
-1.692308 0.160000 1.038462 7386 8531 4922
-1.653846 0.240000 1.000000 7363 8236 2838
-1.576923 0.360000 0.961538 7412 8114 2182
-1.576923 0.360000 0.961538 7412 8114 2182
-1.307692 0.680000 0.769231 7470 8031 1603
-1.230769 0.720000 0.769231 7797 7811 6444
-1.192308 0.800000 0.769231 7920 7702 6354
-1.192308 0.800000 0.769231 7920 7702 6354
-0.769231 1.200000 0.615385 8014 7613 6268
-0.653846 1.320000 0.653846 8349 7877 6105
-0.423077 1.440000 0.730769 8464 7941 6095
-0.423077 1.440000 0.730769 8464 7941 6095
0.153846 1.640000 0.923077 8548 8046 6110
0.346154 1.640000 0.923077 8695 7795 6270
0.576923 1.640000 0.961538 8801 7403 6376
0.576923 1.640000 0.961538 8801 7403 6376
1.230769 1.680000 1.038462 8876 7127 6496
1.461538 1.760000 1.153846 8479 7492 2421
1.615385 1.800000 1.230769 8201 7820 3262
1.615385 1.800000 1.230769 8201 7820 3262
2.000000 1.840000 1.307692 7894 8142 4197
2.038461 1.760000 1.230769 7380 8040 7426
2.038461 1.760000 1.230769 7380 8040 7426
1.884615 1.520000 0.846154 7331 7785 8501
1.769231 1.440000 0.769231 7253 8033 11313
1.769231 1.440000 0.769231 7253 8033 11313
1.346154 1.400000 0.615385 7293 8213 12141
1.230769 1.440000 0.615385 7648 8300 14352
1.230769 1.440000 0.615385 7648 8300 14352
0.884615 1.680000 0.615385 7830 8292 15149
0.730769 1.800000 0.615385 8333 8339 10239
0.576923 1.920000 0.653846 8522 8335 10428
0.576923 1.920000 0.653846 8522 8335 10428
-0.076923 2.280000 0.769231 8639 8378 10603
-0.461538 2.320000 0.884615 8795 8386 10979
-0.961538 2.280000 1.038462 8792 8304 11038
-0.961538 2.280000 1.038462 8792 8304 11038
-2.192308 1.320000 1.384615 8793 8034 11000
-2.269231 1.000000 1.384615 8409 7514 10328
-2.192308 0.760000 1.346154 8020 8019 10052
-2.192308 0.760000 1.346154 8020 8019 10052
-1.923077 0.400000 1.038462 7551 8793 15613
-1.846154 0.400000 0.961538 6722 10399 13169
-1.846154 0.400000 0.961538 6722 10399 13169
-2.307692 0.280000 1.230769 7031 10494 13185
-2.576923 0.080000 1.269231 6807 9150 11638
-2.576923 0.080000 1.269231 6807 9150 11638
-2.384615 -0.120000 0.730769 6698 8643 10512
-2.076923 0.000000 0.615385 7272 7666 6744
-1.846154 0.080000 0.615385 7604 7641 5948
-1.846154 0.080000 0.615385 7604 7641 5948
-1.576923 0.280000 0.884615 7785 7712 5331
-1.615385 0.280000 0.923077 7814 8150 4013
-1.653846 0.320000 0.923077 7738 8140 3365
-1.653846 0.320000 0.923077 7738 8140 3365
-1.615385 0.560000 0.807692 7766 8000 2745
-1.538462 0.680000 0.769231 8017 7597 752
-1.538462 0.680000 0.769231 8017 7597 752
-1.269231 1.000000 0.500000 8078 7586 6407
-1.115385 1.160000 0.423077 8566 7612 6007
-1.000000 1.280000 0.346154 8861 7849 5895
-1.000000 1.280000 0.346154 8861 7849 5895
