-1.307692 0.240000 1.038462 -88.599998 34.099998 165.250000
-1.423077 0.160000 1.000000 -89.550003 31.299999 139.199997
-1.423077 0.160000 1.000000 -89.550003 31.299999 139.199997
-1.653846 0.080000 0.961538 0.000000 0.000000 0.000000
-1.692308 0.080000 0.961538 15.350000 -26.500000 -116.750000
-1.692308 0.120000 0.923077 20.000000 -33.049999 -164.399994
-1.692308 0.120000 0.923077 20.000000 -33.049999 -164.399994
-1.576923 0.440000 0.923077 401.100006 380.850006 180.550003
-1.500000 0.520000 0.923077 403.700012 408.899994 57.349998
-1.500000 0.520000 0.923077 403.700012 408.899994 57.349998
-1.346154 0.840000 0.884615 0.000000 0.000000 0.000000
-1.269231 1.000000 0.884615 11.000000 -7.750000 -114.750000
-1.192308 1.160000 0.884615 16.750000 -17.549999 -149.750000
-1.192308 1.160000 0.884615 16.750000 -17.549999 -149.750000
-0.576923 1.720000 0.807692 0.000000 0.000000 0.000000
-0.307692 1.880000 0.846154 15.150000 -24.600000 -24.500000
-0.038462 1.920000 0.923077 11.000000 -20.299999 -5.750000
-0.038462 1.920000 0.923077 11.000000 -20.299999 -5.750000
0.730769 1.800000 1.000000 0.000000 0.000000 0.000000
0.884615 1.680000 1.038462 -26.900000 33.349998 137.750000
0.884615 1.680000 1.038462 -26.900000 33.349998 137.750000
1.115385 1.400000 1.038462 394.850006 417.700012 49.549999
1.153846 1.360000 1.038462 402.049988 401.399994 165.250000
1.153846 1.360000 1.038462 402.049988 401.399994 165.250000
1.384615 1.320000 1.153846 408.049988 391.100006 198.199997
1.461538 1.280000 1.192308 0.000000 0.000000 0.000000
1.461538 1.240000 1.153846 -11.000000 9.700000 39.349998
1.461538 1.240000 1.153846 -11.000000 9.700000 39.349998
1.384615 1.120000 1.038462 0.000000 0.000000 0.000000
1.346154 1.080000 0.961538 -14.250000 0.000000 107.349998
1.307692 1.080000 0.884615 -13.050000 -1.900000 142.250000
1.307692 1.080000 0.884615 -13.050000 -1.900000 142.250000
1.192308 1.160000 0.769231 0.000000 0.000000 0.000000
1.192308 1.200000 0.730769 18.799999 -1.400000 121.949997
1.192308 1.200000 0.730769 18.799999 -1.400000 121.949997
1.000000 1.640000 0.769231 0.000000 0.000000 0.000000
0.846154 1.800000 0.769231 20.299999 5.900000 -1093.250000
0.846154 1.800000 0.769231 20.299999 5.900000 -1093.250000
0.076923 2.160000 0.961538 0.000000 0.000000 0.000000
-0.192308 2.240000 1.038462 20.100000 -20.750000 123.250000
-0.423077 2.280000 1.115385 27.450001 -36.250000 146.250000
-0.423077 2.280000 1.115385 27.450001 -36.250000 146.250000
-1.230769 1.960000 1.500000 0.000000 0.000000 0.000000
-1.538462 1.640000 1.576923 -36.150002 4.500000 -39.000000
-1.538462 1.640000 1.576923 -36.150002 4.500000 -39.000000
-1.923077 0.760000 1.038462 0.000000 0.000000 0.000000
-1.923077 0.560000 0.846154 -39.849998 54.150002 -210.250000
-1.923077 0.560000 0.846154 -39.849998 54.150002 -210.250000
-1.692308 0.480000 0.692308 0.000000 0.000000 0.000000
-1.615385 0.520000 0.730769 47.049999 10.100000 -129.949997
-1.615385 0.520000 0.730769 47.049999 10.100000 -129.949997
-1.884615 0.440000 1.076923 0.000000 0.000000 0.000000
-1.884615 0.360000 1.038462 -18.750000 3.250000 -107.500000
-1.884615 0.360000 1.038462 -18.750000 3.250000 -107.500000
-1.730769 0.320000 1.038462 -18.100000 -19.900000 -149.500000
-1.576923 0.240000 0.846154 0.000000 0.000000 0.000000
-1.538462 0.240000 0.807692 4.450000 -24.950001 -79.750000
-1.538462 0.240000 0.807692 4.450000 -24.950001 -79.750000
-1.500000 0.400000 0.730769 0.000000 0.000000 0.000000
-1.500000 0.480000 0.769231 25.200001 8.000000 -120.500000
-1.500000 0.480000 0.769231 25.200001 8.000000 -120.500000
-1.500000 0.720000 0.884615 429.450012 396.549988 86.550003
-1.500000 0.840000 0.846154 0.000000 0.000000 0.000000
-1.423077 1.080000 0.807692 11.650000 -11.950000 -51.750000
-1.423077 1.080000 0.807692 11.650000 -11.950000 -51.750000
-1.000000 1.760000 0.692308 0.000000 0.000000 0.000000
-0.692308 2.040000 0.730769 37.299999 -70.349998 -75.250000
-0.346154 2.240000 0.769231 40.799999 -82.199997 -71.500000
