0.000000 0.000000 0.000000 0.000000 0.000000 0.000000
0.000000 -0.040000 0.961538 0.000000 0.000000 0.000000
0.000000 -0.040000 0.961538 0.000000 0.000000 0.000000
-0.192308 -0.120000 1.076923 0.000000 0.000000 0.000000
-0.384615 -0.120000 1.115385 819.150024 819.150024 819.150024
-0.500000 -0.080000 1.115385 819.150024 819.150024 819.150024
-0.500000 -0.080000 1.115385 819.150024 819.150024 819.150024
-0.807692 0.120000 1.192308 819.150024 819.150024 819.150024
-0.807692 0.120000 1.192308 819.150024 819.150024 819.150024
-1.538462 0.160000 1.769231 15.750000 21.250000 469.149994
-1.653846 0.200000 1.769231 0.000000 0.000000 0.000000
-1.730769 0.280000 1.730769 -18.650000 0.500000 -45.099998
-1.730769 0.280000 1.730769 -18.650000 0.500000 -45.099998
-1.692308 0.520000 1.461538 0.000000 0.000000 0.000000
-1.653846 0.600000 1.346154 -35.049999 18.100000 -198.699997
-1.653846 0.600000 1.346154 -35.049999 18.100000 -198.699997
-1.269231 0.960000 0.730769 309.750000 405.399994 57.750000
-1.461538 1.560000 0.923077 246.649994 387.500000 1497.750000
1.230769 1.360000 -1.000000 112.250000 277.399994 1341.000000
1.230769 1.360000 -1.000000 112.250000 277.399994 1341.000000
-0.423077 1.160000 0.884615 237.699997 2478.000000 71.300003
0.269231 1.400000 0.807692 0.000000 0.000000 0.000000
0.384615 1.560000 0.961538 19.400000 -20.250000 45.750000
0.384615 1.560000 0.961538 19.400000 -20.250000 45.750000
1.500000 1.960000 1.115385 0.000000 0.000000 0.000000
1.769231 1.960000 1.115385 -30.350000 29.900000 -231.100006
1.961538 2.000000 1.115385 -35.150002 25.000000 -185.100006
1.961538 2.000000 1.115385 -35.150002 25.000000 -185.100006
2.307692 1.880000 1.192308 388.100006 408.799988 181.899994
2.384615 1.760000 1.269231 0.000000 0.000000 0.000000
2.423077 1.720000 1.384615 3.350000 -12.400000 49.700001
2.423077 1.720000 1.384615 3.350000 -12.400000 49.700001
2.346154 1.480000 1.153846 0.000000 0.000000 0.000000
2.269231 1.480000 1.000000 -45.500000 9.100000 138.750000
2.153846 1.440000 0.769231 -41.950001 5.900000 184.250000
2.153846 1.440000 0.769231 -41.950001 5.900000 184.250000
1.923077 1.680000 0.461538 0.000000 0.000000 0.000000
1.807692 1.800000 0.423077 56.799999 2.350000 -813.250000
1.615385 1.920000 0.461538 71.500000 13.350000 -753.750000
1.615385 1.920000 0.461538 71.500000 13.350000 -753.750000
0.807692 2.320000 0.423077 0.000000 0.000000 0.000000
0.346154 2.440000 0.423077 17.150000 46.099998 141.750000
-0.192308 2.520000 0.538462 26.700001 53.150002 175.000000
-0.192308 2.520000 0.538462 26.700001 53.150002 175.000000
-1.653846 1.960000 1.230769 0.000000 0.000000 0.000000
-1.961538 1.720000 1.269231 -11.650000 1.150000 -82.500000
-1.961538 1.720000 1.269231 -11.650000 1.150000 -82.500000
-2.653846 0.960000 1.461538 0.000000 0.000000 0.000000
-2.692308 0.800000 1.461538 -51.000000 42.000000 -174.000000
-2.576923 0.680000 1.500000 -62.450001 34.950001 210.600006
-2.576923 0.680000 1.500000 -62.450001 34.950001 210.600006
-3.076923 0.520000 1.692308 0.000000 0.000000 0.000000
-3.346154 0.200000 1.576923 -40.900002 -28.400000 -113.199997
-3.269231 0.080000 1.384615 -51.349998 -53.200001 -192.300003
-3.269231 0.080000 1.384615 -51.349998 -53.200001 -192.300003
-2.730769 -0.040000 0.884615 0.000000 0.000000 0.000000
-2.615385 0.000000 0.692308 16.700001 -29.850000 -201.449997
-2.538461 0.120000 0.615385 25.350000 -23.100000 -269.700012
-2.538461 0.120000 0.615385 25.350000 -23.100000 -269.700012
-2.615385 0.560000 0.769231 373.200012 385.100006 107.199997
-2.692308 0.760000 0.653846 0.000000 0.000000 0.000000
-2.730769 1.000000 0.461538 15.850000 -8.400000 -84.000000
-2.730769 1.000000 0.461538 15.850000 -8.400000 -84.000000
-1.884615 2.320000 0.423077 0.000000 0.000000 0.000000
-1.384615 2.640000 0.615385 43.400002 -22.150000 -125.750000
-0.730769 2.920000 0.923077 30.049999 -18.350000 -117.500000
-0.730769 2.920000 0.923077 30.049999 -18.350000 -117.500000
