-1.076923 0.200000 1.269231 -31.799999 79.849998 261.350006
-1.269231 0.160000 1.269231 -41.799999 79.300003 231.250000
-1.461538 0.120000 1.346154 -44.099998 69.699997 200.449997
-1.461538 0.120000 1.346154 -44.099998 69.699997 200.449997
-1.730769 0.320000 1.269231 0.000000 0.000000 0.000000
-1.846154 0.320000 1.346154 -17.000000 22.950001 -117.400002
-2.076923 0.320000 1.384615 -28.000000 32.650002 -153.649994
-2.076923 0.320000 1.384615 -28.000000 32.650002 -153.649994
-2.346154 0.440000 1.269231 342.700012 472.399994 221.300003
-2.269231 0.600000 1.153846 351.149994 421.950012 57.299999
-2.115385 0.720000 1.038462 0.000000 0.000000 0.000000
-2.115385 0.720000 1.038462 0.000000 0.000000 0.000000
-1.692308 1.120000 0.730769 0.000000 0.000000 0.000000
-1.500000 1.360000 0.615385 24.400000 0.000000 -125.500000
-1.269231 1.600000 0.615385 32.750000 6.750000 -158.750000
-1.269231 1.600000 0.615385 32.750000 6.750000 -158.750000
-0.384615 2.080000 0.730769 0.000000 0.000000 0.000000
-0.192308 2.160000 0.730769 16.500000 2.800000 -0.750000
0.076923 2.240000 0.653846 30.650000 -21.250000 10.750000
0.076923 2.240000 0.653846 30.650000 -21.250000 10.750000
1.230769 2.520000 0.846154 0.000000 0.000000 0.000000
1.538462 2.480000 1.038462 5.250000 -16.549999 142.750000
1.846154 2.520000 1.192308 -13.250000 2.550000 203.250000
1.846154 2.520000 1.192308 -13.250000 2.550000 203.250000
2.615385 2.520000 1.307692 417.950012 389.250000 73.349998
2.846154 2.520000 1.307692 0.000000 0.000000 0.000000
3.038461 2.560000 1.269231 -4.900000 0.000000 75.050003
3.038461 2.560000 1.269231 -4.900000 0.000000 75.050003
2.961539 2.360000 1.038462 0.000000 0.000000 0.000000
2.769231 2.320000 0.884615 -26.850000 22.900000 232.500000
2.538461 2.320000 0.769231 -25.700001 26.500000 301.899994
2.538461 2.320000 0.769231 -25.700001 26.500000 301.899994
1.846154 2.560000 0.538462 0.000000 0.000000 0.000000
1.538462 2.640000 0.423077 17.650000 -2.950000 202.000000
1.230769 2.800000 0.269231 31.000000 -6.650000 259.000000
1.230769 2.800000 0.269231 31.000000 -6.650000 259.000000
0.192308 3.320000 0.230769 0.000000 0.000000 0.000000
-0.346154 3.480000 0.500000 69.400002 -10.650000 126.250000
-1.038462 3.600000 0.884615 82.300003 -6.900000 147.750000
-1.038462 3.600000 0.884615 82.300003 -6.900000 147.750000
-3.269231 2.360000 1.653846 0.000000 0.000000 0.000000
-3.730769 1.800000 1.461538 -116.150002 117.849998 -193.000000
-3.961539 1.360000 1.230769 -145.000000 150.000000 -308.250000
-3.961539 1.360000 1.230769 -145.000000 150.000000 -308.250000
-4.307693 0.680000 1.384615 0.000000 0.000000 0.000000
-4.192307 0.480000 1.230769 -14.100000 -21.500000 74.849998
-4.192307 0.480000 1.230769 -14.100000 -21.500000 74.849998
-3.423077 0.360000 0.923077 0.000000 0.000000 0.000000
-3.076923 0.360000 0.807692 27.250000 -132.250000 -216.050003
-3.000000 0.280000 0.692308 27.650000 -149.600006 -269.100006
-3.000000 0.280000 0.692308 27.650000 -149.600006 -269.100006
-3.230769 0.360000 0.269231 359.000000 346.299988 177.149994
-3.384615 0.520000 0.230769 0.000000 0.000000 0.000000
-3.500000 0.760000 0.192308 18.900000 8.750000 -104.000000
-3.500000 0.760000 0.192308 18.900000 8.750000 -104.000000
-3.500000 2.480000 -0.192308 0.000000 0.000000 0.000000
-2.807692 3.480000 -0.269231 95.400002 -91.650002 -296.000000
-2.038461 4.040000 0.038462 99.199997 -81.250000 -328.750000
-2.038461 4.040000 0.038462 99.199997 -81.250000 -328.750000
