-1.269231 0.240000 0.961538 -44.099998 -29.150000 100.250000
-1.307692 0.280000 0.884615 -46.349998 -16.200001 74.550003
-1.307692 0.280000 0.846154 -43.400002 16.049999 43.450001
-1.307692 0.280000 0.846154 -43.400002 16.049999 43.450001
-2.153846 0.240000 1.000000 0.000000 0.000000 0.000000
-2.461539 0.240000 1.038462 5.250000 25.850000 -120.750000
-2.653846 0.360000 1.076923 18.549999 6.100000 -185.199997
-2.653846 0.360000 1.076923 18.549999 6.100000 -185.199997
-2.692308 1.000000 1.000000 399.700012 420.649994 29.799999
-2.653846 1.160000 0.846154 0.000000 0.000000 0.000000
-2.615385 1.400000 0.615385 6.850000 -20.100000 -61.250000
-2.615385 1.400000 0.615385 6.850000 -20.100000 -61.250000
-2.000000 2.840000 0.192308 0.000000 0.000000 0.000000
-1.576923 3.400000 0.230769 56.650002 -56.299999 -151.250000
-1.576923 3.400000 0.230769 56.650002 -56.299999 -151.250000
0.115385 4.120000 0.769231 483.649994 292.950012 1156.000000
0.615385 4.160000 0.884615 0.000000 0.000000 0.000000
0.615385 4.160000 0.884615 0.000000 0.000000 0.000000
2.000000 3.960000 1.038462 0.000000 0.000000 0.000000
2.423077 3.920000 1.076923 -30.700001 -4.650000 260.000000
2.423077 3.920000 1.076923 -30.700001 -4.650000 260.000000
3.307692 3.640000 1.461538 389.450012 331.600006 94.199997
3.384615 3.440000 1.346154 0.000000 0.000000 0.000000
3.307692 3.320000 1.192308 -25.650000 16.950001 100.800003
3.307692 3.320000 1.192308 -25.650000 16.950001 100.800003
2.538461 2.920000 0.384615 0.000000 0.000000 0.000000
2.346154 2.960000 0.230769 28.299999 6.300000 -438.250000
2.153846 3.000000 0.153846 59.099998 -17.000000 -358.500000
2.153846 3.000000 0.153846 59.099998 -17.000000 -358.500000
1.153846 3.320000 0.115385 0.000000 0.000000 0.000000
0.769231 3.480000 0.076923 35.950001 13.650000 210.500000
0.307692 3.680000 -0.038462 48.349998 21.799999 265.000000
0.307692 3.680000 -0.038462 48.349998 21.799999 265.000000
-1.461538 3.920000 0.538462 0.000000 0.000000 0.000000
-2.230769 3.600000 0.961538 57.400002 -33.549999 50.500000
-2.923077 3.040000 1.230769 44.900002 -31.500000 9.750000
-2.923077 3.040000 1.230769 44.900002 -31.500000 9.750000
-4.076923 1.360000 1.038462 0.000000 0.000000 0.000000
-4.192307 1.000000 0.884615 -76.900002 104.199997 -329.250000
-4.192307 0.800000 0.884615 -69.449997 88.949997 -437.250000
-4.192307 0.800000 0.884615 -69.449997 88.949997 -437.250000
-4.000000 0.520000 1.423077 0.000000 0.000000 0.000000
-3.923077 0.440000 1.269231 -30.950001 -51.849998 -223.050003
-3.692308 0.400000 1.038462 -36.000000 -86.300003 -291.299988
-3.692308 0.400000 1.038462 -36.000000 -86.300003 -291.299988
-3.153846 0.240000 0.461538 0.000000 0.000000 0.000000
-3.000000 0.280000 0.269231 27.100000 -36.150002 -203.500000
-2.923077 0.400000 0.192308 47.650002 -37.849998 -271.000000
-2.923077 0.400000 0.192308 47.650002 -37.849998 -271.000000
-2.923077 0.880000 0.115385 0.000000 0.000000 0.000000
-3.038461 1.240000 0.038462 70.150002 -24.600000 -255.000000
-3.000000 1.840000 -0.115385 95.400002 -53.900002 -351.500000
-3.000000 1.840000 -0.115385 95.400002 -53.900002 -351.500000
