-0.307692 0.200000 1.038462 9.950000 -60.400002 134.750000
-0.423077 0.200000 1.000000 2.450000 -46.900002 131.449997
-0.423077 0.200000 1.000000 2.450000 -46.900002 131.449997
-1.269231 0.120000 1.269231 0.000000 0.000000 0.000000
-1.653846 0.120000 1.423077 -8.350000 18.100000 -53.650002
-2.000000 0.120000 1.461538 -15.900000 12.550000 -88.150002
-2.000000 0.120000 1.461538 -15.900000 12.550000 -88.150002
-2.615385 0.320000 1.346154 349.500000 417.600006 249.949997
-2.538461 0.480000 1.269231 346.700012 382.100006 88.199997
-2.423077 0.680000 1.153846 346.450012 374.299988 37.250000
-2.423077 0.680000 1.153846 346.450012 374.299988 37.250000
-1.846154 1.160000 0.846154 0.000000 0.000000 0.000000
-1.653846 1.320000 0.615385 12.500000 -12.500000 -116.500000
-1.461538 1.480000 0.500000 20.200001 -19.450001 -152.500000
-1.461538 1.480000 0.500000 20.200001 -19.450001 -152.500000
-0.423077 2.280000 0.423077 0.000000 0.000000 0.000000
0.076923 2.560000 0.461538 26.500000 -3.300000 -48.000000
0.692308 2.760000 0.538462 27.049999 2.750000 -30.500000
0.692308 2.760000 0.538462 27.049999 2.750000 -30.500000
2.153846 3.080000 1.115385 0.000000 0.000000 0.000000
2.576923 3.120000 1.192308 -64.150002 102.949997 185.750000
2.576923 3.120000 1.192308 -64.150002 102.949997 185.750000
3.538461 3.120000 1.192308 333.750000 470.299988 74.599998
3.730769 3.040000 1.230769 0.000000 0.000000 0.000000
3.730769 3.040000 1.230769 0.000000 0.000000 0.000000
3.115385 2.560000 1.076923 0.000000 0.000000 0.000000
2.730769 2.440000 0.846154 -35.299999 30.500000 264.049988
2.730769 2.440000 0.846154 -35.299999 30.500000 264.049988
1.615385 2.360000 0.384615 0.000000 0.000000 0.000000
1.346154 2.360000 0.269231 19.200001 14.550000 148.000000
1.346154 2.360000 0.269231 19.200001 14.550000 148.000000
0.500000 2.560000 0.038462 0.000000 0.000000 0.000000
0.115385 2.680000 0.076923 47.000000 5.700000 100.500000
-0.269231 2.800000 0.192308 73.849998 -17.200001 128.500000
-0.269231 2.800000 0.192308 73.849998 -17.200001 128.500000
-2.000000 2.680000 1.153846 0.000000 0.000000 0.000000
-2.769231 2.320000 1.576923 -9.750000 50.200001 -34.500000
-3.461539 1.800000 1.769231 -55.150002 92.250000 -104.250000
-3.461539 1.800000 1.769231 -55.150002 92.250000 -104.250000
-4.500000 0.600000 1.461538 0.000000 0.000000 0.000000
-4.423077 0.480000 1.653846 -14.000000 -12.050000 95.849998
-4.346154 0.360000 1.807692 -19.250000 -25.450001 8.450000
-4.346154 0.360000 1.807692 -19.250000 -25.450001 8.450000
-3.692308 0.280000 1.307692 0.000000 0.000000 0.000000
-3.500000 0.240000 1.038462 -10.250000 -116.099998 -200.399994
-3.346154 0.240000 0.769231 -6.200000 -136.850006 -271.200012
-3.346154 0.240000 0.769231 -6.200000 -136.850006 -271.200012
-2.846154 0.680000 0.269231 347.950012 326.100006 112.300003
-2.730769 0.840000 0.269231 0.000000 0.000000 0.000000
-2.615385 1.120000 0.269231 18.000000 3.300000 -72.000000
-2.615385 1.120000 0.269231 18.000000 3.300000 -72.000000
-2.269231 2.480000 0.192308 0.000000 0.000000 0.000000
-1.884615 3.080000 0.269231 49.849998 -18.549999 -201.000000
-1.384615 3.600000 0.576923 32.900002 4.600000 -218.250000
-1.384615 3.600000 0.576923 32.900002 4.600000 -218.250000
