-0.192308 1.120000 1.461538 6401 7527 7800
-0.230769 1.120000 1.461538 6039 7826 7773
-0.230769 1.080000 1.461538 5830 7644 7678
-0.230769 1.080000 1.461538 5830 7644 7678
-0.115385 1.360000 1.576923 5548 7713 7562
-0.076923 1.440000 1.692308 5133 7087 7380
-0.038462 1.560000 1.769231 4996 6570 7462
-0.038462 1.560000 1.769231 4996 6570 7462
-0.038462 1.880000 2.153846 4809 6071 7591
-0.038462 2.000000 2.230769 3593 4920 8086
-0.038462 2.160000 2.230769 2921 4855 8297
-0.038462 2.160000 2.230769 2921 4855 8297
-0.192308 2.560000 2.153846 2215 5065 8485
-0.230769 2.600000 2.076923 6200 6562 8513
-0.230769 2.600000 2.076923 6200 6562 8513
-0.269231 2.680000 1.884615 6042 7070 8402
-0.269231 2.640000 1.807692 5684 8075 7973
-0.230769 2.640000 1.653846 5576 8414 7865
-0.230769 2.640000 1.653846 5576 8414 7865
-0.038462 2.400000 1.038462 5465 8918 7828
-0.038462 2.240000 0.769231 5264 10453 8311
-0.038462 2.240000 0.769231 5264 10453 8311
-0.192308 1.680000 -0.038462 5273 10789 8411
-0.307692 1.440000 -0.269231 5623 10502 8021
