-0.153846 1.576923 1.440000 4402 6820 7517
-0.115385 1.653846 1.440000 4034 6849 7653
-0.076923 1.653846 1.440000 3686 7133 7847
-0.076923 1.653846 1.440000 3686 7133 7847
-0.192308 1.653846 1.600000 3329 7704 7989
-0.269231 1.615385 1.600000 2302 7905 7991
-0.269231 1.615385 1.600000 2302 7905 7991
-0.192308 1.769231 1.760000 2168 7515 7802
-0.153846 1.807692 1.760000 1567 6820 7638
-0.076923 1.846154 1.800000 1230 7139 7747
-0.076923 1.846154 1.800000 1230 7139 7747
-0.076923 1.730769 1.760000 804 7508 7876
-0.076923 1.692308 1.640000 6066 8715 8061
-0.153846 1.576923 1.480000 5987 9102 8034
-0.153846 1.576923 1.480000 5987 9102 8034
