118 149 150 8924 6481 9129
117 147 150 8690 6566 9013
117 147 150 8690 6566 9013
120 148 151 8258 6625 8676
120 148 151 7681 6553 8368
119 148 152 7477 6596 8310
119 148 152 7477 6596 8310
118 150 154 7210 6681 8223
117 151 155 6374 7141 7841
117 153 155 6111 7241 7713
117 153 155 6111 7241 7713
117 160 158 5822 7284 7534
117 163 158 4995 6927 7015
117 163 158 4995 6927 7015
118 174 159 4713 6773 6923
118 177 159 3649 6677 7020
116 181 160 3295 6617 7109
116 181 160 3295 6617 7109
115 193 159 2977 6481 7199
114 197 160 2125 6248 7699
114 197 160 2125 6248 7699
106 204 162 1825 6132 8059
103 205 161 875 5832 9001
103 205 161 875 5832 9001
101 204 155 564 5998 9070
102 204 156 6317 6302 8746
102 204 156 6317 6302 8746
105 199 157 6315 6444 8742
107 197 156 6159 7482 8751
107 197 156 6159 7482 8751
109 189 153 6106 7905 8650
110 185 151 6063 8541 8175
110 185 151 6063 8541 8175
114 175 150 6105 8395 7986
115 172 149 6272 7615 7526
117 169 147 6300 7471 7375
117 169 147 6300 7471 7375
123 161 143 6321 7466 7281
124 159 142 6339 8161 7337
123 156 142 645 8283 7408
123 156 142 645 8283 7408
122 147 138 816 8319 7417
123 145 134 1233 8503 7088
123 142 133 1522 8551 6907
123 142 133 1522 8551 6907
126 139 127 1858 8488 6786
128 139 122 2974 7651 6623
128 139 122 2974 7651 6623
