-0.692308 1.538462 1.560000 15613 6664 10483
-0.692308 1.653846 1.680000 9743 6547 10671
-0.692308 1.653846 1.680000 9743 6547 10671
-0.923077 1.653846 2.360000 15807 6671 10719
-0.846154 1.653846 2.760000 15220 5533 9947
-0.692308 1.692308 3.200000 14321 5305 9560
-0.692308 1.692308 3.200000 14321 5305 9560
-0.538462 1.961538 3.840000 12937 5299 9421
-0.730769 2.038461 3.880000 8130 6459 10134
-0.730769 2.038461 3.880000 8130 6459 10134
-1.346154 2.115385 3.760000 6556 7051 10222
-1.538462 2.269231 3.760000 2535 8125 8959
-1.730769 2.576923 3.920000 1242 8204 8059
-1.730769 2.576923 3.920000 1242 8204 8059
-1.538462 4.115385 4.320000 6189 8343 6896
-1.423077 4.307693 4.440000 5092 9654 3849
-1.423077 4.307693 4.440000 5092 9654 3849
-1.576923 4.500000 3.480000 4676 9671 3490
-1.653846 4.500000 2.520000 3680 9263 3059
-1.653846 4.538462 1.520000 3572 9006 2801
-1.653846 4.538462 1.520000 3572 9006 2801
