-0.153846 1.653846 1.800000 14309 3487 9188
-0.115385 1.769231 2.200000 13773 4088 9280
-0.115385 1.846154 2.440000 12677 5106 9327
-0.115385 1.846154 2.440000 12677 5106 9327
-0.192308 1.769231 3.000000 11566 6066 9353
-0.230769 1.730769 3.000000 7964 8088 9278
-0.230769 1.730769 3.000000 6929 8449 9309
-0.230769 1.730769 3.000000 6929 8449 9309
-0.807692 1.692308 3.280000 6175 8564 9481
-0.961538 1.846154 3.400000 3881 8108 8932
-1.076923 2.076923 3.520000 2649 8347 8167
-1.076923 2.076923 3.520000 2649 8347 8167
-1.038462 3.307692 3.800000 1212 8969 7209
-0.961538 3.692308 4.040000 5651 9895 4723
-0.884615 4.076923 4.200000 5328 9868 4433
-0.884615 4.076923 4.200000 5328 9868 4433
-1.500000 4.423077 3.360000 4937 9910 4292
-1.769231 4.500000 2.600000 4001 9763 3346
-1.884615 4.500000 1.720000 3953 9110 2521
-1.884615 4.500000 1.720000 3953 9110 2521
