-0.538462 0.600000 1.769231 0.000000 0.000000 0.000000
-0.576923 0.560000 1.692308 0.000000 0.000000 0.000000
-0.576923 0.480000 1.653846 0.000000 0.000000 0.000000
-0.653846 0.480000 1.653846 0.000000 0.000000 0.000000
-0.653846 0.480000 1.692308 0.000000 0.000000 0.000000
-0.692308 0.480000 1.692308 0.000000 0.000000 0.000000
-0.730769 0.560000 1.692308 0.000000 0.000000 0.000000
-0.807692 0.680000 1.730769 0.000000 0.000000 0.000000
-0.846154 0.680000 1.769231 0.000000 0.000000 0.000000
-0.884615 0.760000 1.884615 0.000000 0.000000 0.000000
-0.884615 0.800000 1.961538 0.000000 0.000000 0.000000
-0.884615 0.840000 2.038461 0.000000 0.000000 0.000000
-0.884615 0.960000 2.038461 0.000000 0.000000 0.000000
-0.884615 1.000000 2.038461 0.000000 0.000000 0.000000
-0.884615 1.040000 2.000000 0.000000 0.000000 0.000000
-0.807692 1.080000 1.923077 0.000000 0.000000 0.000000
-0.653846 1.080000 1.769231 0.000000 0.000000 0.000000
-0.500000 1.080000 1.500000 0.000000 0.000000 0.000000
-0.384615 1.040000 1.269231 0.000000 0.000000 0.000000
-0.346154 0.960000 1.000000 0.000000 0.000000 0.000000
-0.346154 0.880000 0.769231 0.000000 0.000000 0.000000
