-0.461538 1.192308 1.880000 9570 6987 8061
-0.384615 1.230769 1.920000 9157 6485 7924
-0.384615 1.230769 1.920000 9157 6485 7924
-0.192308 1.230769 1.640000 8549 6195 7905
-0.153846 1.192308 1.560000 7241 6012 8349
-0.153846 1.192308 1.480000 6828 6178 8609
-0.153846 1.192308 1.480000 6828 6178 8609
-0.307692 1.038462 1.280000 6520 6349 8846
-0.423077 1.000000 1.240000 5951 7049 9102
-0.423077 1.000000 1.240000 5951 7049 9102
-0.538462 0.961538 1.280000 5768 7386 8942
-0.500000 0.961538 1.280000 5203 8250 8107
-0.500000 0.961538 1.280000 5203 8250 8107
-0.384615 1.038462 1.280000 5041 8385 7873
-0.346154 1.038462 1.280000 4967 7783 7619
-0.346154 1.076923 1.240000 4931 7557 7664
-0.346154 1.076923 1.240000 4931 7557 7664
-0.384615 1.038462 1.240000 4850 7483 7701
-0.384615 1.076923 1.240000 4313 7798 7526
-0.384615 1.076923 1.240000 4313 7798 7526
-0.346154 1.000000 1.200000 4126 7922 7475
-0.346154 1.000000 1.160000 3839 7639 7481
-0.307692 1.000000 1.120000 3840 7336 7502
-0.307692 1.000000 1.120000 3840 7336 7502
-0.269231 0.923077 1.080000 3822 7137 7557
-0.307692 0.884615 1.040000 3504 7346 7614
-0.307692 0.884615 1.040000 3504 7346 7614
-0.230769 0.769231 0.960000 3357 7570 7610
-0.230769 0.730769 0.920000 3043 8064 7695
-0.269231 0.692308 0.920000 2993 8118 7683
-0.269231 0.692308 0.920000 2993 8118 7683
-0.307692 0.576923 0.920000 2992 8159 7634
-0.307692 0.576923 0.920000 3043 8066 7356
-0.307692 0.576923 0.920000 3043 8066 7356
-0.230769 0.461538 0.840000 3016 8135 7283
-0.269231 0.423077 0.840000 2827 8411 7317
-0.307692 0.384615 0.840000 2758 8538 7304
-0.307692 0.384615 0.840000 2758 8538 7304
-0.346154 0.192308 0.760000 2674 8669 7243
-0.346154 0.192308 0.720000 2611 8558 6707
-0.346154 0.192308 0.720000 2611 8558 6707
-0.153846 0.115385 0.600000 2712 8383 6570
-0.115385 0.076923 0.640000 2784 8125 6579
-0.076923 0.038462 0.600000 2654 8212 6657
-0.076923 0.038462 0.600000 2654 8212 6657
-0.115385 -0.115385 0.520000 2489 8371 6747
-0.153846 -0.153846 0.520000 1815 8886 6738
-0.153846 -0.153846 0.520000 1815 8886 6738
-0.076923 -0.153846 0.400000 1607 8869 6565
-0.038462 -0.153846 0.240000 1068 8172 6006
-0.038462 -0.153846 0.240000 1068 8172 6006
