-0.269231 1.230769 1.280000 8745 6240 8023
-0.230769 1.230769 1.200000 8390 6517 8033
-0.230769 1.230769 1.200000 8390 6517 8033
-0.192308 1.192308 1.200000 8143 6687 8107
-0.192308 1.192308 1.200000 7481 7189 8411
-0.192308 1.192308 1.200000 7481 7189 8411
-0.346154 1.153846 1.240000 7321 7275 8565
-0.423077 1.115385 1.280000 6885 7516 8884
-0.500000 1.115385 1.320000 6690 7639 8884
-0.500000 1.115385 1.320000 6690 7639 8884
-0.576923 1.076923 1.360000 6478 7739 8814
-0.576923 1.115385 1.360000 5839 7546 8404
-0.576923 1.115385 1.280000 5605 7524 8243
-0.576923 1.115385 1.280000 5605 7524 8243
-0.576923 1.230769 1.280000 5452 7552 8049
-0.576923 1.269231 1.320000 4987 8014 7496
-0.576923 1.269231 1.360000 4708 8366 7278
-0.576923 1.269231 1.360000 4708 8366 7278
-0.500000 1.346154 1.480000 4397 8674 7047
-0.461538 1.346154 1.440000 3790 7854 6718
-0.461538 1.346154 1.440000 3790 7854 6718
-0.346154 1.423077 1.200000 3649 7300 6886
-0.423077 1.384615 1.120000 3065 6985 7592
-0.461538 1.346154 1.080000 2906 7158 7669
-0.461538 1.346154 1.080000 2906 7158 7669
-0.461538 1.153846 1.000000 2772 7308 7643
-0.461538 1.115385 1.000000 2419 7661 7412
-0.461538 1.115385 1.000000 2419 7661 7412
-0.384615 1.038462 0.960000 2403 7681 7272
-0.346154 1.000000 0.960000 2186 7952 7057
-0.307692 0.961538 0.920000 2082 8050 7100
-0.307692 0.961538 0.920000 2082 8050 7100
-0.307692 0.807692 0.920000 2000 8068 7115
-0.346154 0.730769 0.920000 1840 8214 7081
-0.346154 0.730769 0.920000 1840 8214 7081
-0.346154 0.615385 0.800000 1656 8296 6942
-0.307692 0.576923 0.760000 1115 8836 6365
-0.269231 0.538462 0.720000 1007 8929 6233
-0.269231 0.538462 0.720000 1007 8929 6233
-0.192308 0.423077 0.560000 993 8874 6155
-0.230769 0.346154 0.520000 1299 8210 6341
-0.230769 0.346154 0.520000 1299 8210 6341
-0.153846 0.230769 0.320000 1406 8025 6339
-0.076923 0.153846 0.240000 1383 8315 6263
0.000000 0.153846 0.160000 1379 8539 6302
0.000000 0.153846 0.160000 1379 8539 6302
