120 166 184 6124 6712 10465
118 165 182 5669 6518 10619
118 165 182 5669 6518 10619
113 168 181 5353 6424 10647
113 169 184 4278 7191 9935
112 172 186 3803 7389 9577
112 172 186 3803 7389 9577
112 186 195 3362 7583 9123
114 194 199 1699 7686 7901
114 194 199 1699 7686 7901
121 216 204 946 7490 7668
121 221 202 5805 6671 8117
117 223 197 5537 6978 8331
117 223 197 5537 6978 8331
111 223 173 5278 7443 8365
111 221 167 4729 9570 7631
111 221 167 4729 9570 7631
115 215 146 4598 10345 7152
116 212 139 4401 11779 5640
118 209 131 4425 11732 5035
118 209 131 4425 11732 5035
124 196 112 4563 11418 4432
129 191 105 5322 8484 3762
