-0.346154 0.680000 1.230769 59.299999 3.500000 -13.950000
-0.384615 0.680000 1.153846 53.549999 -1.400000 -18.950001
-0.346154 0.680000 1.115385 44.799999 -8.200000 -25.950001
-0.346154 0.680000 1.115385 44.799999 -8.200000 -25.950001
-0.269231 0.720000 1.115385 0.000000 0.000000 0.000000
-0.230769 0.680000 1.115385 -15.900000 8.100000 -3.800000
-0.230769 0.680000 1.115385 -23.049999 12.200000 -4.250000
-0.230769 0.680000 1.115385 -23.049999 12.200000 -4.250000
-0.230769 0.680000 1.076923 0.000000 0.000000 0.000000
-0.269231 0.680000 1.038462 -18.000000 0.000000 -7.750000
-0.269231 0.680000 1.038462 -18.000000 0.000000 -7.750000
-0.230769 0.680000 1.000000 0.000000 0.000000 0.000000
-0.230769 0.680000 1.000000 0.000000 -6.650000 -6.500000
-0.230769 0.680000 1.000000 0.000000 -6.650000 -6.500000
-0.153846 0.640000 0.961538 0.000000 0.000000 0.000000
-0.153846 0.640000 0.923077 -3.700000 -0.650000 2.850000
-0.153846 0.640000 0.923077 -3.700000 -0.650000 2.850000
-0.153846 0.560000 0.884615 0.000000 0.000000 0.000000
-0.153846 0.560000 0.884615 5.850000 -2.050000 5.450000
-0.153846 0.520000 0.884615 7.050000 -1.550000 7.200000
-0.153846 0.520000 0.884615 7.050000 -1.550000 7.200000
-0.153846 0.480000 0.884615 0.000000 0.000000 0.000000
-0.153846 0.480000 0.846154 4.750000 -5.000000 -1.100000
-0.153846 0.480000 0.846154 4.750000 -5.000000 -1.100000
-0.076923 0.440000 0.846154 0.000000 0.000000 0.000000
-0.076923 0.400000 0.884615 6.600000 4.550000 11.350000
-0.076923 0.400000 0.884615 6.600000 4.550000 11.350000
-0.076923 0.320000 0.923077 0.000000 0.000000 0.000000
-0.076923 0.280000 0.923077 -1.450000 4.350000 2.600000
-0.076923 0.280000 0.923077 -1.450000 4.350000 2.600000
-0.038462 0.280000 0.923077 0.000000 0.000000 0.000000
-0.038462 0.240000 0.923077 1.900000 1.100000 5.500000
-0.076923 0.200000 0.923077 3.650000 2.200000 9.450000
-0.076923 0.200000 0.923077 3.650000 2.200000 9.450000
-0.115385 0.160000 1.000000 0.000000 0.000000 0.000000
-0.115385 0.120000 1.000000 2.800000 -8.700000 4.100000
-0.115385 0.080000 1.000000 1.800000 -10.850000 2.750000
-0.115385 0.080000 1.000000 1.800000 -10.850000 2.750000
-0.076923 0.040000 0.961538 0.000000 0.000000 0.000000
-0.076923 0.040000 0.923077 -4.200000 6.200000 -0.500000
-0.076923 0.040000 0.923077 -4.200000 6.200000 -0.500000
-0.038462 0.000000 0.923077 0.000000 0.000000 0.000000
-0.076923 -0.040000 0.884615 2.800000 3.950000 4.850000
-0.076923 -0.040000 0.884615 2.800000 3.950000 4.850000
-0.076923 -0.080000 0.961538 0.000000 0.000000 0.000000
-0.076923 -0.120000 0.961538 -2.100000 2.200000 0.000000
-0.076923 -0.120000 0.923077 -3.350000 3.000000 -1.500000
-0.076923 -0.120000 0.923077 -3.350000 3.000000 -1.500000
-0.076923 -0.200000 0.846154 0.000000 0.000000 0.000000
-0.076923 -0.200000 0.807692 5.400000 -2.150000 -0.800000
-0.076923 -0.240000 0.807692 8.150000 0.000000 0.000000
-0.076923 -0.240000 0.807692 8.150000 0.000000 0.000000
-0.115385 -0.280000 0.846154 0.000000 0.000000 0.000000
-0.115385 -0.320000 0.846154 3.450000 3.700000 -5.100000
-0.115385 -0.320000 0.846154 3.450000 3.700000 -5.100000
-0.115385 -0.360000 0.846154 0.000000 0.000000 0.000000
-0.115385 -0.360000 0.846154 2.650000 -3.600000 -3.750000
-0.115385 -0.360000 0.846154 2.650000 -3.600000 -3.750000
-0.076923 -0.400000 0.846154 0.000000 0.000000 0.000000
-0.076923 -0.400000 0.807692 -1.850000 7.750000 -0.500000
-0.076923 -0.400000 0.807692 -1.850000 7.750000 -0.500000
-0.076923 -0.440000 0.807692 0.000000 0.000000 0.000000
-0.038462 -0.480000 0.846154 -5.950000 3.850000 -0.950000
-0.038462 -0.480000 0.846154 -5.950000 3.850000 -0.950000
