-0.307692 0.760000 1.384615 74.599998 -15.950000 0.000000
-0.346154 0.760000 1.500000 69.000000 -21.450001 1.200000
-0.346154 0.760000 1.500000 69.000000 -21.450001 1.200000
-0.346154 0.760000 1.538462 0.000000 0.000000 0.000000
-0.423077 0.760000 1.576923 -25.049999 -10.650000 -6.250000
-0.423077 0.760000 1.576923 -25.049999 -10.650000 -6.250000
-0.500000 1.000000 1.961538 0.000000 0.000000 0.000000
-0.423077 1.120000 2.192308 -9.750000 -35.599998 -30.250000
-0.423077 1.120000 2.192308 -9.750000 -35.599998 -30.250000
-0.346154 1.480000 3.269231 0.000000 0.000000 0.000000
-0.423077 1.640000 3.461539 -144.199997 25.799999 3.600000
-0.423077 1.640000 3.461539 -144.199997 25.799999 3.600000
-0.423077 2.080000 3.230769 85.150002 363.899994 371.649994
-0.346154 2.160000 2.923077 0.000000 0.000000 0.000000
-0.307692 2.200000 2.423077 -49.250000 -1.100000 5.200000
-0.307692 2.200000 2.423077 -49.250000 -1.100000 5.200000
-0.307692 1.960000 1.153846 0.000000 0.000000 0.000000
-0.384615 1.840000 0.769231 0.000000 -5.450000 37.099998
-0.384615 1.840000 0.769231 0.000000 -5.450000 37.099998
