138 157 188 9169 5840 9084
138 161 197 8408 6309 9159
138 161 197 8408 6309 9159
141 169 206 7125 7173 9195
137 172 205 2765 9613 9451
134 176 205 1505 10148 9294
134 176 205 1505 10148 9294
130 190 213 6259 10912 8921
131 195 215 5219 13343 7228
133 199 217 4883 13831 6770
133 199 217 4883 13831 6770
128 210 193 4514 14009 6495
126 212 179 3828 12891 6102
126 212 179 3828 12891 6102
115 201 126 3761 12353 5927
116 198 110 4387 9440 4334
122 192 97 4887 7723 3723
122 192 97 4887 7723 3723
158 169 59 5429 6212 3525
