-0.038462 1.192308 0.880000 6200 7919 8154
-0.115385 1.269231 1.080000 5997 8162 8152
-0.076923 1.384615 1.200000 5595 8298 8087
-0.076923 1.384615 1.200000 5595 8298 8087
-0.153846 1.500000 1.600000 5402 8426 8123
-0.269231 1.538462 1.680000 3737 9242 8285
-0.269231 1.538462 1.680000 3737 9242 8285
-0.500000 1.615385 1.880000 3242 9264 8114
-0.538462 1.653846 1.920000 1464 8761 6894
-0.538462 1.653846 1.920000 1464 8761 6894
-0.384615 1.884615 1.880000 916 8523 6482
-0.269231 1.961538 1.720000 6034 8176 5758
-0.269231 1.961538 1.720000 6034 8176 5758
-0.192308 1.576923 0.880000 5932 8307 5744
-0.346154 1.423077 0.560000 5964 8465 5882
