141 168 175 11775 4835 7648
143 169 178 11194 5302 7988
143 169 178 11194 5302 7988
144 173 193 10437 5968 8311
141 173 198 7782 8320 9577
141 173 198 7782 8320 9577
130 172 205 6597 8919 9895
127 172 204 4028 8955 10044
123 175 204 3412 8670 9903
123 175 204 3412 8670 9903
117 190 208 2844 8375 9708
115 199 212 6230 8992 8737
113 206 217 5915 9826 8241
113 206 217 5915 9826 8241
112 224 214 5538 10931 7602
113 230 207 4514 12288 5471
113 234 201 4333 11853 5199
113 234 201 4333 11853 5199
107 237 167 4188 11177 5115
107 237 152 4101 8140 4820
109 234 138 4193 7661 4596
109 234 138 4193 7661 4596
117 214 108 4349 7442 4337
