133 164 160 5815 7490 8505
132 167 161 5465 7362 8766
132 169 162 5109 7110 9068
132 169 162 5109 7110 9068
122 176 163 4746 6870 9422
119 179 164 3843 6259 9948
116 181 165 3608 6199 10018
116 181 165 3608 6199 10018
105 188 175 3355 6461 10015
103 191 176 2149 7282 9601
101 195 176 1689 7331 9210
101 195 176 1689 7331 9210
92 204 182 1431 7157 8771
90 207 183 763 6429 7194
93 213 184 6269 6799 6601
93 213 184 6269 6799 6601
98 229 194 6104 7412 6198
99 233 198 5662 7184 6265
99 233 198 5662 7184 6265
86 240 192 5511 6184 6830
81 240 184 4923 4729 8536
81 240 184 4923 4729 8536
70 236 162 4664 5586 8482
73 234 156 4303 7263 6462
73 234 156 4303 7263 6462
92 226 140 4303 7532 5640
99 221 135 4449 8555 4097
104 214 127 4610 8553 4006
104 214 127 4610 8553 4006
115 189 115 4881 8036 4154
117 183 113 5804 7098 4935
121 178 111 6041 7062 5057
121 178 111 6041 7062 5057
