129 150 161 6979 8216 9002
129 150 161 6979 8216 9002
131 152 168 6630 8236 8894
131 154 173 5939 8322 8914
131 155 173 4949 8455 8876
131 155 173 4949 8455 8876
130 160 180 4609 8400 8850
129 160 184 3920 8027 8642
129 160 184 3920 8027 8642
132 162 190 3297 7955 8447
133 164 191 6224 9492 8111
133 164 191 6224 9492 8111
123 162 178 5910 10392 8084
119 159 177 5410 11558 7389
119 159 177 5410 11558 7389
115 158 168 5372 11101 6805
117 157 162 5152 11214 5128
119 157 155 5128 11427 4774
119 157 155 5128 11427 4774
123 154 139 5143 11449 4526
124 151 134 5459 10327 4699
125 149 127 5593 10071 4754
125 149 127 5593 10071 4754
130 140 115 5762 10038 4852
130 136 115 6293 10413 5308
131 134 115 1123 10106 5332
131 134 115 1123 10106 5332
132 130 111 1857 9634 5357
