130 147 148 7599 7920 8912
128 148 150 7604 8262 8883
128 149 152 7548 8439 8799
128 149 152 7548 8439 8799
128 150 158 7401 8533 8764
128 151 159 6883 8552 8667
129 152 159 6758 8476 8685
129 152 159 6758 8476 8685
130 156 167 6662 8455 8682
130 159 172 6211 8359 8750
128 163 180 5938 8520 8775
128 163 180 5938 8520 8775
118 167 200 5440 8778 8651
108 173 226 3137 9993 7757
105 178 227 5900 12210 5785
105 178 227 5900 12210 5785
112 193 201 5351 13555 4431
113 194 186 4454 14868 1620
113 194 186 4454 14868 1620
109 169 132 4565 13184 1367
