-0.307692 1.230769 1.800000 4317 7635 8007
-0.384615 1.230769 1.800000 3938 7794 7953
-0.384615 1.230769 1.800000 3938 7794 7953
-0.500000 1.384615 2.080000 3615 7860 7826
-0.538462 1.461538 2.240000 2322 7856 7329
-0.538462 1.461538 2.240000 2322 7856 7329
-0.461538 1.692308 2.360000 1759 7723 7136
-0.423077 1.769231 2.240000 6106 8149 6641
-0.384615 1.730769 2.080000 5950 8491 6623
-0.384615 1.730769 2.080000 5950 8491 6623
-0.461538 1.538462 1.520000 5813 8716 6630
-0.500000 1.500000 1.320000 5618 8823 6527
-0.500000 1.500000 1.320000 5618 8823 6527
-0.461538 1.192308 0.640000 5612 8778 6407
-0.384615 1.038462 0.480000 5762 8304 6031
