126 153 160 6474 8579 8451
126 153 163 6155 8729 8520
126 152 165 5851 8610 8591
126 152 165 5851 8610 8591
120 156 180 5723 8748 8631
118 156 184 3601 9225 8221
118 156 184 3601 9225 8221
116 162 188 2910 9221 7879
115 164 190 722 9146 6732
114 165 192 6198 9465 6271
114 165 192 6198 9465 6271
110 171 201 5989 9967 5779
108 171 201 5302 11789 4075
107 171 197 5101 11908 3426
107 171 197 5101 11908 3426
115 172 168 4993 11394 2787
117 170 160 5260 8408 2756
117 170 160 5260 8408 2756
128 159 134 5365 8039 3197
130 154 128 5664 9641 4998
130 154 128 5664 9641 4998
121 139 125 5778 10516 5443
119 135 123 6141 11304 5151
119 135 123 6141 11304 5151
