136 160 192 7118 9150 6776
138 160 190 6236 9552 7233
136 158 185 5643 9228 7777
136 158 185 5643 9228 7777
129 152 168 5520 8474 8188
129 150 164 6242 6497 8810
129 150 164 6242 6497 8810
127 145 164 6423 6433 8912
128 143 165 6673 6546 8794
130 144 165 6586 6479 8844
130 144 165 6586 6479 8844
132 142 165 6514 6349 8977
131 141 164 6120 6551 9630
131 141 164 6120 6551 9630
127 137 165 6000 6616 9769
127 137 165 5515 6770 9548
127 137 165 5515 6770 9548
129 138 162 5115 7070 9398
129 138 161 3944 8228 9138
129 138 161 3944 8228 9138
128 139 160 3688 8447 9064
126 138 160 2967 8849 8860
126 138 160 2967 8849 8860
126 138 158 2427 8923 8378
129 139 161 1763 9230 7918
130 139 163 698 9824 7725
130 139 163 698 9824 7725
128 138 152 6216 10111 7648
128 137 147 5961 10460 7251
127 135 143 5990 10352 7061
127 135 143 5990 10352 7061
127 128 137 6062 10022 6890
129 126 133 6325 8890 6470
129 126 133 6325 8890 6470
131 122 130 867 8790 6494
130 121 130 1890 8399 6813
128 119 131 2142 8144 6838
128 119 131 2142 8144 6838
