112 153 167 8365 7828 9543
114 153 166 8034 7866 9354
113 153 167 7859 7987 9329
113 153 167 7859 7987 9329
103 150 169 7679 8226 9353
98 148 176 7581 8631 8997
94 146 182 7234 8596 8545
94 146 182 7234 8596 8545
90 154 184 6490 8632 7904
91 159 185 4693 8532 5914
91 159 185 4693 8532 5914
98 176 188 4388 7977 5465
99 182 188 2941 6628 4919
100 188 191 2334 6571 4813
100 188 191 2334 6571 4813
101 201 192 1670 6416 4769
102 205 189 6080 5681 4956
103 208 184 5923 5758 5174
103 208 184 5923 5758 5174
102 204 173 5788 5943 5443
100 202 171 5526 6173 5974
100 202 171 5526 6173 5974
102 199 165 5420 6519 5833
104 198 159 4985 7714 5004
107 198 151 4881 8212 4612
107 198 151 4881 8212 4612
115 189 130 4844 8664 4266
119 186 125 5157 9003 3663
124 182 122 5365 8786 3591
