130 154 160 8540 7096 8104
130 153 159 8243 7317 8221
130 154 159 8136 7447 8375
130 154 159 8136 7447 8375
125 155 167 8101 7657 8441
123 156 172 7806 8095 8563
123 156 175 7389 8211 8547
123 156 175 7389 8211 8547
118 162 182 6911 8586 8603
117 164 182 4871 9622 8443
116 168 182 4298 9907 8358
116 168 182 4298 9907 8358
114 179 183 3788 9947 8214
115 184 183 2669 9122 7713
116 188 182 2195 9003 7693
116 188 182 2195 9003 7693
107 199 188 1648 9153 7797
105 203 191 6166 9611 7580
105 203 191 6166 9611 7580
106 213 185 6060 8870 7289
106 214 180 5804 6350 7070
106 214 175 5691 6542 7055
106 214 175 5691 6542 7055
106 209 166 5590 6965 6932
107 205 163 5494 7838 6127
109 203 161 5475 7999 5830
109 203 161 5475 7999 5830
111 196 159 5438 8238 5621
113 195 156 5223 8756 4809
115 193 151 5128 8941 4623
115 193 151 5128 8941 4623
120 184 137 5086 9305 4466
122 181 134 5175 10268 3961
126 179 131 5270 10416 3821
126 179 131 5270 10416 3821
136 173 122 5371 10578 3894
