130 161 169 7398 6875 9242
125 161 166 7036 7034 9597
121 158 165 6854 7271 9662
121 158 165 6854 7271 9662
117 157 174 6809 7590 9553
119 160 175 5802 7420 8679
120 163 175 5546 7292 8582
120 163 175 5546 7292 8582
117 169 183 5265 7269 8664
116 170 185 3680 8558 8870
114 173 186 2844 9359 8678
114 173 186 2844 9359 8678
114 182 193 2264 9678 8391
114 185 193 1179 8357 7901
112 188 193 6332 8350 7959
112 188 193 6332 8350 7959
110 195 190 6192 8235 7866
110 198 190 5731 8478 7089
110 198 190 5731 8478 7089
106 204 179 5493 9250 6725
108 206 176 4946 10805 4905
110 208 172 4901 10429 4366
110 208 172 4901 10429 4366
121 210 151 4859 10104 4030
124 209 142 4761 10388 3589
