134 171 184 10756 6332 7729
132 171 193 10482 6456 8112
132 171 193 10482 6456 8112
124 165 208 9821 6747 8417
123 165 210 7844 6430 8489
124 166 209 7157 6373 8401
124 166 209 7157 6373 8401
121 177 216 6474 6479 8388
122 181 218 4068 7580 7999
122 183 216 2879 8073 8027
122 183 216 2879 8073 8027
111 198 198 1691 8343 8101
109 203 195 6138 7623 7712
108 209 193 6053 7216 7494
108 209 193 6053 7216 7494
108 221 189 5957 6709 7324
107 225 184 5498 5835 7491
108 228 181 5363 5287 7627
108 228 181 5363 5287 7627
106 232 161 5195 5088 7869
106 232 152 4726 5267 8309
105 228 142 4605 5915 8248
105 228 142 4605 5915 8248
105 213 107 4550 6431 7993
111 205 94 4970 7195 6202
111 205 94 4970 7195 6202
