128 146 153 8817 7907 7940
128 145 154 8638 8060 7922
129 146 156 8573 8157 7873
129 146 156 8573 8157 7873
130 148 156 8409 8115 7904
130 148 157 8031 7932 8177
130 148 157 8031 7932 8177
128 147 165 7896 8003 8283
127 147 166 7104 8188 8279
127 148 168 6802 8088 8180
127 148 168 6802 8088 8180
126 150 169 6426 8067 8085
126 151 170 5325 8146 7888
126 152 170 5025 8125 7830
126 152 170 5025 8125 7830
129 155 174 4727 8120 7776
130 155 175 3295 8424 7828
129 155 173 2656 8667 7939
129 155 173 2656 8667 7939
127 153 165 2199 8613 8024
126 152 163 1741 7981 8153
127 151 164 1650 8020 8148
127 151 164 1650 8020 8148
127 149 166 1385 8215 8168
126 147 163 6190 9000 8257
126 147 163 6190 9000 8257
124 143 153 6122 8977 8174
124 141 151 6109 8854 8099
124 140 150 6135 8764 7985
124 140 150 6135 8764 7985
123 135 148 6152 8641 7876
125 134 144 6142 8227 7289
125 135 142 6142 8074 7332
125 135 142 6142 8074 7332
128 131 132 6145 8342 7325
129 130 129 6312 8064 7553
129 130 129 6312 8064 7553
