131 170 186 10990 6401 6734
133 170 188 10469 6732 6800
136 169 191 9787 7269 6987
136 169 191 9787 7269 6987
131 165 206 9136 7900 7406
127 163 209 6878 8209 8904
122 163 209 6228 8039 9289
122 163 209 6228 8039 9289
111 163 203 5540 7871 9517
108 164 200 3638 7797 9414
105 165 198 2943 8049 9088
105 165 198 2943 8049 9088
105 176 191 2248 8299 8664
107 180 189 706 8148 7148
111 185 188 6313 7577 6755
111 185 188 6313 7577 6755
117 202 187 6200 7304 6585
114 205 184 5591 8414 6681
114 205 184 5591 8414 6681
111 208 172 5438 8553 6515
113 207 168 5245 8433 5684
114 205 162 5164 8682 5492
114 205 162 5164 8682 5492
114 197 138 5111 8950 5251
117 194 128 5270 8212 4132
120 191 118 5445 7570 3894
120 191 118 5445 7570 3894
