116 162 185 11107 6547 7936
121 162 181 11024 5705 7518
125 162 181 10673 5487 7356
125 162 181 10673 5487 7356
131 160 190 10302 5833 7354
130 160 192 8422 7519 7955
130 160 192 8422 7519 7955
125 159 197 7853 7656 8189
123 159 199 6642 7022 8904
120 159 200 6118 6896 9103
120 159 200 6118 6896 9103
116 163 194 5488 6766 9174
115 165 192 3757 6792 8845
116 168 191 3157 7113 8678
116 168 191 3157 7113 8678
116 178 191 2552 7413 8529
117 184 193 867 7546 8056
117 184 193 867 7546 8056
113 197 191 6246 7643 7984
111 199 190 5690 7855 7667
110 202 186 5524 7894 7388
110 202 186 5524 7894 7388
109 205 173 5381 7967 7156
109 204 167 4941 9001 6620
110 203 158 4827 9542 6258
110 203 158 4827 9542 6258
