120 160 173 11446 6354 7249
123 160 174 11128 5974 7332
125 160 176 10857 5869 7514
125 160 176 10857 5869 7514
126 160 187 10506 5983 7760
125 159 191 8866 7010 8669
125 159 191 8866 7010 8669
124 158 191 8112 7157 8862
123 159 187 6100 6751 9262
123 160 184 5658 6621 9450
123 160 184 5658 6621 9450
118 163 179 5305 6593 9624
117 164 180 4387 6995 9618
117 164 180 4387 6995 9618
120 171 181 4005 7116 9450
120 174 181 2588 7582 9250
118 176 181 1996 7738 9284
118 176 181 1996 7738 9284
116 181 180 1431 7738 9264
112 185 177 6306 7697 9179
110 187 177 6093 7605 8772
107 189 177 6008 7444 8429
107 189 177 6008 7444 8429
110 192 173 5923 7193 8002
111 192 169 5634 7095 7151
111 192 169 5634 7095 7151
115 189 154 5505 7370 7009
113 187 147 5146 8788 6802
