122 164 181 15240 5346 8676
123 164 189 14656 5058 8416
127 167 195 13883 5023 8095
127 167 195 13883 5023 8095
132 173 209 12756 5541 7911
133 175 213 8463 8528 7702
136 177 213 7277 8725 7690
136 177 213 7277 8725 7690
139 181 204 6344 8639 7868
136 181 202 4217 8267 9244
136 181 202 4217 8267 9244
125 184 194 3631 8047 9575
123 187 193 1585 8114 9643
123 187 193 1585 8114 9643
116 197 189 683 8407 9434
116 200 188 5763 9612 8238
116 205 186 5553 9990 7840
116 205 186 5553 9990 7840
110 210 178 5365 10248 7507
108 209 174 5046 9705 6678
108 209 174 5046 9705 6678
111 206 155 5020 9076 6334
113 204 147 5200 6688 6197
113 204 147 5200 6688 6197
115 194 128 5299 6221 6361
116 189 124 5522 6310 6358
116 189 124 5522 6310 6358
123 178 109 5614 6342 6217
128 173 100 5975 6655 5915
135 169 94 6148 6941 5993
135 169 94 6148 6941 5993
