127 166 209 8452 6225 8753
125 168 208 7704 6848 8978
121 169 211 7106 7315 9278
121 169 211 7106 7315 9278
111 169 214 6465 7567 9418
112 171 209 4118 7061 8773
114 175 200 3385 6928 8452
114 175 200 3385 6928 8452
116 187 187 2767 6978 8175
116 191 188 1016 8026 7316
116 191 188 1016 8026 7316
116 208 193 6292 8281 7046
114 214 191 5774 7399 6556
112 219 185 5617 6850 6557
112 219 185 5617 6850 6557
113 226 170 5485 6459 6586
111 225 165 5124 6210 7102
110 224 160 5057 5794 7257
110 224 160 5057 5794 7257
106 219 143 5045 5033 7384
108 213 130 5187 3871 7526
