109 149 188 10906 6768 8518
110 150 188 10467 6738 8070
113 152 189 10045 6919 7682
113 152 189 10045 6919 7682
114 156 195 9563 7135 7607
114 156 198 7816 7345 7929
112 157 199 7144 7075 8124
112 157 199 7144 7075 8124
106 163 193 6397 6752 8291
106 165 189 4445 6317 8313
106 167 186 3922 6428 8142
106 167 186 3922 6428 8142
110 177 180 3473 6577 7948
111 181 180 2326 6807 7701
111 181 180 2326 6807 7701
109 195 191 1937 6896 7755
106 199 193 6194 7222 7799
106 199 193 6194 7222 7799
101 217 189 6002 6968 7614
103 222 186 5446 6425 6409
103 222 186 5446 6425 6409
114 230 163 5218 6785 5948
115 225 151 4715 8581 5378
115 218 143 4714 8976 5189
115 218 143 4714 8976 5189
118 198 124 4786 9100 4890
121 193 120 5350 8194 4045
127 190 115 5502 7800 4009
127 190 115 5502 7800 4009
