131 168 195 10447 5528 8211
132 167 196 9602 5886 8563
134 165 195 8721 6222 8928
134 165 195 8721 6222 8928
128 164 192 7929 6534 9351
123 166 192 5983 7546 10106
123 166 192 5983 7546 10106
112 166 196 5499 7813 10238
111 166 195 4064 7677 9762
112 168 194 3526 7382 9416
112 168 194 3526 7382 9416
115 179 185 2889 7271 9113
115 183 183 778 8486 8233
115 187 183 6247 9162 7857
115 187 183 6247 9162 7857
112 195 185 6103 9657 7454
111 198 185 5860 8776 6588
111 198 185 5860 8776 6588
110 206 178 5760 8453 6348
108 206 175 5274 9849 5751
108 206 175 5274 9849 5751
111 203 160 5115 10491 5317
112 200 151 4995 9828 4185
113 197 141 5064 9370 3967
113 197 141 5064 9370 3967
