117 165 206 10335 6806 7061
121 166 207 9504 6327 7055
121 166 207 9504 6327 7055
129 171 200 8784 5711 7288
127 171 199 6664 5591 9243
127 171 199 6664 5591 9243
114 168 195 6005 5825 9751
111 169 193 4114 6406 9948
108 170 191 3676 6290 9760
108 170 191 3676 6290 9760
111 182 195 3494 5738 9494
121 191 198 3609 2398 8360
133 202 199 2574 2867 8404
133 202 199 2574 2867 8404
129 217 183 938 4322 8854
123 216 177 5605 7728 9525
119 217 175 5515 7852 9155
119 217 175 5515 7852 9155
121 221 174 5448 7938 8711
123 221 171 4913 10117 7971
123 221 171 4913 10117 7971
116 214 146 4634 11328 7771
113 209 136 4279 12548 6378
113 209 136 4279 12548 6378
119 190 96 4407 11886 5611
126 181 80 5428 8777 4107
