133 171 208 7698 7146 9743
132 170 205 6827 7020 9994
130 169 200 5976 7084 10245
130 169 200 5976 7084 10245
123 168 182 5183 7360 10354
119 167 177 3367 9163 10119
119 167 177 3367 9163 10119
115 166 178 3023 9777 9766
116 168 182 2415 9981 8355
118 173 186 2135 9425 7944
118 173 186 2135 9425 7944
126 185 188 1679 8671 7755
124 191 177 6300 7414 8071
121 193 174 6072 7355 8323
121 193 174 6072 7355 8323
118 197 176 5965 7801 8176
120 199 175 5595 9312 6953
121 200 174 5486 9673 6627
121 200 174 5486 9673 6627
122 198 161 5374 9959 6378
122 197 155 5131 10580 5914
122 197 155 5131 10580 5914
123 188 141 5101 10791 5846
123 184 137 5116 11292 5459
123 184 137 5116 11292 5459
125 173 121 5185 11069 5212
127 170 114 5816 7410 4846
127 170 114 5816 7410 4846
