131 169 192 11759 4603 7982
134 171 193 10769 5283 7815
137 174 193 9748 6043 7835
137 174 193 9748 6043 7835
135 177 208 9026 6637 8124
139 179 216 8333 5018 9172
144 182 221 7680 4436 9737
144 182 221 7680 4436 9737
130 185 199 6260 4890 10471
121 183 191 1848 8487 11404
118 181 186 1345 8960 10981
118 181 186 1345 8960 10981
121 182 184 1009 9166 10460
121 184 186 6111 9530 9507
121 184 186 6111 9530 9507
115 192 179 5888 9904 9248
114 195 176 5252 12181 7385
114 195 176 5252 12181 7385
116 196 168 5087 13032 6569
116 193 166 5020 13684 4986
116 192 166 5079 13296 4587
116 192 166 5079 13296 4587
114 187 154 5111 12889 4288
114 184 147 5288 11340 3256
114 184 147 5288 11340 3256
120 179 128 5384 10850 2843
125 177 122 5885 9224 1963
125 177 122 5885 9224 1963
