135 157 163 8297 7921 8490
135 157 162 8061 7811 8668
135 157 162 8061 7811 8668
134 156 167 7727 7804 8829
132 156 167 6441 8192 9209
130 156 169 5909 8403 9109
130 156 169 5909 8403 9109
130 156 175 5258 8720 8825
130 158 174 2941 9123 8019
130 160 171 2176 9251 7915
130 160 171 2176 9251 7915
128 158 167 1533 9547 7812
128 157 167 6253 10741 7523
128 157 166 6161 10831 7403
128 157 166 6161 10831 7403
125 153 159 6092 10754 7378
124 151 161 6140 9665 7554
124 149 164 6191 9143 7601
124 149 164 6191 9143 7601
118 144 156 6147 8716 7701
114 141 160 6194 7907 7774
114 141 160 6194 7907 7774
116 144 170 6196 7524 7439
122 147 162 5613 8176 6081
122 147 162 5613 8176 6081
123 140 134 5518 8481 6118
123 134 124 5749 8766 6461
123 134 124 5749 8766 6461
