121 173 207 12761 4361 8229
124 171 214 11715 4651 8140
127 171 217 10444 5076 8172
127 171 217 10444 5076 8172
127 172 212 9001 5731 8364
124 170 210 5881 7318 9358
119 169 210 5212 7465 9531
119 169 210 5212 7465 9531
115 172 204 4580 7391 9474
115 176 202 2720 7140 8861
115 176 202 2720 7140 8861
110 193 195 1796 7716 8643
108 198 197 6087 10513 6989
108 198 197 6087 10513 6989
101 211 202 5895 11637 6230
97 215 201 5333 13155 4247
94 219 198 5260 12629 3568
94 219 198 5260 12629 3568
95 225 178 5248 11438 2915
97 227 169 5229 7915 1971
97 227 169 5229 7915 1971
102 229 143 5131 7351 1801
107 230 129 4965 7703 739
114 226 109 5030 8135 6451
114 226 109 5030 8135 6451
