144 171 207 9375 7321 7359
147 171 211 8512 7920 8150
143 169 216 7626 8308 9088
143 169 216 7626 8308 9088
124 164 210 6737 8261 9772
120 163 206 4810 7461 10143
120 163 206 4810 7461 10143
115 167 197 4146 7957 9856
114 170 197 2095 9792 8424
115 175 198 1499 9962 7818
115 175 198 1499 9962 7818
122 195 198 898 9855 7271
121 201 194 5918 9242 6857
121 201 194 5918 9242 6857
116 208 181 5797 8791 6880
114 209 177 5459 8392 6938
111 209 172 5343 8555 6744
111 209 172 5343 8555 6744
103 207 159 5258 8615 6393
103 207 153 5226 7590 5065
103 207 153 5226 7590 5065
117 202 126 5314 6482 4738
