110 165 212 10807 3510 8468
112 167 218 10237 3593 8322
112 167 218 10237 3593 8322
116 174 221 9163 4142 8265
112 175 214 4613 6687 9159
108 175 205 3719 6946 9328
108 175 205 3719 6946 9328
103 176 190 3039 6855 9371
104 177 186 2013 6364 8549
104 177 186 2013 6364 8549
112 184 178 1579 6489 8156
112 185 175 6216 7459 7517
112 185 175 6216 7459 7517
110 188 168 6095 7777 7291
111 190 167 5842 8143 5935
113 191 164 5779 8199 5427
113 191 164 5779 8199 5427
122 197 158 5739 8227 5056
123 197 156 5606 9262 4883
123 197 156 5606 9262 4883
120 190 151 5522 10035 4827
120 188 147 5396 10820 4319
124 186 142 5444 10480 4089
124 186 142 5444 10480 4089
130 182 132 5495 10090 4076
143 177 105 5637 9155 4436
149 171 88 6027 8667 5537
