126 169 189 11009 5690 7057
129 166 187 10253 5719 7325
131 165 187 9707 5773 7714
131 165 187 9707 5773 7714
122 163 201 9324 5940 8193
115 162 207 7705 7018 9224
115 162 207 7705 7018 9224
103 162 202 6737 7288 9235
104 164 195 4531 7027 8225
104 164 195 4531 7027 8225
110 172 186 4174 6882 7866
112 175 185 3233 6621 7125
112 175 185 3233 6621 7125
115 186 185 2881 6547 6936
115 189 182 1100 7100 6378
115 189 182 1100 7100 6378
117 201 180 703 6992 6085
123 206 181 6228 5729 5578
129 211 182 6087 5842 6014
129 211 182 6087 5842 6014
121 209 169 5891 6286 6764
115 206 164 5517 7056 8085
112 202 160 5516 6957 7901
112 202 160 5516 6957 7901
117 195 152 5518 7086 7545
120 193 148 5272 9029 6665
123 192 144 5185 9684 6487
123 192 144 5185 9684 6487
122 181 129 5146 10105 6417
121 177 125 5328 9999 5855
121 177 125 5328 9999 5855
127 171 115 5449 9694 5522
