120 150 165 7653 6358 8236
119 150 164 7575 6263 8175
119 150 164 7575 6263 8175
118 150 164 7472 6355 8073
119 152 165 7327 6688 7685
119 152 165 7327 6688 7685
121 159 167 7177 6871 7576
122 160 167 6205 7779 7832
122 160 167 6205 7779 7832
118 161 168 5806 8012 8040
117 162 168 5093 7517 8400
117 162 168 5093 7517 8400
114 164 168 4851 7360 8443
114 165 168 4203 7153 8293
115 166 168 4034 7122 8193
115 166 168 4034 7122 8193
117 170 169 3827 7137 8137
118 172 170 3051 7424 8088
117 173 169 2669 7541 8094
117 173 169 2669 7541 8094
117 178 169 2360 7523 8067
116 179 168 1303 7997 7912
116 179 168 1303 7997 7912
118 181 164 893 8307 7784
119 180 162 6347 7987 7511
119 180 162 6347 7987 7511
122 176 158 6326 7830 7570
123 174 156 6211 7872 7703
123 174 156 6211 7872 7703
123 166 149 6171 7841 7687
123 164 147 6075 7497 7654
123 164 147 6075 7497 7654
122 156 140 6031 7481 7578
120 154 138 5882 8061 7060
120 154 138 5882 8061 7060
121 153 129 5805 8262 6621
126 154 125 5774 8923 5225
126 154 125 5774 8923 5225
136 150 117 5810 9358 5144
135 146 115 6082 9936 5891
135 146 115 6082 9936 5891
130 138 112 6276 9321 6170
129 136 109 2955 6510 6567
129 136 109 2955 6510 6567
