127 163 176 9265 5881 7463
127 163 177 8895 6103 7729
127 163 177 8895 6103 7729
125 164 184 8558 6094 8078
123 164 184 7055 6018 9176
123 164 184 7055 6018 9176
116 163 178 6495 5911 9396
116 164 175 5257 5831 9416
116 164 175 5257 5831 9416
115 168 173 4964 6134 9280
115 169 174 4020 7498 8776
115 170 175 3662 7758 8613
115 170 175 3662 7758 8613
115 177 172 3272 7829 8446
115 179 170 2152 7014 7959
115 179 170 2152 7014 7959
117 185 168 1863 7037 7905
117 186 167 6315 8691 7700
117 186 167 6315 8691 7700
115 186 168 6201 9272 7574
114 188 171 6078 9097 7180
114 190 170 5946 8445 6701
115 192 168 5846 8628 6493
115 192 168 5846 8628 6493
116 191 164 5741 9076 6317
115 189 163 5530 9831 5786
116 188 160 5488 9771 5574
116 188 160 5488 9771 5574
117 183 147 5454 9653 5352
118 181 145 5442 9924 4733
119 179 140 5445 9971 4489
119 179 140 5445 9971 4489
121 172 129 5484 9941 4213
124 170 122 5746 8771 3597
127 168 112 5930 7959 3548
127 168 112 5930 7959 3548
