123 169 211 6811 6499 9562
120 168 208 6054 6359 10051
120 168 208 6054 6359 10051
107 166 197 5325 6318 10393
105 168 192 3167 7323 9659
106 169 187 2573 7776 9110
106 169 187 2573 7776 9110
109 180 190 2140 8350 8601
109 185 194 6312 9559 7106
109 185 194 6312 9559 7106
107 208 203 6150 9419 6690
107 216 203 5625 8247 5567
107 216 203 5625 8247 5567
109 226 181 5405 8150 5347
110 226 171 4952 7977 5035
110 226 171 4952 7977 5035
112 220 141 4875 8231 5028
112 218 130 4864 8616 4453
114 215 115 4955 7873 4032
114 215 115 4955 7873 4032
