-0.076923 2.423077 3.640000 13106 6413 7982
-0.076923 2.615385 4.120000 11488 7648 7321
-0.076923 2.615385 4.120000 11488 7648 7321
0.500000 3.307692 4.440000 9193 8694 6846
0.423077 3.500000 4.520000 2353 10376 7809
0.115385 3.769231 4.480000 6322 10240 8512
0.115385 3.769231 4.480000 6322 10240 8512
-0.692308 4.307693 3.920000 5912 9588 8847
-0.615385 4.384615 3.640000 4703 8672 7131
-0.615385 4.384615 3.640000 4703 8672 7131
-0.807692 4.500000 2.480000 4202 9516 6585
-0.884615 4.538462 1.640000 3176 10134 5169
-0.884615 4.538462 1.640000 3176 10134 5169
