127 150 148 7749 8707 8626
126 151 148 7756 8425 8535
126 151 148 7756 8425 8535
128 150 149 7701 8249 8397
127 150 149 7357 8113 8227
127 150 149 7357 8113 8227
127 151 151 7282 8078 8177
125 151 153 6900 8368 8063
125 151 153 6900 8368 8063
125 153 154 6743 8224 7987
125 154 154 6514 7709 7937
126 155 154 6382 7671 7975
126 155 154 6382 7671 7975
124 154 157 6223 7723 8047
125 155 157 5708 7743 8085
125 155 157 5580 7613 8086
125 155 157 5580 7613 8086
125 156 158 5448 7517 8107
124 156 158 5020 7365 8214
124 156 159 4825 7423 8216
124 156 159 4825 7423 8216
124 156 163 4598 7492 8196
125 157 164 4131 6702 8031
126 158 164 3972 6345 8058
126 158 164 3972 6345 8058
127 158 162 3711 6304 8147
128 158 162 2958 6928 8452
129 158 164 2660 7251 8562
129 158 164 2660 7251 8562
128 156 162 2218 7667 8693
127 154 160 1010 8638 8844
127 153 159 963 8350 8826
127 153 159 963 8350 8826
126 149 160 1036 7969 8885
125 149 161 646 7738 8863
125 149 161 646 7738 8863
128 147 156 6251 8129 8763
126 146 155 5894 9159 8674
126 146 155 5894 9159 8674
115 141 150 5808 9074 8594
115 142 144 5687 6658 7207
118 145 137 5681 5876 6835
118 145 137 5681 5876 6835
