-0.076923 1.230769 1.240000 6917 7477 9074
-0.153846 1.230769 1.240000 6676 7672 9152
-0.153846 1.230769 1.240000 6676 7672 9152
-0.346154 1.115385 1.120000 6312 8027 9157
-0.346154 1.115385 1.160000 6092 8152 8855
-0.384615 1.076923 1.200000 6079 8007 8734
-0.384615 1.076923 1.200000 6079 8007 8734
-0.269231 1.115385 1.200000 6084 7684 8611
-0.269231 1.153846 1.240000 5633 7547 8416
-0.307692 1.153846 1.240000 5310 7750 8377
-0.307692 1.153846 1.240000 5310 7750 8377
-0.307692 1.153846 1.160000 5029 7852 8294
-0.269231 1.153846 1.120000 4840 7031 8179
-0.192308 1.192308 1.080000 4851 6791 8202
-0.192308 1.192308 1.080000 4851 6791 8202
-0.115385 1.192308 1.120000 4744 6830 8288
-0.115385 1.153846 1.160000 4027 7479 8477
-0.153846 1.115385 1.160000 3673 7736 8532
-0.153846 1.115385 1.160000 3673 7736 8532
-0.192308 1.038462 1.040000 3400 7810 8502
-0.230769 1.000000 1.040000 3206 7714 8333
-0.230769 0.961538 1.040000 3055 7943 8220
-0.230769 0.961538 1.040000 3055 7943 8220
-0.153846 0.884615 1.080000 2815 8273 8117
-0.192308 0.846154 1.120000 2205 8765 7949
-0.192308 0.846154 1.120000 2205 8765 7949
-0.192308 0.730769 1.080000 2145 8477 7935
-0.115385 0.692308 1.000000 1532 8302 7768
-0.115385 0.692308 1.000000 1532 8302 7768
-0.192308 0.500000 0.760000 1189 8717 7771
-0.230769 0.384615 0.720000 657 10201 7528
-0.307692 0.307692 0.720000 6339 10602 7272
-0.307692 0.307692 0.720000 6339 10602 7272
-0.346154 0.115385 0.600000 6318 10888 6909
-0.307692 0.076923 0.600000 738 10207 6158
-0.230769 0.076923 0.600000 921 9847 5991
-0.230769 0.076923 0.600000 921 9847 5991
-0.153846 0.000000 0.520000 1020 9640 5898
-0.153846 -0.038462 0.480000 1252 9247 5962
-0.115385 -0.038462 0.480000 1333 9055 6008
-0.115385 -0.038462 0.480000 1333 9055 6008
-0.076923 -0.153846 0.200000 1431 8733 6093
-0.076923 -0.192308 0.080000 2092 7866 6379
-0.076923 -0.230769 0.000000 2496 7600 6510
-0.076923 -0.230769 0.000000 2496 7600 6510
