127 152 164 7743 7951 9577
123 152 167 7454 8195 9660
123 152 167 7454 8195 9660
117 149 167 7095 8310 9599
116 149 167 6445 8277 9049
116 149 168 6238 8386 8785
116 149 168 6238 8386 8785
116 153 169 5989 8513 8477
117 155 170 5239 9059 7620
117 155 170 5239 9059 7620
118 158 171 5064 8960 7458
119 160 171 4597 8107 7141
119 161 171 4356 7949 7105
119 161 171 4356 7949 7105
122 163 166 4051 7779 7111
124 163 163 3313 7457 7056
124 163 163 3313 7457 7056
127 164 160 3135 7541 7074
127 163 160 2750 7946 7373
127 163 160 2649 8065 7524
127 163 160 2649 8065 7524
125 159 162 2530 8218 7672
125 158 161 2252 8214 7778
125 158 161 2252 8214 7778
127 154 160 2274 8065 7779
127 154 160 2240 8108 7929
127 154 160 2240 8108 7929
122 149 162 2075 8401 7970
120 149 161 1194 9111 7811
120 149 161 1194 9111 7811
121 148 155 899 9333 7556
123 146 154 986 8990 7069
123 146 154 986 8990 7069
124 142 153 1274 8576 7106
125 141 152 1181 8368 7152
125 141 152 1181 8368 7152
125 138 146 905 8603 7202
125 137 143 6317 8715 7164
124 136 141 6302 8695 7155
124 136 141 6302 8695 7155
123 132 132 6301 8596 7073
124 131 130 1136 7878 6456
124 131 130 1136 7878 6456
127 130 123 1547 7566 6397
