0.000000 0.000000 0.000000 0 0 0
0.153846 -0.480000 -0.538462 0 0 0
0.153846 -0.480000 -0.538462 0 0 0
0.000000 -0.280000 -0.576923 16383 16383 16383
-0.038462 -0.200000 -0.576923 16383 16383 16383
-0.038462 -0.080000 -0.576923 16383 16383 16383
-0.038462 -0.080000 -0.576923 16383 16383 16383
-0.038462 0.320000 -0.653846 16383 16383 16383
-0.038462 0.680000 -0.576923 67 73 9380
-0.038462 0.680000 -0.576923 67 73 9380
-0.038462 1.120000 -0.192308 15037 8881 10523
-0.115385 1.240000 -0.076923 9762 9436 10938
-0.115385 1.240000 -0.076923 9762 9436 10938
-0.538462 1.440000 0.269231 9809 9561 11137
-0.653846 1.560000 0.461538 9971 9818 8882
-0.653846 1.640000 0.653846 10025 9833 9376
-0.653846 1.640000 0.653846 10025 9833 9376
-0.230769 1.880000 1.115385 10046 9825 8850
-0.192308 1.960000 1.192308 9929 10124 9397
-0.269231 2.040000 1.230769 9872 10337 9894
-0.269231 2.040000 1.230769 9872 10337 9894
-0.653846 2.120000 1.807692 9854 10469 10119
-0.576923 2.120000 1.961538 9764 9568 9490
-0.500000 2.040000 2.076923 15412 9238 9308
-0.500000 2.040000 2.076923 15412 9238 9308
-0.384615 1.920000 2.230769 14833 9086 9187
-0.384615 1.880000 2.346154 13012 9009 8766
