0.076923 -0.320000 -0.500000 11625 8113 9921
0.038462 -0.240000 -0.461538 11981 8002 9815
0.076923 -0.160000 -0.423077 12277 7747 9706
0.076923 -0.160000 -0.423077 12277 7747 9706
0.192308 0.160000 -0.346154 12571 7611 9657
0.153846 0.280000 -0.346154 13269 7542 10044
0.115385 0.400000 -0.307692 13494 7621 10262
0.115385 0.400000 -0.307692 13494 7621 10262
-0.269231 0.720000 -0.346154 13770 7683 10471
-0.307692 0.920000 -0.346154 15304 7737 10443
-0.346154 1.200000 -0.230769 9808 7845 10362
-0.346154 1.200000 -0.230769 9808 7845 10362
-0.346154 2.040000 0.307692 9980 7959 10338
-0.423077 2.320000 0.500000 10353 8611 10736
-0.576923 2.560000 0.769231 10454 8891 10844
-0.576923 2.560000 0.769231 10454 8891 10844
-0.461538 2.400000 1.807692 10521 8921 10833
-0.461538 2.240000 1.846154 10111 8412 10616
-0.538462 2.160000 1.576923 9889 8369 10597
-0.538462 2.160000 1.576923 9889 8369 10597
-0.576923 2.080000 0.961538 9743 8219 10408
