0.076923 -0.480000 -1.269231 9604 8006 8624
0.000000 -0.400000 -1.153846 10136 8141 8578
0.076923 -0.400000 -1.115385 10548 8224 8524
0.076923 -0.400000 -1.115385 10548 8224 8524
0.076923 -0.240000 -1.076923 10879 8247 8531
0.038462 -0.160000 -1.038462 12365 8560 8634
0.038462 -0.160000 -1.038462 12365 8560 8634
0.038462 0.160000 -0.846154 12819 8784 8582
0.000000 0.320000 -0.730769 14021 9564 8537
0.000000 0.320000 -0.730769 14021 9564 8537
0.000000 0.600000 -0.423077 14333 9671 8564
-0.076923 0.680000 -0.346154 14946 10201 9003
-0.076923 0.680000 -0.346154 14946 10201 9003
-0.307692 0.960000 -0.115385 15097 10383 9257
-0.346154 1.160000 -0.076923 15711 10456 9664
-0.346154 1.160000 -0.076923 15711 10456 9664
-0.307692 1.640000 -0.153846 9779 10411 9729
-0.384615 1.960000 -0.115385 10023 10757 10281
-0.461538 2.200000 0.000000 10181 11075 10577
-0.461538 2.200000 0.000000 10181 11075 10577
-0.730769 3.080000 0.846154 10336 11193 10839
-0.807692 3.240000 1.230769 10692 10564 11245
-0.807692 3.240000 1.230769 10692 10564 11245
-0.769231 3.200000 2.461539 10660 9946 11041
-0.576923 3.000000 2.615385 10345 7435 9687
