0.153846 -0.120000 -0.884615 10323 9740 9278
0.153846 -0.080000 -0.923077 10742 9676 9332
0.192308 -0.040000 -0.923077 11175 9546 9446
0.192308 -0.040000 -0.923077 11175 9546 9446
0.038462 0.200000 -0.884615 11630 9453 9649
-0.038462 0.280000 -0.807692 13301 9541 9847
-0.038462 0.280000 -0.807692 13301 9541 9847
-0.076923 0.680000 -0.576923 13757 9615 9806
-0.038462 0.800000 -0.538462 15261 9453 9778
-0.038462 0.960000 -0.461538 15795 9366 9832
-0.115385 1.280000 -0.307692 9966 9286 10245
-0.115385 1.280000 -0.307692 9966 9286 10245
-0.538462 1.840000 0.038462 10080 9324 10463
-0.692308 2.080000 0.269231 10454 10247 10791
-0.884615 2.320000 0.615385 10609 10521 10917
-0.884615 2.320000 0.615385 10609 10521 10917
-1.000000 2.960000 1.538462 10710 10559 10900
-0.807692 3.080000 1.884615 10848 10373 10968
-0.807692 3.080000 1.884615 10848 10373 10968
-0.576923 2.800000 2.653846 10798 9981 11250
-0.653846 2.520000 2.653846 10211 8014 11953
-0.653846 2.520000 2.653846 10211 8014 11953
-1.153846 2.040000 2.000000 9998 7610 11737
-1.115385 2.040000 1.884615 14064 8749 9799
-1.115385 1.960000 1.884615 13113 9951 9142
