0.153846 -0.720000 -0.769231 8369 8432 8761
0.076923 -0.720000 -0.846154 8691 8697 8804
0.076923 -0.720000 -0.846154 9125 8777 8781
0.076923 -0.720000 -0.846154 9125 8777 8781
0.038462 -0.600000 -0.730769 9650 8787 8748
0.000000 -0.560000 -0.730769 11139 8160 8552
0.038462 -0.440000 -0.692308 11583 8002 8462
0.038462 -0.440000 -0.692308 11583 8002 8462
0.076923 -0.200000 -0.653846 11939 7965 8362
0.115385 -0.080000 -0.653846 12656 8541 8143
0.153846 0.080000 -0.615385 13010 8841 8142
0.153846 0.080000 -0.615385 13010 8841 8142
0.153846 0.400000 -0.307692 13457 9103 8213
0.115385 0.520000 -0.192308 14615 9355 8702
0.115385 0.520000 -0.192308 14615 9355 8702
-0.038462 0.800000 -0.076923 14883 9311 8828
-0.153846 0.880000 0.038462 15335 10083 9273
-0.153846 0.880000 0.038462 15335 10083 9273
-0.346154 1.160000 0.576923 15632 10559 9413
-0.384615 1.320000 0.769231 9887 11168 9847
-0.384615 1.320000 0.769231 9887 11168 9847
-0.615385 1.320000 1.384615 9894 11273 10055
-0.538462 1.320000 1.461538 9830 10094 10079
-0.538462 1.320000 1.461538 9830 10094 10079
-0.538462 1.520000 1.346154 9747 9862 10170
-0.653846 1.520000 1.538462 15321 10199 10493
-0.653846 1.480000 1.653846 14819 10023 10485
-0.692308 1.440000 1.692308 14361 9795 10362
-0.692308 1.440000 1.692308 14361 9795 10362
-0.538462 1.520000 1.384615 13822 9569 10232
-0.576923 1.560000 1.269231 12848 9799 10693
-0.576923 1.560000 1.269231 12848 9799 10693
-0.884615 1.560000 1.538462 13175 9584 10796
-0.846154 1.560000 1.884615 14998 7240 9843
-0.846154 1.560000 1.884615 14998 7240 9843
