0.000000 -0.640000 -0.923077 9571 7345 8509
-0.038462 -0.560000 -0.846154 10051 7325 8452
-0.038462 -0.560000 -0.846154 10051 7325 8452
0.038462 -0.440000 -0.846154 10365 7396 8331
0.076923 -0.400000 -0.807692 11295 8198 8309
0.076923 -0.320000 -0.769231 11569 8579 8376
0.076923 -0.320000 -0.769231 11569 8579 8376
-0.153846 -0.200000 -0.653846 11841 8874 8463
-0.230769 -0.120000 -0.615385 12651 9364 8275
-0.230769 -0.120000 -0.615385 12651 9364 8275
-0.153846 0.240000 -0.500000 13006 9350 8059
-0.115385 0.400000 -0.461538 14052 9434 7517
-0.115385 0.400000 -0.461538 14052 9434 7517
0.000000 0.880000 -0.346154 14356 9562 7542
-0.076923 1.000000 -0.230769 15026 10522 8172
-0.076923 1.000000 -0.230769 15026 10522 8172
-0.269231 1.480000 -0.076923 15214 10906 8454
-0.307692 1.680000 0.000000 9845 11296 9394
-0.307692 1.680000 0.000000 9845 11296 9394
-0.423077 2.560000 0.115385 9954 11123 9751
-0.538462 2.920000 0.230769 10432 11246 11169
-0.692308 3.280000 0.538462 10605 11163 11508
-0.692308 3.280000 0.538462 10605 11163 11508
-0.961538 3.640000 1.500000 10675 10768 11719
