0.385801 0.170363 0.175347 0.356532 0.000000 0.000000 0.000000 
0.061503 0.973342 0.005890 0.111666 0.000000 0.000000 0.000000 
0.040194 0.741288 -0.041513 0.073989 819.150024 819.150024 819.150024 
0.025114 0.747664 -0.034069 0.029031 1638.300049 1638.300049 1638.300049 
0.025114 0.747664 -0.034069 0.029031 2457.450073 2457.450073 2457.450073 
0.036489 0.745951 -0.059385 -0.016960 3276.600098 3276.600098 3276.600098 
0.036489 0.745951 -0.059385 -0.016960 4095.750122 4095.750122 4095.750122 
-0.105925 0.976357 -0.023409 -0.004454 4111.250122 4113.250122 4562.450134 
0.020960 0.983226 -0.087956 -0.120522 4111.250122 4113.250122 4562.450134 
-0.121021 0.956692 -0.047056 -0.057952 4113.000122 4103.700122 4595.650135 
-0.121021 0.956692 -0.047056 -0.057952 4114.750122 4094.150122 4628.850136 
-0.084069 0.905566 -0.025201 0.026114 4114.750122 4094.150122 4628.850136 
-0.012865 0.901906 0.429531 -0.220997 4113.900122 4101.550122 4620.850136 
0.891603 -0.443015 -0.152950 0.066549 4110.450122 4121.150122 4622.700136 
0.891603 -0.443015 -0.152950 0.066549 4107.000122 4140.750123 4624.550136 
0.513302 0.312864 0.089906 0.063857 4107.000122 4140.750123 4624.550136 
0.390990 0.599130 0.824610 -0.309102 4107.900122 4168.900122 3206.050136 
0.464623 0.689559 0.722762 0.010776 4107.900122 4199.050122 1796.050136 
0.464623 0.689559 0.722762 0.010776 4107.900122 4229.200121 386.050136 
0.002104 0.229350 0.961017 -0.053944 4107.900122 4229.200121 386.050136 
-0.086361 0.708982 0.362004 0.142791 4098.550122 4203.050122 658.900142 
0.016328 0.745977 0.308303 0.170043 4086.550122 4173.950121 903.100139 
0.016328 0.745977 0.308303 0.170043 4074.550122 4144.850121 1147.300136 
0.107850 -0.312099 0.975337 0.240429 4074.550122 4144.850121 1147.300136 
-0.553649 0.202653 0.959222 -0.082530 4069.150121 4138.550121 1015.900142 
-0.513380 0.158880 0.952594 -0.075559 4065.850121 4130.300121 839.500148 
-0.513380 0.158880 0.952594 -0.075559 4062.550122 4122.050121 663.100154 
0.198239 -0.634088 0.929633 0.514977 4062.550122 4122.050121 663.100154 
-0.464458 0.105468 0.955087 -0.023207 4061.550122 4116.250121 541.700153 
-0.092411 0.008929 0.951141 0.100301 4066.350122 4105.150120 386.050159 
-0.092411 0.008929 0.951141 0.100301 4071.150122 4094.050120 230.400165 
0.471950 -0.598778 0.915783 0.487242 4071.150122 4094.050120 230.400165 
0.109870 -0.192498 0.938887 0.314749 4085.500122 4100.600120 141.100162 
0.475284 -0.091636 0.918971 0.234365 4101.200122 4113.800120 24.350162 
0.475284 -0.091636 0.918971 0.234365 4116.900122 4127.000120 -92.399838 
0.006657 0.009570 0.963127 0.007269 4530.600134 4513.100126 64.200168 
0.077687 0.000284 0.926519 -0.085447 4951.750128 4923.950132 147.350169 
0.041679 0.004043 0.928091 -0.029964 5378.750128 5339.050138 205.300170 
0.041679 0.004043 0.928091 -0.029964 5805.750128 5754.150144 263.250171 
0.071343 -0.118577 0.191360 0.717432 6242.250128 6168.750150 294.800170 
0.651146 0.253147 0.080802 0.051409 6242.250128 6168.750150 294.800170 
0.813986 0.525688 -0.549459 -0.183143 6240.900128 6160.450150 297.300170 
0.813986 0.525688 -0.549459 -0.183143 6239.550128 6152.150150 299.800170 
-0.094965 0.972734 -0.093375 0.023986 6239.550128 6152.150150 299.800170 
-0.159483 0.968422 0.131266 -0.113406 6212.450128 6174.550149 35.900176 
-0.159483 0.968422 0.131266 -0.113406 6185.350127 6196.950149 -227.999818 
0.078647 -0.016409 0.963640 -0.074387 6599.550139 6603.850143 -156.249818 
-0.019077 -0.013899 0.968628 0.029683 6996.700133 7030.550155 -27.949815 
-0.019140 -0.013746 0.968613 0.029688 7389.050139 7460.500167 128.100188 
-0.019140 -0.013746 0.968613 0.029688 7781.400146 7890.450180 284.150192 
-0.023664 -0.012989 0.967414 0.030028 8172.950133 8313.450180 467.000198 
-0.009946 0.970843 0.126821 0.044746 8172.950133 8313.450180 467.000198 
-0.009946 0.970843 0.126821 0.044746 8172.950133 8313.450180 467.000198 
0.049315 0.969079 0.178671 -0.031924 8172.950133 8313.450180 467.000198 
-0.012864 0.982426 -0.067668 -0.080483 8165.200133 8319.250180 583.000198 
-0.037135 0.982981 0.040992 -0.051316 8150.650133 8338.900179 734.900192 
-0.037135 0.982981 0.040992 -0.051316 8136.100133 8358.550179 886.800185 
0.006730 0.967001 0.086670 -0.034761 8136.100133 8358.550179 886.800185 
-0.000729 0.961669 -0.033124 -0.050935 8140.950133 8367.650179 971.900184 
0.093651 0.973986 0.074509 -0.030006 8145.550133 8378.850179 1089.450187 
0.093651 0.973986 0.074509 -0.030006 8150.150133 8390.050179 1207.000190 
0.009674 0.956959 0.036038 0.026728 8150.150133 8390.050179 1207.000190 
-0.237140 0.972141 0.026765 0.241834 8156.700133 8374.800179 1314.000190 
-0.017938 0.967758 0.009552 0.032687 8162.700133 8363.500179 460.500190 
-0.017938 0.967758 0.009552 0.032687 8168.700133 8352.200179 -392.999810 
0.190763 0.631658 0.166485 0.071550 8168.700133 8352.200179 -392.999810 
-0.191853 0.920229 -0.099447 -0.167236 8171.400133 8346.350179 -235.999810 
0.019106 0.618887 0.661231 -0.202521 8182.800133 8322.150178 -55.999810 
0.019106 0.618887 0.661231 -0.202521 8194.200132 8297.950177 124.000190 
-0.077331 0.226723 0.968286 -0.219635 8194.200132 8297.950177 124.000190 
