0.281326 0.942480 0.034033 -0.125844 
0.236104 0.948095 0.180890 -0.131619 
0.236107 0.948095 0.180888 -0.131619 
0.236107 0.948095 0.180888 -0.131619 
-0.067754 0.963848 0.128516 -0.150445 
0.055451 0.944271 0.227312 -0.150965 
0.236108 0.948095 0.180889 -0.131619 
0.236108 0.948095 0.180889 -0.131619 
0.079579 0.988856 0.235318 -0.109490 
0.067874 0.989595 0.260912 -0.132913 
-0.000110 0.992588 0.030422 0.007698 
-0.000110 0.992588 0.030422 0.007698 
-0.000110 0.992588 0.030422 0.007698 
-0.000110 0.992588 0.030422 0.007698 
-0.000110 0.992588 0.030422 0.007698 
-0.000110 0.992588 0.030422 0.007698 
-0.000110 0.992588 0.030422 0.007698 
-0.000110 0.992588 0.030422 0.007698 
-0.000110 0.992588 0.030422 0.007698 
-0.235998 0.992800 0.210247 -0.151743 
-0.235998 0.992800 0.210247 -0.151743 
0.245070 0.904484 0.020016 0.012165 
0.245070 0.904484 0.020016 0.012165 
0.245070 0.904484 0.020016 0.012165 
0.339550 0.657827 0.174183 -0.005274 
0.339550 0.657827 0.174183 -0.005274 
0.339550 0.657827 0.174183 -0.005274 
-0.368488 0.594830 0.171434 -0.910144 
-0.366233 0.652428 0.374319 -0.922443 
-0.366233 0.652428 0.374319 -0.922443 
-0.965457 -0.017817 0.877817 -0.964886 
-0.932121 0.537794 0.938578 -0.902254 
-0.932121 0.537794 0.938578 -0.902254 
0.121491 0.924943 0.722626 -0.848358 
0.836687 0.592353 0.535514 -0.804953 
0.836687 0.592353 0.535514 -0.804953 
0.739789 0.567003 0.549449 -0.810125 
0.739789 0.567003 0.549449 -0.810125 
0.739789 0.567003 0.549449 -0.810125 
0.739910 0.566806 0.548877 -0.810114 
-0.031750 0.421913 0.944859 -0.755521 
-0.031750 0.421913 0.944859 -0.755521 
-0.066821 0.433499 0.958749 -0.772054 
0.056412 0.238110 0.966242 -0.772269 
0.056412 0.238110 0.966242 -0.772269 
0.306106 0.273759 0.964907 -0.766205 
0.709289 -0.154734 0.899697 0.087161 
0.709289 -0.154734 0.899697 0.087161 
0.709289 -0.154734 0.899697 0.087161 
0.709289 -0.154734 0.899697 0.087161 
0.709289 -0.154734 0.899697 0.087161 
-0.027452 0.005075 0.925302 -0.021499 
-0.027452 0.005075 0.925302 -0.021499 
-0.027452 0.005075 0.925302 -0.021499 
-0.027452 0.005075 0.925302 -0.021499 
0.047294 -0.049043 0.970386 0.110406 
0.047294 -0.049043 0.970386 0.110406 
0.005095 -0.103143 0.849884 0.094717 
0.071006 -0.075171 0.914371 0.092790 
0.071006 -0.075171 0.914371 0.092790 
0.071006 -0.075171 0.914371 0.092790 
0.005095 -0.103143 0.849884 0.094717 
0.005095 -0.103143 0.849884 0.094717 
0.005095 -0.103143 0.849884 0.094717 
0.071006 -0.075171 0.914371 0.092790 
0.071006 -0.075171 0.914371 0.092790 
0.071006 -0.075171 0.914371 0.092790 
-0.050470 -0.052981 0.917227 -0.016321 
-0.050470 -0.052981 0.917227 -0.016321 
0.071006 -0.075171 0.914371 0.092790 
0.071006 -0.075171 0.914371 0.092790 
0.071006 -0.075171 0.914371 0.092790 
0.063129 -0.080579 0.894506 0.076378 
-0.002818 -0.108524 0.816492 0.078311 
-0.002818 -0.108524 0.816492 0.078311 
-0.002818 -0.108524 0.816492 0.078311 
-0.002818 -0.108524 0.816492 0.078311 
-0.002818 -0.108524 0.816492 0.078311 
-0.617218 0.780980 0.612519 0.156613 
-0.602028 0.953052 0.617775 0.197476 
-0.602028 0.953052 0.617775 0.197476 
-0.527457 0.947179 0.791053 0.265795 
0.418803 0.966636 -0.018255 0.059632 
0.418803 0.966636 -0.018255 0.059632 
0.418803 0.966636 -0.018255 0.059632 
0.127523 0.987623 0.090706 -0.103685 
0.127523 0.987623 0.090706 -0.103685 
0.127464 0.987625 0.090887 -0.103692 
0.079579 0.988856 0.235318 -0.109490 
0.079579 0.988856 0.235318 -0.109490 
0.079579 0.988856 0.235318 -0.109490 
0.079579 0.988856 0.235318 -0.109490 
0.079579 0.988856 0.235318 -0.109490 
0.079579 0.988856 0.235318 -0.109490 
0.079579 0.988856 0.235318 -0.109490 
-0.000110 0.992588 0.030422 0.007698 
-0.000110 0.992588 0.030422 0.007698 
-0.000110 0.992588 0.030422 0.007698 
-0.000110 0.992588 0.030422 0.007698 
-0.000110 0.992588 0.030422 0.007698 
-0.000110 0.992588 0.030422 0.007698 
-0.000110 0.992588 0.030422 0.007698 
-0.000110 0.992588 0.030422 0.007698 
-0.000110 0.992588 0.030422 0.007698 
-0.000110 0.992588 0.030422 0.007698 
-0.000110 0.992588 0.030422 0.007698 
0.356075 0.991551 -0.032401 0.052065 
0.728195 0.989059 -0.149789 0.139453 
0.728195 0.989059 -0.149789 0.139453 
-0.171740 0.991461 0.051563 0.011742 
-0.171740 0.991461 0.051563 0.011742 
-0.171740 0.991461 0.051563 0.011742 
-0.171740 0.991461 0.051563 0.011742 
-0.012558 0.960033 -0.005301 -0.010713 
-0.012558 0.960033 -0.005301 -0.010713 
-0.012558 0.960033 -0.005301 -0.010713 
0.777077 0.130427 0.161802 -0.117089 
0.777077 0.130427 0.161802 -0.117089 
0.777077 0.130427 0.161802 -0.117089 
0.332190 0.658152 0.539220 -0.838333 
0.332190 0.658152 0.539220 -0.838333 
0.332025 0.658250 0.539268 -0.838328 
0.332189 0.658152 0.539220 -0.838333 
0.332189 0.658152 0.539220 -0.838333 
-0.594735 0.571176 0.957574 -0.793092 
0.740021 0.566417 0.548924 -0.809744 
0.740021 0.566417 0.548924 -0.809744 
0.739824 0.566915 0.549376 -0.810072 
0.739789 0.567003 0.549449 -0.810125 
0.739789 0.567003 0.549449 -0.810125 
