0.079579 0.988856 0.235318 -0.109490 
0.079579 0.988856 0.235318 -0.109490 
0.079579 0.988856 0.235318 -0.109490 
0.079579 0.988856 0.235318 -0.109490 
0.079579 0.988856 0.235318 -0.109490 
0.079579 0.988856 0.235318 -0.109490 
0.079579 0.988856 0.235318 -0.109490 
0.079579 0.988856 0.235318 -0.109490 
-0.000110 0.992588 0.030422 0.007698 
-0.000110 0.992588 0.030422 0.007698 
-0.000110 0.992588 0.030422 0.007698 
-0.000110 0.992588 0.030422 0.007698 
-0.000110 0.992588 0.030422 0.007698 
-0.000110 0.992588 0.030422 0.007698 
-0.000110 0.992588 0.030422 0.007698 
-0.000110 0.992588 0.030422 0.007698 
-0.000110 0.992588 0.030422 0.007698 
-0.630800 0.996427 0.532464 -0.795674 
-0.630800 0.996427 0.532464 -0.795674 
0.777077 0.130427 0.161802 -0.117089 
0.881372 0.385970 0.501364 -0.803065 
0.881372 0.385970 0.501364 -0.803065 
0.796458 0.579392 0.663589 -0.804974 
0.893951 0.420329 0.193032 0.032132 
0.893951 0.420329 0.193032 0.032132 
0.483887 0.543531 0.335978 -0.076590 
0.777077 0.130427 0.161802 -0.117089 
0.777077 0.130427 0.161802 -0.117089 
0.777077 0.130427 0.161802 -0.117089 
0.007701 -0.009105 0.900721 0.018194 
0.007701 -0.009105 0.900721 0.018194 
-0.014435 0.030615 0.897205 0.018289 
-0.594735 0.571176 0.957574 -0.793092 
-0.594735 0.571176 0.957574 -0.793092 
-0.594735 0.571176 0.957574 -0.793092 
0.036819 0.666325 0.647868 -0.844372 
0.037268 0.665905 0.647512 -0.844113 
0.037268 0.665905 0.647512 -0.844113 
0.847352 0.144754 0.210177 -0.486512 
0.011827 0.360055 0.938120 -0.715393 
0.011827 0.360055 0.938120 -0.715393 
-0.065002 0.431009 0.958547 -0.770568 
-0.046108 0.402732 0.960116 -0.772091 
-0.694574 0.383220 0.975082 -0.812659 
-0.694574 0.383220 0.975082 -0.812659 
-0.027452 0.005075 0.925302 -0.021499 
0.049895 0.045293 0.980837 0.034039 
0.049895 0.045293 0.980837 0.034039 
0.049895 0.045293 0.980837 0.034039 
-0.027452 0.005075 0.925302 -0.021499 
-0.029724 -0.077134 0.892178 0.045475 
-0.001143 -0.100654 0.857046 0.087733 
-0.001143 -0.100654 0.857046 0.087733 
0.005095 -0.103143 0.849884 0.094717 
0.005095 -0.103143 0.849884 0.094717 
0.005095 -0.103143 0.849884 0.094717 
0.005095 -0.103143 0.849884 0.094717 
0.005095 -0.103143 0.849884 0.094717 
0.005095 -0.103143 0.849884 0.094717 
0.005095 -0.103143 0.849884 0.094717 
0.005095 -0.103143 0.849884 0.094717 
0.005095 -0.103143 0.849884 0.094717 
0.005095 -0.103143 0.849884 0.094717 
0.005095 -0.103143 0.849884 0.094717 
-0.049428 -0.053172 0.917203 -0.015382 
-0.049428 -0.053172 0.917203 -0.015382 
-0.050468 -0.052981 0.917227 -0.016319 
0.005095 -0.103143 0.849884 0.094717 
0.005095 -0.103143 0.849884 0.094717 
0.005095 -0.103143 0.849884 0.094717 
0.005095 -0.103143 0.849884 0.094717 
0.005095 -0.103143 0.849884 0.094717 
-0.544716 0.756262 0.787873 0.226158 
-0.544716 0.756262 0.787873 0.226158 
-0.544716 0.756262 0.787873 0.226158 
-0.544716 0.756262 0.787873 0.226158 
0.107057 -0.213356 0.086838 0.931943 
0.107057 -0.213356 0.086838 0.931943 
0.118275 0.558212 0.027577 0.947818 
-0.609482 0.956114 0.634366 0.174515 
-0.609482 0.956114 0.634366 0.174515 
-0.609482 0.956114 0.634366 0.174515 
-0.525573 0.956067 0.860309 0.193073 
0.079579 0.988856 0.235318 -0.109490 
0.236094 0.948102 0.180894 -0.131617 
0.236094 0.948102 0.180894 -0.131617 
0.236109 0.948095 0.180886 -0.131619 
0.281326 0.942480 0.034033 -0.125844 
0.281326 0.942480 0.034033 -0.125844 
0.086026 0.988699 0.216402 -0.108713 
0.079579 0.988856 0.235318 -0.109490 
0.079579 0.988856 0.235318 -0.109490 
0.079579 0.988856 0.235318 -0.109490 
0.079579 0.988856 0.235318 -0.109490 
0.079579 0.988856 0.235318 -0.109490 
0.079579 0.988856 0.235318 -0.109490 
0.079579 0.988856 0.235318 -0.109490 
0.079485 0.988860 0.235244 -0.109490 
0.079485 0.988860 0.235244 -0.109490 
-0.055080 0.993299 0.163704 -0.132402 
-0.000110 0.992588 0.030422 0.007698 
-0.000110 0.992588 0.030422 0.007698 
-0.000110 0.992588 0.030422 0.007698 
-0.043608 0.992829 0.136811 -0.108964 
-0.043608 0.992829 0.136811 -0.108964 
-0.043608 0.992829 0.136811 -0.108964 
0.011663 0.992060 0.003142 0.031473 
0.011663 0.992060 0.003142 0.031473 
0.011663 0.992060 0.003142 0.031473 
0.011663 0.992060 0.003142 0.031473 
0.011663 0.992060 0.003142 0.031473 
0.011663 0.992060 0.003142 0.031473 
-0.171740 0.991461 0.051563 0.011742 
-0.171740 0.991461 0.051563 0.011742 
-0.171740 0.991461 0.051563 0.011742 
-0.012558 0.960033 -0.005301 -0.010713 
-0.012558 0.960033 -0.005301 -0.010713 
-0.012558 0.960033 -0.005301 -0.010713 
-0.012558 0.960033 -0.005301 -0.010713 
0.245070 0.904484 0.020016 0.012165 
0.245070 0.904484 0.020016 0.012165 
0.707445 0.369651 0.159576 -0.120447 
0.698050 0.301342 -0.010337 -0.046129 
0.698050 0.301342 -0.010337 -0.046129 
-0.556805 0.534123 0.871651 0.135582 
0.041619 -0.504567 0.469967 0.917562 
0.041619 -0.504567 0.469967 0.917562 
-0.601827 -0.511585 0.621526 -0.026506 
-0.932093 0.537538 0.938544 -0.902174 
-0.802398 -0.173328 0.837967 -0.956253 
-0.802398 -0.173328 0.837967 -0.956253 
0.686021 0.395323 -0.065526 0.190220 
