-0.023272 0.979914 -0.012526 -0.118790 13440.800157 12872.450164 -9610.199914 
-0.041508 0.979206 -0.033714 -0.127493 13389.700159 12872.450164 -9759.499917 
-0.041508 0.979206 -0.033714 -0.127493 13338.600160 12872.450164 -9908.799920 
-0.013615 0.960273 0.007603 -0.073106 13338.600160 12872.450164 -9908.799920 
-0.049705 0.962712 0.639475 0.331822 13346.350160 12882.850163 -9871.649918 
-0.042766 0.945041 0.210837 0.185479 13358.150160 12893.800163 -9820.499917 
-0.042766 0.945041 0.210837 0.185479 13369.950161 12904.750163 -9769.349915 
0.002302 0.965758 0.066684 -0.061822 13369.950161 12904.750163 -9769.349915 
0.034126 0.961412 0.028962 -0.008452 13379.800161 12904.100163 -9716.699914 
0.158671 0.963234 0.003726 -0.078831 13396.250162 12898.900163 -9645.799912 
0.158671 0.963234 0.003726 -0.078831 13412.700162 12893.700163 -9574.899911 
0.010961 0.969528 0.032840 -0.023021 13412.700162 12893.700163 -9574.899911 
0.060406 0.963765 -0.089412 -0.232434 13430.150163 12877.000163 -9504.149911 
-0.034466 0.964910 -0.077538 -0.120111 13450.700162 12857.600163 -9406.099908 
-0.034466 0.964910 -0.077538 -0.120111 13471.250162 12838.200163 -9308.049905 
0.014809 0.971029 0.068443 -0.032292 13471.250162 12838.200163 -9308.049905 
-0.069084 0.982021 -0.077902 -0.079287 13466.650162 12855.900164 -9207.199906 
0.115681 0.971199 0.199845 0.095952 13459.000162 12884.850165 -10089.949906 
0.115681 0.971199 0.199845 0.095952 13451.350162 12913.800166 -10972.699906 
0.419941 0.069387 0.076444 0.350254 13451.350162 12913.800166 -10972.699906 
0.409034 -0.132846 0.660420 -0.218453 13471.750161 12864.800166 -10857.199906 
0.409034 -0.132846 0.660420 -0.218453 13492.150161 12815.800166 -10741.699906 
0.116518 0.439371 0.594098 0.264750 13492.150161 12815.800166 -10741.699906 
0.434573 -0.112943 0.503817 0.615367 13485.800161 12774.550166 -10806.199906 
0.743719 -0.003506 0.120789 0.147952 13461.900161 12755.450165 -10920.949906 
0.743719 -0.003506 0.120789 0.147952 13438.000162 12736.350165 -11035.699906 
-0.001624 0.024200 0.985659 -0.087985 13438.000162 12736.350165 -11035.699906 
-0.055621 -0.038303 0.932943 0.162508 13397.500162 12811.650168 -10859.749909 
0.603867 0.317371 0.659028 -0.236736 13353.100160 12898.800170 -10726.099915 
0.603867 0.317371 0.659028 -0.236736 13308.700159 12985.950171 -10592.449921 
-0.028998 -0.074909 0.984308 -0.017598 13308.700159 12985.950171 -10592.449921 
0.537923 0.245678 0.703710 0.273867 13296.200159 12972.150171 -10691.199921 
0.741585 -0.397349 -0.336421 0.214954 13281.300159 12942.150171 -10825.199921 
0.741585 -0.397349 -0.336421 0.214954 13266.400159 12912.150171 -10959.199921 
0.368484 -0.587784 0.926006 0.448915 13266.400159 12912.150171 -10959.199921 
-0.142089 0.034056 0.936285 0.027222 13296.450159 12874.250169 -11078.499924 
-0.142089 0.034056 0.936285 0.027222 13326.500158 12836.350168 -11197.799927 
0.133745 -0.160144 0.932673 -0.003022 13326.500158 12836.350168 -11197.799927 
0.632284 -0.312011 0.701489 0.151737 13335.850158 12861.100168 -11269.899926 
0.703816 -0.356457 0.684552 0.003792 13343.500158 12900.750169 -11361.949929 
0.703816 -0.356457 0.684552 0.003792 13351.150158 12940.400171 -11453.999932 
0.006629 0.009562 0.963133 0.007261 13752.950146 13363.900171 -11298.249932 
-0.034850 0.012055 0.928401 0.078359 14167.600140 13798.850183 -11220.649934 
-0.034850 0.012055 0.928401 0.078359 14582.250134 14233.800195 -11143.049935 
0.018482 0.371265 0.446538 0.188501 14582.250134 14233.800195 -11143.049935 
0.271562 0.317741 0.138836 0.302359 14582.250134 14233.800195 -11143.049935 
0.322292 0.065560 0.404474 0.280860 14573.600134 14238.900195 -11163.799935 
0.788297 -0.208121 0.524069 -0.098736 14561.200135 14243.300195 -11197.549935 
0.788297 -0.208121 0.524069 -0.098736 14548.800135 14247.700195 -11231.299935 
0.679702 0.195363 0.076540 0.024649 14548.800135 14247.700195 -11231.299935 
0.761736 0.268452 -0.004139 -0.115543 14543.650135 14230.750195 -11242.299935 
0.761736 0.268452 -0.004139 -0.115543 14538.500135 14213.800194 -11253.299935 
-0.201512 0.937844 -0.045373 0.146014 14538.500135 14213.800194 -11253.299935 
-0.273912 0.973024 0.106396 -0.459201 14536.550135 14181.250195 -11184.299935 
-0.273912 0.973024 0.106396 -0.459201 14534.600135 14148.700195 -11115.299935 
0.168782 0.258510 0.896960 -0.238345 14942.450141 14503.900208 -11078.849934 
0.465155 0.074684 0.841232 0.107866 15366.950141 14843.400208 -10958.049931 
0.477181 0.072257 0.836654 0.117235 15792.000129 15184.000214 -10806.599934 
0.477181 0.072257 0.836654 0.117235 16217.050117 15524.600220 -10655.149937 
0.478783 0.071778 0.835967 0.118446 16640.750129 15869.200226 -10466.149937 
0.014473 0.967303 0.063013 -0.031232 16640.750129 15869.200226 -10466.149937 
0.014473 0.967303 0.063013 -0.031232 16640.750129 15869.200226 -10466.149937 
0.010093 0.966398 0.072486 -0.028576 16640.750129 15869.200226 -10466.149937 
-0.019972 0.981935 0.023245 -0.088112 16631.100129 15881.350226 -10342.849934 
-0.019972 0.981935 0.023245 -0.088112 16621.450130 15893.500225 -10219.549931 
0.022130 0.958749 -0.030100 0.018179 16621.450130 15893.500225 -10219.549931 
0.202466 0.962508 -0.162182 0.009970 16633.650129 15896.250225 -10122.499928 
0.202466 0.962508 -0.162182 0.009970 16645.850129 15899.000225 -10025.449925 
0.020587 0.948387 0.024969 0.008391 16645.850129 15899.000225 -10025.449925 
0.142790 0.945965 0.001538 -0.053583 16653.850129 15916.300224 -9920.149922 
0.051811 0.927656 -0.039511 -0.021407 16661.700129 15940.100224 -9776.049916 
0.051811 0.927656 -0.039511 -0.021407 16669.550129 15963.900223 -9631.949910 
0.114821 0.858297 0.258957 -0.040732 16669.550129 15963.900223 -9631.949910 
-0.073292 0.982135 0.103501 0.059170 16637.250130 16005.400223 -9455.699910 
-0.073292 0.982135 0.103501 0.059170 16604.950130 16046.900223 -9279.449910 
-0.300755 -0.030965 0.801893 0.305757 16566.050129 16095.150223 -9051.949910 
0.339771 0.251072 0.106695 0.256324 16566.050129 16095.150223 -9051.949910 
0.819785 0.008828 0.645372 -0.197918 16599.650127 16011.800224 -9019.699910 
0.137057 0.372869 0.796331 0.013952 16654.250126 15890.600227 -8990.449910 
0.137057 0.372869 0.796331 0.013952 16708.850124 15769.400231 -8961.199910 
