0.236108 0.948095 0.180889 -0.131619 60767.170898 1425.880859 108725.905273 
0.170876 0.962798 -0.053721 0.009035 59899.798340 2181.703125 108220.632812 
0.003126 0.992446 0.022929 0.014233 59162.425781 3039.525391 107858.360352 
0.003126 0.992446 0.022929 0.014233 58425.053223 3897.347656 107496.087891 
0.289797 0.979967 -0.359431 0.542147 57572.680664 4845.169922 107460.815430 
0.615791 0.920595 -0.739016 0.895797 56682.308105 5886.992188 109060.542969 
0.615791 0.920595 -0.739016 0.895797 55865.935547 6646.814453 111466.270508 
0.615791 0.920595 -0.739016 0.895797 55049.562988 7406.636719 113871.998047 
0.615790 0.920595 -0.739015 0.895797 54397.190430 7949.458984 117182.725586 
-0.000042 0.992586 0.030331 0.007833 54265.817871 7802.281250 123210.453125 
-0.000042 0.992586 0.030331 0.007833 54134.445312 7655.103516 129238.180664 
-0.000110 0.992588 0.030422 0.007698 54141.072754 7244.925781 136009.908203 
-0.224850 0.992287 0.184020 -0.128426 54353.700195 6507.748047 137718.635742 
-0.224850 0.992287 0.184020 -0.128426 54566.327637 5770.570312 139427.363281 
0.245070 0.904484 0.020016 0.012165 54887.955078 5061.392578 141220.090820 
0.723317 0.338681 0.061024 -0.116564 55723.582520 4313.214844 143230.818359 
0.723317 0.338681 0.061024 -0.116564 56559.209961 3565.037109 145241.545898 
-0.008958 0.768168 0.706276 -0.826747 57502.837402 2565.859375 147273.273438 
-0.041208 0.780284 0.712138 -0.825926 58233.464844 932.681641 149055.000977 
-0.041208 0.780284 0.712138 -0.825926 58964.092285 -700.496094 150836.728516 
0.060824 0.658851 0.915946 -0.782911 59454.719727 -2101.673828 152461.456055 
0.739825 0.566913 0.549374 -0.810071 59369.347168 -2075.851562 158333.183594 
0.739825 0.566913 0.549374 -0.810071 59283.974609 -2050.029297 164204.911133 
0.931288 -0.508641 -0.346133 0.305268 59058.602051 -1500.207031 169428.638672 
-0.222861 -0.532071 0.742871 0.334823 58256.229492 78.615234 173182.366211 
-0.542816 -0.832957 0.632588 -0.216073 57432.856934 1735.437500 176698.093750 
-0.542816 -0.832957 0.632588 -0.216073 56609.484375 3392.259766 180213.821289 
-0.384111 -0.869312 0.968692 -0.466964 55784.111816 4701.082031 183016.548828 
-0.969186 -0.932280 0.955836 -0.998357 55348.739258 4468.904297 182119.276367 
-0.969186 -0.932280 0.955836 -0.998357 54913.366699 4236.726562 181222.003906 
-0.264037 -0.325282 0.997595 -0.915406 54719.994141 3781.548828 179360.731445 
-0.373154 -0.305215 0.997679 -0.931458 54813.621582 3612.371094 175363.458984 
0.175365 -0.636462 0.993154 -0.515985 54975.249023 3622.193359 170779.186523 
0.175365 -0.636462 0.993154 -0.515985 55136.876465 3632.015625 166194.914062 
0.686606 -0.093184 0.974905 0.033543 55361.503906 3767.837891 160988.641602 
-0.591652 -0.760821 0.994059 -0.824972 55757.131348 3726.660156 153855.369141 
0.718691 -0.158320 0.978471 0.107995 56235.758789 3537.482422 146146.096680 
0.718691 -0.158320 0.978471 0.107995 56714.386230 3348.304688 138436.824219 
0.726329 -0.168543 0.867271 0.126400 57283.013672 3144.126953 136509.551758 
0.726329 -0.168543 0.867271 0.126400 58019.641113 3041.949219 134416.279297 
0.726329 -0.168543 0.867271 0.126400 58765.268555 3049.771484 132272.006836 
0.726329 -0.168543 0.867271 0.126400 59510.895996 3057.593750 130127.734375 
0.005095 -0.103143 0.849884 0.094717 60323.523438 3195.416016 127942.461914 
0.005095 -0.103143 0.849884 0.094717 61421.150879 3281.238281 125709.189453 
0.005095 -0.103143 0.849884 0.094717 62573.778320 3107.060547 123504.916992 
0.005095 -0.103143 0.849884 0.094717 63726.405762 2932.882812 121300.644531 
0.416651 0.959841 -0.234125 0.135667 64943.033203 2428.705078 119157.372070 
0.105858 0.523232 0.746272 0.025129 66259.660645 1358.527344 111397.099609 
-0.080218 0.648741 0.721773 0.064879 67516.288086 256.349609 104225.827148 
-0.080218 0.648741 0.721773 0.064879 68772.915527 -845.828125 97054.554688 
-0.609482 0.956114 0.634366 0.174515 69934.542969 -1935.005859 90461.282227 
0.311451 0.966671 -0.511015 0.040474 70382.170410 -2516.183594 85761.009766 
0.311451 0.966671 -0.511015 0.040474 70829.797852 -3097.361328 81060.737305 
0.311451 0.966671 -0.511015 0.040474 71002.425293 -3475.539062 77019.464844 
0.010959 0.987677 -0.414113 0.011743 70313.052734 -3201.716797 75260.192383 
0.010959 0.987677 -0.414113 0.011743 69623.680176 -2927.894531 73500.919922 
-0.010629 0.990957 -0.290756 0.067870 68747.307617 -2551.072266 72556.647461 
0.614170 0.904879 -0.823823 0.909968 67570.935059 -1824.250000 74179.375000 
0.614170 0.904879 -0.823822 0.909967 66353.562500 -935.427734 76690.102539 
0.614170 0.904879 -0.823822 0.909967 65136.189941 -46.605469 79200.830078 
0.614170 0.904879 -0.823823 0.909968 63937.817383 914.216797 82628.557617 
0.615791 0.920595 -0.739016 0.895797 63130.444824 1935.039062 88859.285156 
0.615791 0.920595 -0.739016 0.895797 62473.072266 2941.861328 96184.012695 
0.615791 0.920595 -0.739016 0.895797 61815.699707 3948.683594 103508.740234 
0.679162 0.892110 -0.794757 0.853715 61293.327148 4912.505859 105218.467773 
0.253455 0.952899 -0.348707 0.173846 61181.954590 5979.328125 107823.195312 
0.253455 0.952899 -0.348707 0.173846 61070.582031 7046.150391 110427.922852 
-0.169123 0.984121 -0.111598 0.203706 61129.209473 8001.972656 113338.650391 
-0.831854 -0.654318 -0.816427 -0.994428 61511.836914 8361.794922 116732.377930 
-0.980435 -0.993099 -0.989122 -0.999797 62637.464355 7234.617188 120156.105469 
-0.980435 -0.993099 -0.989122 -0.999797 63763.091797 6107.439453 123579.833008 
