0.127523 0.987623 0.090706 -0.103685 
0.067870 0.989596 0.260922 -0.132924 
0.067870 0.989596 0.260922 -0.132924 
0.067869 0.989596 0.260925 -0.132924 
0.067869 0.989596 0.260925 -0.132924 
0.067869 0.989596 0.260925 -0.132924 
0.067869 0.989596 0.260925 -0.132924 
0.067869 0.989596 0.260925 -0.132924 
0.122653 0.988482 0.131798 0.007166 
0.122653 0.988482 0.131798 0.007166 
0.000596 0.992569 0.031006 0.007695 
-0.000110 0.992588 0.030422 0.007698 
-0.000110 0.992588 0.030422 0.007698 
-0.000110 0.992588 0.030422 0.007698 
-0.000110 0.992588 0.030422 0.007698 
-0.334994 0.990123 0.008312 -0.005723 
0.367900 0.971906 0.156590 0.030037 
0.367900 0.971906 0.156590 0.030037 
0.207021 0.961098 -0.041266 0.110446 
0.201548 0.894186 -0.182422 0.092175 
0.201548 0.894186 -0.182422 0.092175 
0.515694 0.512036 0.233356 -0.051516 
-0.778226 0.565380 -0.665726 -0.716803 
-0.778226 0.565380 -0.665726 -0.716803 
-0.745034 -0.874792 -0.857834 -0.997592 
-0.982476 -0.958849 -0.388660 -0.998718 
-0.998516 -0.997684 -0.916107 -0.999959 
-0.998516 -0.997684 -0.916107 -0.999959 
-0.993149 -0.982463 -0.699398 -0.999706 
-0.970342 -0.937148 0.203833 -0.998338 
-0.962327 -0.939805 0.186803 -0.997932 
-0.962327 -0.939805 0.186803 -0.997932 
-0.797742 -0.201762 0.831476 -0.953750 
-0.400532 -0.878421 0.364472 -0.462337 
-0.400532 -0.878421 0.364472 -0.462337 
-0.202362 -0.706514 0.651823 -0.070375 
-0.665609 0.106969 0.952336 -0.907490 
0.056398 0.238114 0.966242 -0.772269 
0.056398 0.238114 0.966242 -0.772269 
0.056403 0.238109 0.966242 -0.772269 
0.709289 -0.154734 0.899697 0.087161 
0.709289 -0.154734 0.899697 0.087161 
0.709289 -0.154734 0.899697 0.087161 
0.709289 -0.154734 0.899697 0.087161 
-0.027452 0.005075 0.925302 -0.021499 
-0.027452 0.005075 0.925302 -0.021499 
-0.027452 0.005075 0.925302 -0.021499 
-0.027450 0.005074 0.925301 -0.021496 
-0.027452 0.005075 0.925302 -0.021499 
-0.027452 0.005075 0.925302 -0.021499 
-0.027452 0.005075 0.925302 -0.021499 
-0.027452 0.005075 0.925302 -0.021499 
-0.027452 0.005075 0.925302 -0.021499 
-0.027452 0.005075 0.925302 -0.021499 
-0.027452 0.005075 0.925302 -0.021499 
0.007701 -0.009105 0.900721 0.018194 
0.007701 -0.009105 0.900721 0.018194 
0.007701 -0.009105 0.900721 0.018194 
0.007701 -0.009105 0.900721 0.018194 
0.007701 -0.009105 0.900721 0.018194 
0.007701 -0.009105 0.900721 0.018194 
0.007701 -0.009105 0.900721 0.018194 
0.007701 -0.009105 0.900721 0.018194 
0.007701 -0.009105 0.900721 0.018194 
0.007701 -0.009105 0.900721 0.018194 
0.007701 -0.009105 0.900721 0.018194 
0.007701 -0.009105 0.900721 0.018194 
0.007701 -0.009105 0.900721 0.018194 
0.007701 -0.009105 0.900721 0.018194 
0.007701 -0.009105 0.900721 0.018194 
0.007701 -0.009105 0.900721 0.018194 
0.007701 -0.009105 0.900721 0.018194 
0.007701 -0.009105 0.900721 0.018194 
0.007701 -0.009105 0.900721 0.018194 
0.007701 -0.009105 0.900721 0.018194 
0.007701 -0.009105 0.900721 0.018194 
0.007701 -0.009105 0.900721 0.018194 
0.007701 -0.009105 0.900721 0.018194 
0.007701 -0.009105 0.900721 0.018194 
0.007701 -0.009105 0.900721 0.018194 
0.007701 -0.009105 0.900721 0.018194 
-0.542880 0.793877 0.858099 0.152140 
-0.542880 0.793877 0.858099 0.152140 
0.542111 0.850696 -0.075025 0.037229 
0.418807 0.966634 -0.018257 0.059631 
0.418803 0.966636 -0.018255 0.059632 
0.418803 0.966636 -0.018255 0.059632 
0.409047 0.968826 0.009032 0.035902 
0.313803 0.972327 -0.330874 -0.036294 
0.313803 0.972327 -0.330874 -0.036294 
-0.964371 0.576949 -0.999997 -0.819808 
-0.957817 0.678436 -0.999998 -0.811642 
-0.957817 0.678436 -0.999998 -0.811642 
-0.949851 0.740935 -1.000000 -0.769649 
-0.894553 0.934479 -0.999997 -0.455735 
-0.815251 0.966071 -0.999903 -0.483190 
-0.815251 0.966071 -0.999903 -0.483190 
-0.864242 -0.904693 -0.863694 -0.997656 
-0.980188 -0.992118 -0.987034 -0.999914 
-0.980188 -0.992118 -0.987034 -0.999914 
-0.998837 -0.997578 -0.913214 -0.999967 
-0.998775 -0.999859 -0.994881 -0.999714 
-0.998775 -0.999859 -0.994881 -0.999714 
-0.996831 -0.999659 -0.988741 -0.999352 
-0.999323 -0.995783 -0.932099 -0.999935 
-0.990268 -0.994797 -0.859608 -0.999734 
-0.990268 -0.994797 -0.859608 -0.999734 
-0.975843 -0.896503 0.946096 -0.998356 
