0.237138 0.947975 0.177646 -0.131489 
0.236108 0.948095 0.180889 -0.131619 
0.236108 0.948095 0.180889 -0.131619 
0.235829 0.948089 0.180964 -0.131650 
0.236106 0.948095 0.180890 -0.131619 
0.236106 0.948095 0.180890 -0.131619 
0.079579 0.988856 0.235318 -0.109490 
0.122889 0.987748 0.105023 -0.104249 
0.122889 0.987748 0.105023 -0.104249 
0.067869 0.989596 0.260925 -0.132924 
0.122653 0.988482 0.131798 0.007166 
0.021475 0.989897 -0.110291 -0.048495 
0.021475 0.989897 -0.110291 -0.048495 
-0.786913 0.900103 -0.995556 -0.603872 
-0.728047 0.974784 -0.999254 -0.210105 
-0.728047 0.974784 -0.999254 -0.210105 
-0.829539 0.934679 -0.996376 -0.603533 
-0.829539 0.934679 -0.996376 -0.603533 
-0.829539 0.934679 -0.996376 -0.603533 
-0.966899 -0.991495 -0.987533 -0.999911 
-0.999528 -0.998317 -0.974745 -0.999976 
-0.999528 -0.998317 -0.974745 -0.999976 
-0.999707 -0.998447 -0.964598 -0.999984 
-0.999951 -0.999753 -0.983940 -0.999997 
-0.999951 -0.999753 -0.983940 -0.999997 
-0.993149 -0.982463 -0.699398 -0.999706 
-0.938303 -0.995999 -0.920566 -0.981898 
-0.938303 -0.995999 -0.920566 -0.981898 
-0.791770 -0.978449 -0.591205 -0.895333 
-0.804527 -0.977836 -0.486032 -0.902934 
-0.804527 -0.977836 -0.486032 -0.902934 
0.155407 -0.237990 0.768359 0.428384 
0.056333 0.238172 0.966244 -0.772267 
0.056333 0.238172 0.966244 -0.772267 
0.726329 -0.168543 0.867271 0.126400 
0.709289 -0.154734 0.899697 0.087161 
0.709289 -0.154734 0.899697 0.087161 
0.726329 -0.168543 0.867271 0.126400 
0.709289 -0.154734 0.899697 0.087161 
0.709289 -0.154734 0.899697 0.087161 
0.709289 -0.154734 0.899697 0.087161 
-0.027452 0.005075 0.925302 -0.021499 
-0.027452 0.005075 0.925302 -0.021499 
-0.027452 0.005075 0.925302 -0.021499 
-0.027452 0.005075 0.925302 -0.021499 
-0.027452 0.005075 0.925302 -0.021499 
-0.027452 0.005075 0.925302 -0.021499 
0.007701 -0.009105 0.900721 0.018194 
0.007701 -0.009105 0.900721 0.018194 
0.007701 -0.009105 0.900721 0.018194 
0.007701 -0.009105 0.900721 0.018194 
0.007701 -0.009105 0.900721 0.018194 
0.007701 -0.009105 0.900721 0.018194 
0.007701 -0.009105 0.900721 0.018194 
-0.027452 0.005075 0.925302 -0.021499 
-0.027452 0.005075 0.925302 -0.021499 
0.005095 -0.103143 0.849884 0.094717 
0.005095 -0.103143 0.849884 0.094717 
0.005095 -0.103143 0.849884 0.094717 
0.005095 -0.103143 0.849884 0.094717 
0.005095 -0.103143 0.849884 0.094717 
0.005095 -0.103143 0.849884 0.094717 
0.005095 -0.103143 0.849884 0.094717 
0.005095 -0.103143 0.849884 0.094717 
0.005095 -0.103143 0.849884 0.094717 
0.005095 -0.103143 0.849884 0.094717 
0.005095 -0.103143 0.849884 0.094717 
0.005095 -0.103143 0.849884 0.094717 
0.005095 -0.103143 0.849884 0.094717 
0.007701 -0.009105 0.900721 0.018194 
0.007701 -0.009105 0.900721 0.018194 
0.007701 -0.009105 0.900721 0.018194 
-0.542880 0.793877 0.858099 0.152140 
-0.399545 0.807008 0.844777 0.171363 
-0.399545 0.807008 0.844777 0.171363 
-0.399545 0.807008 0.844777 0.171363 
0.418803 0.966636 -0.018255 0.059632 
0.127523 0.987623 0.090706 -0.103685 
0.127523 0.987623 0.090706 -0.103685 
0.127523 0.987623 0.090706 -0.103685 
0.115828 0.988446 0.117994 -0.127156 
0.115828 0.988446 0.117994 -0.127156 
0.067869 0.989596 0.260925 -0.132924 
0.067869 0.989596 0.260925 -0.132924 
0.067869 0.989596 0.260925 -0.132924 
0.122653 0.988482 0.131798 0.007166 
0.122653 0.988482 0.131798 0.007166 
0.122653 0.988482 0.131798 0.007166 
0.118422 0.988657 0.128304 0.007184 
-0.000110 0.992588 0.030422 0.007698 
-0.000110 0.992588 0.030422 0.007698 
-0.000110 0.992588 0.030422 0.007698 
-0.334368 0.990098 0.008895 -0.005726 
-0.146995 0.990594 -0.747149 -0.047936 
-0.146995 0.990594 -0.747149 -0.047936 
-0.838362 0.964405 -0.999340 -0.381885 
-0.838362 0.964405 -0.999340 -0.381885 
-0.838362 0.964405 -0.999340 -0.381885 
-0.865617 0.908824 -0.745230 -0.743413 
-0.787115 -0.847213 -0.834441 -0.995723 
-0.993092 -0.999157 -0.977582 -0.997786 
-0.993092 -0.999157 -0.977582 -0.997786 
