0.103625 0.938252 0.082326 -0.145222 
0.103625 0.938252 0.082326 -0.145222 
0.055509 0.944262 0.227207 -0.150960 
0.055509 0.944262 0.227207 -0.150960 
0.055469 0.944267 0.227326 -0.150965 
0.070896 0.942410 0.181759 -0.149131 
0.055489 0.944268 0.227321 -0.150963 
0.055489 0.944268 0.227321 -0.150963 
0.236108 0.948095 0.180889 -0.131619 
0.079579 0.988856 0.235318 -0.109490 
0.079579 0.988856 0.235318 -0.109490 
0.075532 0.989017 0.232131 -0.109473 
-0.043608 0.992829 0.136811 -0.108964 
-0.005790 0.992306 0.045753 -0.013216 
-0.005790 0.992306 0.045753 -0.013216 
-0.067754 0.963848 0.128516 -0.150445 
-0.066596 0.963772 0.125733 -0.147548 
-0.066596 0.963772 0.125733 -0.147548 
-0.067754 0.963848 0.128516 -0.150445 
-0.012558 0.960033 -0.005301 -0.010713 
-0.012558 0.960033 -0.005301 -0.010713 
-0.012558 0.960033 -0.005301 -0.010713 
-0.012558 0.960033 -0.005301 -0.010713 
-0.012558 0.960033 -0.005301 -0.010713 
-0.012558 0.960033 -0.005301 -0.010713 
-0.012558 0.960033 -0.005301 -0.010713 
-0.012558 0.960033 -0.005301 -0.010713 
-0.012558 0.960033 -0.005301 -0.010713 
-0.012558 0.960033 -0.005301 -0.010713 
-0.012558 0.960033 -0.005301 -0.010713 
-0.012558 0.960033 -0.005301 -0.010713 
-0.012558 0.960033 -0.005301 -0.010713 
-0.020979 0.960639 0.015190 -0.032163 
-0.020979 0.960639 0.015190 -0.032163 
-0.067754 0.963848 0.128516 -0.150445 
-0.067754 0.963848 0.128516 -0.150444 
-0.067754 0.963848 0.128516 -0.150444 
-0.012558 0.960033 -0.005301 -0.010713 
-0.012558 0.960033 -0.005301 -0.010713 
-0.012558 0.960033 -0.005301 -0.010713 
-0.012558 0.960033 -0.005301 -0.010713 
0.266313 0.899162 -0.375014 0.509946 
0.266313 0.899162 -0.375014 0.509946 
-0.523995 0.983124 0.490446 -0.803759 
0.319754 0.976785 0.364953 -0.761708 
0.319754 0.976785 0.364953 -0.761708 
0.319754 0.976785 0.364953 -0.761708 
0.716615 0.945259 -0.158032 0.097855 
0.716615 0.945259 -0.158032 0.097855 
0.716615 0.945259 -0.158031 0.097855 
0.716615 0.945259 -0.158032 0.097856 
0.716615 0.945259 -0.158032 0.097856 
-0.562946 0.984752 0.585760 -0.848294 
0.766119 -0.340475 -0.217498 0.209715 
0.766119 -0.340475 -0.217498 0.209715 
0.919623 -0.504294 -0.250698 0.296816 
-0.520352 0.736220 0.971398 -0.755010 
-0.520352 0.736220 0.971398 -0.755010 
-0.563352 0.215142 0.932085 -0.880021 
-0.586878 0.228624 0.949108 -0.888669 
-0.586878 0.228624 0.949108 -0.888669 
-0.965457 -0.932040 0.716930 -0.998142 
-0.982631 -0.977699 0.277406 -0.999171 
-0.982631 -0.977699 0.277406 -0.999171 
-0.997763 -0.994524 0.263470 -0.999818 
-0.997008 -0.973003 -0.271058 -0.999393 
-0.997008 -0.973003 -0.271058 -0.999393 
-0.995859 -0.987968 -0.532511 -0.999615 
-0.999626 -0.998954 -0.950170 -0.999970 
-0.999626 -0.998954 -0.950170 -0.999970 
-0.964821 -0.989481 -0.789746 -0.999299 
-0.795165 -0.930798 -0.272073 -0.907128 
-0.795165 -0.930798 -0.272073 -0.907128 
-0.840601 0.380317 0.183126 -0.260789 
-0.155965 0.572284 -0.261755 0.948998 
-0.155965 0.572284 -0.261755 0.948998 
0.291120 0.391254 -0.370396 0.959169 
-0.161623 0.932738 -0.958182 -0.110816 
-0.161623 0.932738 -0.958182 -0.110816 
-0.923511 0.904844 -0.999951 -0.462580 
-0.967610 0.611100 -0.999995 -0.821724 
-0.923511 0.904844 -0.999951 -0.462580 
-0.923511 0.904844 -0.999951 -0.462580 
-0.644109 0.978104 -0.985490 -0.166751 
-0.425490 0.995514 -0.847493 0.071349 
-0.425490 0.995514 -0.847493 0.071349 
-0.425490 0.995514 -0.847493 0.071349 
0.615791 0.920595 -0.739015 0.895797 
-0.000110 0.992588 0.030422 0.007698 
-0.000110 0.992588 0.030422 0.007698 
-0.000110 0.992588 0.030422 0.007698 
-0.171740 0.991461 0.051563 0.011742 
-0.012558 0.960033 -0.005301 -0.010713 
-0.013679 0.960100 -0.004234 -0.012876 
-0.013679 0.960100 -0.004234 -0.012876 
-0.523999 0.983124 0.490452 -0.803763 
-0.523999 0.983124 0.490451 -0.803763 
-0.523999 0.983124 0.490451 -0.803763 
-0.523999 0.983124 0.490451 -0.803763 
-0.523999 0.983124 0.490451 -0.803763 
-0.523999 0.983124 0.490452 -0.803763 
-0.021201 0.872504 0.696836 -0.882104 
-0.021201 0.872504 0.696836 -0.882104 
-0.021201 0.872504 0.696836 -0.882104 
0.711591 0.828963 0.608600 -0.855423 
0.712383 0.828211 0.608828 -0.855492 
0.712383 0.828211 0.608828 -0.855492 
-0.021201 0.872504 0.696836 -0.882104 
-0.021216 0.872510 0.696834 -0.882103 
-0.021216 0.872510 0.696834 -0.882103 
-0.067754 0.963848 0.128516 -0.150445 
-0.067754 0.963848 0.128516 -0.150445 
-0.067754 0.963848 0.128516 -0.150445 
-0.067754 0.963848 0.128516 -0.150445 
-0.067754 0.963848 0.128516 -0.150445 
-0.067754 0.963848 0.128516 -0.150445 
-0.067754 0.963848 0.128516 -0.150445 
-0.067754 0.963848 0.128516 -0.150445 
-0.067754 0.963848 0.128516 -0.150445 
-0.067754 0.963848 0.128516 -0.150445 
-0.067754 0.963848 0.128516 -0.150445 
-0.067754 0.963848 0.128516 -0.150445 
-0.067754 0.963848 0.128516 -0.150445 
-0.067754 0.963848 0.128516 -0.150445 
-0.067754 0.963848 0.128516 -0.150445 
-0.562947 0.984752 0.585760 -0.848294 
