0.090639 0.989148 0.208264 -0.075197 
0.122653 0.988482 0.131798 0.007166 
0.122653 0.988482 0.131798 0.007166 
-0.000108 0.992588 0.030424 0.007698 
-0.000110 0.992588 0.030422 0.007698 
-0.000110 0.992588 0.030422 0.007698 
-0.000110 0.992588 0.030422 0.007698 
-0.000110 0.992588 0.030422 0.007698 
-0.000110 0.992588 0.030422 0.007698 
-0.000110 0.992588 0.030422 0.007698 
-0.000110 0.992588 0.030422 0.007698 
-0.235617 0.992789 0.210567 -0.151745 
-0.235617 0.992789 0.210567 -0.151745 
0.357086 0.855123 0.121550 0.011633 
0.245070 0.904484 0.020016 0.012165 
0.245070 0.904484 0.020016 0.012165 
0.245070 0.904484 0.020016 0.012165 
0.339550 0.657827 0.174183 -0.005274 
0.341586 0.656402 0.167319 -0.004995 
0.341586 0.656402 0.167319 -0.004995 
-0.163144 0.853125 0.658052 -0.825757 
-0.163144 0.853125 0.658052 -0.825757 
-0.163144 0.853125 0.658052 -0.825757 
-0.163144 0.853125 0.658052 -0.825757 
-0.366233 0.652428 0.374319 -0.922443 
-0.335440 0.695026 0.427473 -0.911491 
-0.335440 0.695026 0.427473 -0.911491 
0.453093 0.788810 0.575060 -0.793434 
-0.411923 0.630198 0.967636 -0.737631 
-0.411923 0.630198 0.967636 -0.737631 
0.413737 0.807942 0.666215 -0.795599 
0.731386 0.578537 0.554104 -0.809620 
0.731386 0.578537 0.554104 -0.809620 
0.759935 0.532005 0.443183 -0.808199 
-0.066821 0.433499 0.958749 -0.772054 
-0.066821 0.433499 0.958749 -0.772054 
-0.066821 0.433499 0.958749 -0.772054 
0.056403 0.238109 0.966242 -0.772269 
0.056403 0.238109 0.966242 -0.772269 
-0.484038 0.405270 0.973494 -0.804689 
0.049895 0.045293 0.980837 0.034039 
0.049895 0.045293 0.980837 0.034039 
-0.027452 0.005075 0.925302 -0.021499 
0.049895 0.045293 0.980837 0.034039 
0.049895 0.045293 0.980837 0.034039 
-0.027452 0.005075 0.925302 -0.021499 
-0.030056 -0.089094 0.886299 0.055248 
-0.030056 -0.089094 0.886299 0.055248 
0.005095 -0.103143 0.849884 0.094717 
0.046270 -0.048855 0.970394 0.109494 
0.046270 -0.048855 0.970394 0.109494 
0.005095 -0.103143 0.849884 0.094717 
-0.048313 -0.051859 0.920252 -0.014769 
-0.048313 -0.051859 0.920252 -0.014769 
-0.049571 -0.053145 0.917206 -0.015510 
-0.044523 -0.049889 0.925310 -0.012044 
0.071006 -0.075171 0.914371 0.092790 
0.071006 -0.075171 0.914371 0.092790 
0.071006 -0.075171 0.914371 0.092790 
0.005095 -0.103143 0.849884 0.094717 
0.005095 -0.103143 0.849884 0.094717 
-0.030056 -0.089094 0.886299 0.055248 
0.112877 -0.020880 0.983567 0.108485 
0.112877 -0.020880 0.983567 0.108485 
0.035951 -0.061057 0.935686 0.053310 
0.007701 -0.009105 0.900721 0.018194 
0.007701 -0.009105 0.900721 0.018194 
0.777077 0.130427 0.161802 -0.117089 
0.005095 -0.103143 0.849884 0.094717 
0.005095 -0.103143 0.849884 0.094717 
0.005075 -0.103157 0.849809 0.094677 
-0.104233 -0.043039 0.717703 0.022770 
-0.104233 -0.043039 0.717703 0.022770 
-0.602028 0.953052 0.617775 0.197476 
-0.595279 0.961387 0.782281 0.138924 
-0.595279 0.961387 0.782281 0.138924 
0.418803 0.966636 -0.018255 0.059632 
0.418803 0.966636 -0.018255 0.059632 
0.418803 0.966636 -0.018255 0.059632 
0.115924 0.988444 0.117697 -0.127152 
0.117915 0.988583 0.143271 -0.005081 
0.117915 0.988583 0.143271 -0.005081 
0.122653 0.988482 0.131798 0.007166 
0.122626 0.988483 0.131776 0.007166 
0.122626 0.988483 0.131776 0.007166 
-0.000110 0.992588 0.030422 0.007698 
-0.000110 0.992588 0.030422 0.007698 
-0.000110 0.992588 0.030422 0.007698 
-0.000110 0.992588 0.030422 0.007698 
-0.000110 0.992588 0.030422 0.007698 
-0.000110 0.992588 0.030422 0.007698 
-0.000110 0.992588 0.030422 0.007698 
0.011663 0.992060 0.003142 0.031473 
0.011663 0.992060 0.003142 0.031473 
-0.012558 0.960033 -0.005301 -0.010713 
-0.012558 0.960033 -0.005301 -0.010713 
-0.012558 0.960033 -0.005301 -0.010713 
-0.012558 0.960033 -0.005301 -0.010713 
-0.012785 0.960119 -0.005221 -0.010682 
-0.012785 0.960119 -0.005221 -0.010682 
-0.012558 0.960033 -0.005301 -0.010713 
0.245070 0.904484 0.020016 0.012165 
0.245070 0.904484 0.020016 0.012165 
0.699384 0.384561 0.206924 -0.122352 
0.699384 0.384561 0.206924 -0.122352 
0.699384 0.384561 0.206924 -0.122352 
0.722070 0.252610 -0.157854 -0.040269 
0.339550 0.657827 0.174183 -0.005274 
0.339550 0.657827 0.174183 -0.005274 
-0.368488 0.594830 0.171434 -0.910144 
-0.368754 0.595046 0.172350 -0.910150 
-0.368754 0.595046 0.172350 -0.910150 
