0.236108 0.948095 0.180889 -0.131619 
0.236108 0.948095 0.180889 -0.131619 
0.236108 0.948095 0.180889 -0.131619 
0.067869 0.989596 0.260925 -0.132924 
-0.000110 0.992588 0.030422 0.007698 
-0.000110 0.992588 0.030422 0.007698 
-0.000110 0.992588 0.030422 0.007698 
-0.000110 0.992588 0.030422 0.007698 
-0.000110 0.992588 0.030422 0.007698 
-0.000110 0.992588 0.030422 0.007698 
-0.000110 0.992588 0.030422 0.007698 
-0.000110 0.992588 0.030422 0.007698 
-0.000110 0.992588 0.030422 0.007698 
-0.000110 0.992588 0.030422 0.007698 
-0.183143 0.992028 0.078735 -0.012042 
-0.183143 0.992028 0.078735 -0.012042 
-0.183143 0.992028 0.078735 -0.012042 
-0.183143 0.992028 0.078735 -0.012042 
-0.183143 0.992028 0.078735 -0.012042 
-0.183143 0.992028 0.078735 -0.012042 
-0.183143 0.992028 0.078735 -0.012042 
0.245070 0.904484 0.020016 0.012165 
0.245070 0.904483 0.019998 0.012172 
0.245070 0.904483 0.019998 0.012172 
0.381707 0.626829 0.027118 0.000598 
0.339550 0.657827 0.174183 -0.005274 
-0.209604 0.840454 0.609995 -0.801702 
-0.209604 0.840454 0.609995 -0.801702 
-0.366233 0.652428 0.374319 -0.922443 
-0.366233 0.652428 0.374319 -0.922443 
-0.366233 0.652428 0.374319 -0.922443 
0.634311 0.802809 0.561693 -0.787860 
-0.832081 0.810075 0.970577 -0.777423 
-0.832081 0.810075 0.970577 -0.777423 
-0.737488 0.544883 0.959183 -0.798543 
0.740347 0.565599 0.548275 -0.809272 
0.740347 0.565599 0.548275 -0.809272 
0.739789 0.567003 0.549449 -0.810125 
-0.031750 0.421913 0.944859 -0.755521 
-0.031750 0.421913 0.944859 -0.755521 
0.224367 0.452791 0.942701 -0.749068 
-0.115169 0.209189 0.879576 0.018726 
-0.115169 0.209189 0.879576 0.018726 
0.662653 0.051216 0.839602 0.126924 
0.726329 -0.168543 0.867271 0.126400 
0.726329 -0.168543 0.867271 0.126400 
0.007701 -0.009105 0.900721 0.018194 
0.007701 -0.009105 0.900721 0.018194 
0.007701 -0.009105 0.900721 0.018194 
0.007701 -0.009105 0.900721 0.018194 
0.007701 -0.009105 0.900721 0.018194 
0.007701 -0.009105 0.900721 0.018194 
0.007701 -0.009105 0.900721 0.018194 
0.007701 -0.009105 0.900721 0.018194 
0.007701 -0.009105 0.900721 0.018194 
0.007701 -0.009105 0.900721 0.018194 
0.007701 -0.009105 0.900721 0.018194 
0.007701 -0.009105 0.900721 0.018194 
0.007701 -0.009105 0.900721 0.018194 
-0.027452 0.005075 0.925302 -0.021499 
-0.027452 0.005075 0.925302 -0.021499 
-0.027452 0.005075 0.925302 -0.021499 
-0.027452 0.005075 0.925302 -0.021499 
-0.027452 0.005075 0.925302 -0.021499 
-0.027452 0.005075 0.925302 -0.021499 
0.049895 0.045293 0.980837 0.034039 
0.049895 0.045293 0.980837 0.034039 
0.049895 0.045293 0.980837 0.034039 
-0.074173 -0.026793 0.971401 0.001478 
-0.074173 -0.026793 0.971401 0.001478 
-0.074173 -0.026793 0.971401 0.001478 
-0.008279 0.001399 0.984134 -0.000467 
-0.008279 0.001399 0.984134 -0.000467 
-0.008226 0.001378 0.984127 -0.000407 
0.005584 -0.103955 0.849699 0.095691 
0.005584 -0.103955 0.849699 0.095691 
0.020396 -0.128452 0.843990 0.125083 
0.618791 -0.863519 0.270574 0.911634 
0.618791 -0.863519 0.270574 0.911634 
0.059621 -0.192597 0.827874 0.201858 
0.005095 -0.103143 0.849884 0.094717 
0.005095 -0.103143 0.849884 0.094717 
-0.544716 0.756262 0.787873 0.226158 
-0.681992 0.942589 0.613720 0.270945 
-0.681992 0.942589 0.613720 0.270945 
0.017035 0.601899 -0.212442 0.941847 
-0.609482 0.956114 0.634366 0.174515 
-0.609482 0.956114 0.634366 0.174515 
-0.609482 0.956114 0.634366 0.174515 
0.320918 0.972622 -0.230084 -0.019778 
0.320918 0.972622 -0.230084 -0.019778 
0.014651 0.989863 -0.124418 -0.181508 
0.080837 0.989343 0.231126 -0.100159 
0.080837 0.989343 0.231126 -0.100159 
0.079579 0.988856 0.235318 -0.109490 
0.079579 0.988856 0.235318 -0.109490 
0.079381 0.988864 0.235162 -0.109489 
0.079381 0.988864 0.235162 -0.109489 
0.116852 0.966340 0.080691 -0.131096 
-0.067754 0.963848 0.128516 -0.150445 
-0.067754 0.963848 0.128516 -0.150445 
-0.067754 0.963848 0.128516 -0.150445 
-0.067754 0.963848 0.128516 -0.150445 
-0.067754 0.963848 0.128516 -0.150445 
-0.067754 0.963848 0.128516 -0.150445 
-0.067754 0.963848 0.128516 -0.150445 
-0.067754 0.963848 0.128516 -0.150445 
-0.067754 0.963848 0.128516 -0.150445 
-0.067754 0.963848 0.128516 -0.150445 
0.116730 0.966354 0.080589 -0.131096 
-0.043387 0.992814 0.136734 -0.108995 
-0.043387 0.992814 0.136734 -0.108995 
0.011663 0.992060 0.003142 0.031473 
0.011663 0.992060 0.003142 0.031473 
-0.000110 0.992588 0.030422 0.007698 
-0.000110 0.992588 0.030422 0.007698 
-0.000110 0.992588 0.030422 0.007698 
0.011662 0.992060 0.003146 0.031470 
0.011663 0.992060 0.003142 0.031473 
0.011663 0.992060 0.003142 0.031473 
0.011663 0.992060 0.003142 0.031473 
0.011663 0.992060 0.003142 0.031473 
0.011663 0.992060 0.003142 0.031473 
-0.000110 0.992588 0.030422 0.007698 
-0.000110 0.992588 0.030422 0.007698 
-0.000110 0.992588 0.030422 0.007698 
-0.183143 0.992028 0.078735 -0.012042 
-0.183143 0.992028 0.078735 -0.012042 
-0.183143 0.992028 0.078735 -0.012042 
-0.171740 0.991461 0.051563 0.011742 
-0.183143 0.992028 0.078735 -0.012042 
-0.183143 0.992028 0.078735 -0.012042 
-0.630796 0.996427 0.532454 -0.795670 
0.242618 0.885768 -0.197639 0.088738 
0.242618 0.885768 -0.197639 0.088738 
-0.045445 0.929733 0.047762 0.083379 
0.283795 0.135829 -0.909243 0.857294 
0.283795 0.135829 -0.909243 0.857294 
-0.990191 -0.994870 -0.928746 -0.985089 
-0.991270 -0.983221 -0.708331 -0.999634 
-0.991270 -0.983221 -0.708331 -0.999634 
-0.883541 -0.677220 0.772093 -0.983507 
0.453093 0.788810 0.575060 -0.793434 
0.453093 0.788810 0.575060 -0.793434 
0.760899 0.530218 0.437524 -0.808103 
-0.031750 0.421913 0.944859 -0.755521 
-0.031750 0.421913 0.944859 -0.755521 
0.224653 0.452823 0.942657 -0.749086 
0.286244 0.277376 0.965161 -0.767280 
0.286244 0.277376 0.965161 -0.767280 
0.007701 -0.009105 0.900721 0.018194 
0.007701 -0.009105 0.900721 0.018194 
