-1.423077 -0.080000 0.961538 8231 8516 7118
-1.384615 -0.040000 0.961538 8385 8346 6566
-1.384615 -0.040000 0.961538 8385 8346 6566
-1.384615 0.040000 1.115385 8566 8304 6073
-1.423077 0.080000 1.153846 8350 8604 4358
-1.423077 0.080000 1.153846 8350 8604 4358
-1.346154 0.400000 1.346154 8368 8654 3719
-1.230769 0.480000 1.346154 8299 8696 1794
-1.115385 0.560000 1.307692 8295 8642 1259
-1.115385 0.560000 1.307692 8295 8642 1259
-0.846154 0.880000 1.000000 8310 8473 671
-0.769231 1.040000 0.923077 8803 7692 6171
-0.615385 1.240000 0.884615 9010 7339 6051
-0.615385 1.240000 0.884615 9010 7339 6051
0.307692 1.800000 0.807692 9129 7065 5991
0.692308 1.920000 0.884615 8838 7274 6153
1.038462 1.960000 1.000000 8456 7775 6340
1.038462 1.960000 1.000000 8456 7775 6340
1.384615 1.800000 1.038462 7799 8126 958
1.423077 1.720000 0.961538 7260 9034 4087
1.500000 1.680000 1.000000 7398 8895 4957
1.500000 1.680000 1.000000 7398 8895 4957
1.846154 1.560000 1.076923 7609 8577 5796
1.884615 1.480000 1.115385 7928 7351 8957
1.846154 1.440000 1.115385 8011 7588 10004
1.846154 1.440000 1.115385 8011 7588 10004
1.307692 1.400000 1.038462 7870 7645 11171
1.153846 1.360000 1.038462 7382 8095 13862
1.038462 1.400000 1.000000 7261 8188 14580
1.038462 1.400000 1.000000 7261 8188 14580
0.730769 1.520000 0.884615 7152 8210 15292
0.538462 1.560000 0.846154 7282 8001 10189
0.307692 1.600000 0.807692 7483 7919 10320
0.307692 1.600000 0.807692 7483 7919 10320
-0.384615 1.560000 1.000000 7702 7824 10419
-0.692308 1.440000 1.115385 8156 7278 10521
-0.692308 1.440000 1.115385 8156 7278 10521
-1.500000 1.000000 1.038462 8014 7113 10470
-1.692308 0.840000 0.923077 7830 7367 10088
-1.692308 0.840000 0.923077 7830 7367 10088
-2.269231 0.440000 0.961538 7991 7600 9929
-2.423077 0.360000 1.038462 8324 8331 13791
-2.423077 0.360000 1.038462 8324 8331 13791
-2.769231 0.120000 1.076923 8167 8622 12839
-2.846154 0.040000 1.076923 7905 8383 9756
-2.846154 0.040000 1.076923 7905 8383 9756
-2.615385 0.000000 0.923077 7890 7970 8595
-2.423077 0.080000 0.846154 7830 7381 4909
-2.230769 0.200000 0.769231 7840 7456 3831
-2.230769 0.200000 0.769231 7840 7456 3831
-1.846154 0.520000 0.769231 7913 7639 2798
-1.461538 0.760000 0.846154 8150 8061 1115
-1.423077 0.840000 0.884615 8463 8495 6332
-1.346154 0.960000 0.961538 8659 8453 6167
-1.346154 0.960000 0.961538 8659 8453 6167
-0.730769 1.560000 1.038462 8838 8284 6008
-0.076923 1.440000 1.192308 9057 7878 5734
-0.500000 2.040000 1.115385 8250 8747 5848
-0.500000 2.040000 1.115385 8250 8747 5848
