-1.115385 0.040000 1.153846 8357 8598 6317
-1.192308 0.080000 1.192308 8327 8537 5857
-1.230769 0.120000 1.230769 8264 8392 5332
-1.230769 0.120000 1.230769 8264 8392 5332
-1.384615 0.240000 1.269231 8227 8397 4853
-1.423077 0.280000 1.307692 8091 8344 3291
-1.423077 0.280000 1.307692 8091 8344 3291
-1.192308 0.600000 1.192308 8030 8311 2615
-1.076923 0.760000 1.115385 7959 8305 725
-0.923077 0.920000 1.000000 8029 8191 6435
-0.923077 0.920000 1.000000 8029 8191 6435
-0.423077 1.280000 0.923077 8163 8069 6337
-0.192308 1.400000 0.923077 8426 7618 6192
-0.192308 1.400000 0.923077 8426 7618 6192
0.500000 1.640000 1.000000 8371 7606 6212
0.769231 1.680000 1.038462 7950 7848 575
0.769231 1.680000 1.038462 7950 7848 575
1.230769 1.600000 1.038462 7657 7903 1343
1.269231 1.520000 0.961538 7116 8294 4047
1.307692 1.480000 0.884615 7153 8221 4844
1.307692 1.480000 0.884615 7153 8221 4844
1.538462 1.320000 0.884615 7285 8121 5643
1.576923 1.280000 0.884615 7552 8018 8134
1.576923 1.240000 0.884615 7519 8122 9106
1.576923 1.240000 0.884615 7519 8122 9106
1.307692 1.160000 0.884615 7483 8217 10100
1.192308 1.200000 0.923077 7635 8333 12588
1.076923 1.200000 0.961538 7708 8285 13307
1.076923 1.200000 0.961538 7708 8285 13307
0.807692 1.360000 1.038462 7726 8277 14037
0.653846 1.400000 1.038462 7550 8378 9890
0.653846 1.400000 1.038462 7550 8378 9890
0.153846 1.480000 1.038462 7487 8317 10032
-0.076923 1.520000 1.000000 7520 7816 10331
-0.346154 1.480000 1.038462 7626 7664 10383
-0.346154 1.480000 1.038462 7626 7664 10383
-1.038462 1.240000 1.115385 7713 7480 10403
-1.269231 1.080000 1.115385 7525 7306 10270
-1.269231 1.080000 1.115385 7525 7306 10270
-1.730769 0.760000 0.769231 7414 7420 10163
-1.884615 0.640000 0.730769 7581 8018 15585
-1.884615 0.640000 0.730769 7581 8018 15585
-2.346154 0.360000 0.807692 7751 8172 14970
-2.461539 0.240000 0.846154 8058 8471 12684
-2.730769 0.080000 0.807692 8033 8516 10775
-2.730769 0.080000 0.807692 8033 8516 10775
-2.615385 -0.080000 0.846154 8158 8300 9534
-2.423077 0.000000 0.846154 8266 8008 5777
-2.423077 0.000000 0.846154 8266 8008 5777
-1.730769 0.480000 0.769231 8224 8079 4643
-1.500000 0.600000 0.769231 8479 8259 2249
-1.500000 0.600000 0.769231 8479 8259 2249
-1.230769 0.760000 0.884615 8648 8486 1838
-1.153846 0.800000 0.923077 9103 8750 6460
-1.076923 0.920000 0.923077 9285 8743 6338
-1.076923 0.920000 0.923077 9285 8743 6338
-0.653846 0.760000 1.000000 9514 8618 6218
-1.346154 1.960000 1.115385 8939 9291 5957
0.076923 2.000000 0.846154 9428 7616 5764
0.076923 2.000000 0.846154 9428 7616 5764
1.038462 1.720000 1.730769 9222 9314 5984
