-1.153846 0.000000 1.000000 8523 8830 7267
-1.307692 -0.040000 1.038462 8567 8775 6799
-1.307692 -0.040000 1.038462 8567 8775 6799
-1.538462 0.040000 1.192308 8593 8734 6182
-1.500000 0.160000 1.230769 8465 8425 3939
-1.461538 0.240000 1.230769 8418 8297 3260
-1.461538 0.240000 1.230769 8418 8297 3260
-1.192308 0.640000 1.230769 8358 8140 2633
-1.038462 0.720000 1.153846 8239 7923 1092
-0.961538 0.800000 1.115385 8223 7900 721
-0.961538 0.800000 1.115385 8223 7900 721
-0.769231 1.040000 1.000000 8203 7863 6464
-0.615385 1.160000 0.923077 7960 8115 6211
-0.423077 1.280000 0.923077 7852 8283 6170
-0.423077 1.280000 0.923077 7852 8283 6170
0.269231 1.640000 0.846154 7709 8509 6171
0.500000 1.640000 0.846154 7420 9101 6438
0.576923 1.640000 0.846154 7443 9290 894
0.576923 1.640000 0.846154 7443 9290 894
0.961538 1.640000 0.923077 7560 9232 1540
1.115385 1.640000 0.961538 8344 8131 3673
1.115385 1.640000 0.961538 8344 8131 3673
1.653846 1.640000 1.115385 8647 7603 4537
1.692308 1.560000 1.153846 8720 7202 7877
1.692308 1.560000 1.153846 8720 7202 7877
1.500000 1.480000 1.153846 8470 7383 9080
1.346154 1.480000 1.115385 7685 7898 12185
1.346154 1.480000 1.115385 7685 7898 12185
1.076923 1.600000 1.076923 7515 8023 13070
0.961538 1.640000 1.115385 7200 8341 15624
0.807692 1.720000 1.076923 7083 8397 9977
0.807692 1.720000 1.076923 7083 8397 9977
0.192308 1.720000 1.000000 6994 8411 10138
0.076923 1.760000 1.000000 7293 7596 10418
-0.076923 1.760000 1.000000 7392 7292 10478
-0.076923 1.760000 1.000000 7392 7292 10478
-0.730769 1.720000 1.038462 7534 7106 10536
-1.000000 1.600000 1.115385 7832 6883 10561
-1.230769 1.440000 1.115385 7753 7003 10499
-1.230769 1.440000 1.115385 7753 7003 10499
-1.846154 0.960000 0.769231 7550 7292 10406
-1.961538 0.840000 0.692308 7543 8188 9955
-1.961538 0.840000 0.692308 7543 8188 9955
-2.269231 0.480000 0.769231 7869 8175 15588
-2.384615 0.400000 0.846154 8336 8595 13170
-2.576923 0.240000 0.884615 8256 8898 12346
-2.576923 0.240000 0.884615 8256 8898 12346
-2.615385 0.080000 0.846154 8014 9374 11252
-2.500000 0.080000 0.653846 7922 8814 7877
-2.384615 0.080000 0.769231 8261 8428 6825
-2.384615 0.080000 0.769231 8261 8428 6825
-1.961538 0.320000 0.692308 8424 8235 5771
-1.730769 0.480000 0.615385 8457 8554 3299
-1.576923 0.640000 0.653846 8479 8652 2673
-1.576923 0.640000 0.653846 8479 8652 2673
-1.461538 0.800000 0.807692 8662 8793 2217
-1.500000 0.840000 0.846154 9156 8963 685
-1.461538 0.880000 0.884615 9423 8743 6378
-1.461538 0.880000 0.884615 9423 8743 6378
-1.000000 1.480000 1.076923 9736 8380 6202
-0.615385 1.640000 1.230769 9938 7459 5865
-0.076923 1.440000 1.692308 9636 7400 5895
-0.076923 1.440000 1.692308 9636 7400 5895
